000000000001000111000100101001000010110111001111
000000000001000000110000101000100010101010000111
000000000001011000011100111111111011110000110111
000000000001000111000000100110100010110100100111
000000000001011101100000101100101011100111101111
000000000001011110101100101010101011101000000111
000000000001011101111100101000000011100011111111
000000000000100100101000100111011001110000101111
000000000001000011110000101000001010101111101111
000000000001100011001100101011110011110010001111
000000000000111010000100101000000010011100001111
000000000001000100100000101010100010110011100111
000000000001100001000100101001111011101100000111
000000000001001101010000101001110011000100010111
000000000001100110011100101010001011110111000111
000000000000111100010000101010111010100011011111
000000000001101010110000101001100011111111000111
000000000001010101111000101010110011010110100111
000000000000110011111100101000001010010000000111
000000000001000010010000100111110010101100010111
000000000001000011000100100111110010101101111111
000000000000111111100000101010101010101001101111
000000000001100111000100101010000011111000001111
000000000001011010000000101001001011011101001111
000000000001010101100100101001010011010100011111
000000000001010011111100101001011011010001010111
000000000001011100011100101000010011100001001111
000000000001011100101000101010110011100100000111
000000000001001101010100101010010011000100111111
000000000001000101101100101000101010110100000111
000000000001100010011000101001111011101110101111
000000000000111100110100101010011010100100000111
000000000001100001100100100100111011101000000111
000000000001000110011100100110001010110011000111
000000000000111111110100101000101010101000010111
000000000001000010101000101011110010110001000111
000000000000111101111100101001101010100101100111
000000000000001101110100101010000001000101101111
000000000001010001111100101001101011001101100111
000000000001011011011000101000010011011111000111
000000000001100001010100101000101011101011010111
000000000001011110000100101001100011100101101111
000000000001010000000000101001011011001001011111
000000000000111000101000101001101010011010111111
000000000001010010001000101000000011001100010111
000000000001100000011000101011100011101100010111
000000000001010110010100101001001011010101110111
000000000001010111010000100100010011010010110111
000000000001100111111100101010101011111010100111
000000000001000000110100101011010010101100111111
000000000001000000011100100111110010101000101111
000000000001001010101000101001000010111110010111
000000000001100001010000101101001011101111101111
000000000000011100111100101001000001100010111111
000000000001010100001100100001101011001010000111
000000000001001010100100101001011010111110100111
000000000001100001111000100111011011101011001111
000000000001101011110100101000001011111111110111
000000000000101001111000101011010001111111000111
000000000001101101010100100100010011111110111111
000000000000111100110000101001111010100011011111
000000000001101011100000100100011011111011011111
000000000001010101101000101001010011010100100111
000000000001001100111100101001100011000011011111
000000000000101000110100101001011001111011000111
000000000001011001110000101001001011011100101111
000000000001011110101100101000111011100110010111
000000000001010000111000101000111011001010101111
000000000001010000011000101100101011001101011111
000000000001010110010100101000110011010101011111
000000000001011100010000101001001011100001101111
000000000001100000100000100111100011101000100111
000000000001100010011000101011100011110000010111
000000000001011000111000101010010011011100000111
000000000000110001110000101000101010001100001111
000000000001010101000100101001110011010011111111
000000000001100110101000101001000011110110010111
000000000001011011110000101100101011100100001111
000000000001011101000100101011000011100101001111
000000000001010011110100101001000011010000101111
000000000001100100110100100111000011110000101111
000000000001101010011000100111010011111100000111
000000000001010000101100101010100011001011111111
000000000001000011010000101010111010110001011111
000000000000010110110000101101110001011011010111
000000000001001000110100101000011010111010000111
000000000001001111101000101011100011001010110111
000000000000110011101000100111000010001110010111
000000000001011010011000101001011011011110001111
000000000001011010001100101010001011011110100111
000000000001100001100000101001010011101100010111
000000000001010010110100101010111011010000100111
000000000001010100100100101000110011010001111111
000000000001000001000100101100001010101110010111
000000000001000101001100100011110010101110001111
000000000001001000000100101010011010111010100111
000000000001100010010100100011111011101000100111
000000000001100101111000101001010011110101000111
000000000001100011110100101100000011110011101111
000000000001000000011100101000000010101000111111
