000000000001001110101100101000010011000101101111
000000000000011000101000101000100001011001110110
000000000001011011010000101000011011011110111111
000000000001001011111100101001111011000001110111
000000000000111100000000100111010010011111010111
000000000001001001101000101000100010111011110110
000000000001100101110100101010000011110101101111
000000000001100011101100101000110011110000001111
000000000001101001100100101001000011111100001111
000000000000101101111100101001110010000101101111
000000000001011011111000101000011011100000001111
000000000000001001010100101000010000111010111110
000000000001000000000100101001010010101001011111
000000000001001101111000101010011011000110001111
000000000000101101101000100111011010000010101111
000000000001101011111000101001000100000000110001
000000000000100011011000100110110001101101100111
000000000000111000111100101001111010011011110111
000000000001011011000000101010100011100000100110
000000000001000001111100101000100010101100011111
000000000001010111101000100101000011010100010111
000000000001100010001000101001010011101101100111
000000000001100010001100101000001011101100100111
000000000000001001101000101010110000111110000110
000000000000100110000000100001010001101101010111
000000000000011111100000101001100001101000100110
000000000001011110001000100110110011100011000111
000000000001010100011000101010101011010011011111
000000000001100110101000101001011011110110101111
000000000001100010101000111100100100000001110001
000000000000111000111100101001010010011011001111
000000000001001111011100101001100011001000011111
000000000001011000011000101111000011011111110111
000000000001000001110000100011000010100110100111
000000000000111010010000101001010010011101110111
000000000001000010101000100110101010101011111111
000000000001100100001000101000101011110000111111
000000000000101110001100101010010010000110101111
000000000001011001111000101001010011011101000111
000000000000110110011000101001100010010110010111
000000000001011100110100100111010011100000111111
000000000001010110111100101100011011011010010111
000000000001001001111000101011000010111110110111
000000000000110110010000100111011010010011111111
000000000001100111011100101010000011111000111111
000000000001100101100100101101110011111000111111
000000000001001010001100100100100010111000111111
000000000001100011000100101001101011101111110111
000000000001010110011100100011010011010000001111
000000000001001111011000101010000011001000110111
000000000000111011100000101000100010011111100111
000000000001010000111000101001011011001011001111
000000000001101011101100101001101100000001000001
000000000001100010000100100111011011101011100111
000000000000110011010000101000111010001111011111
000000000000111111010100101010001010101000110111
000000000001011101001000101000110011100011000111
000000000001011110001000100110001011100010011111
000000000000111110110000101011001010101000101111
000000000001100101110100101000001011110011110111
000000000001000100010100101011011010110100000111
000000000001101000011000101001010011111010000111
000000000001110010001100101000001100001100100000
000000000001011111010100101000101011100111010110
000000000001011010010100101110000011100010101111
000000000001010001111000101010001011001101111111
000000000001001101110100101001001011000100110111
000000000001000110011100101001000010110101111111
000000000001000110100100101000000010110101001111
000000000001001111010100101000100011000111001111
000000000001100010101000101001110011101111000111
000000000001001000010000100011000010110011100111
000000000001010011110100101010111011010010100111
000000000000101000110000011111111001110001011111
000000000001011101010100101100010011100110111110
000000000000011100000000101001010001100001010111
000000000001010101101100101000111011010100010111
000000000001011111001000101010010011101000100111
000000000000101000100001000110010010010111010111
000000000001001100111100101010110011000100101111
000000000001011111100000101000011011100111011111
000000000001001110010100100100111011000001100110
000000000001011110101100110000100011101101111111
000000000001010010000000101000110011001100110111
000000000000110101011000101101001010010111111111
000000000001000001000100101001010010101011011111
000000000001011011101100101000010011011111101111
000000000001011010010000101001001011011101101111
000000000000100010111100101001101001101111100111
000000000001000010101100101001010010101110101111
000000000000110110010000101010010010010110110111
000000000001011100101000101000101011100001111111
000000000000110110001100110000001010011100100111
000000000001000110101000100111001010110100011111
000000000000111110101100101001010010100110101111
000000000001111010101100101010000100011111011000
000000000001011100110100101001011011100011000111
000000000001011011111000101011110011100011100111
000000000001000100110000110100101010111110001111
000000000001100100100000100111011011110000011111
