000000000001101100110100101001000100000010101000
000000000000101000111000100110111001111000101110
000000000000000101100000101001000000110100000110
000000000000100010101100101000111001101110010110
000000000000000001001000011101110000100000000110
000000000001100010110000101001101011101111001110
000000000001101001001000101001011011111011101110
000000000000110001111100101000011010001100010110
000000000001000111110000101000111010111000011111
000000000000000010001000101010010000101110100110
000000000001010011110100101010000011010001101110
000000000001110100111000101110100100011000010000
000000000001110101101000101001000100010100010000
000000000001010101101100101000110011010100001110
000000000000000011101100101101000000110100011110
000000000000110000010100101001011010001010000110
000000000001011001110100101010001011011101110111
000000000000011011110100100111010001011110111110
000000000000011011111100101001000001100000111110
000000000001111000101100101010100100011011111000
000000000001101001001000101011110011111110000111
000000000000101001000101001111010010100001011110
000000000001011110110000100110001011100011101111
000000000000011110111100101001011001100111010110
000000000000000101001100101001100000110011111110
000000000001100010010000100110011011101010111110
000000000001010000010100101001100011001010001111
000000000001010111111100101000100011011000011110
000000000001001011001100110010100011001000111110
000000000001101111001100101010001100001000100000
000000000001011010010000101001011011011101111111
000000000001000110111000101010110010111000100111
000000000001001111101000100111000011000110010110
000000000001110101111000100111110100010011100000
000000000000001001101100101101000001000000011110
000000000000110110011100101011011010011000010110
000000000000000110111000100111010000110101000110
000000000001000100001000101001001010110001011111
000000000001010110111100101001111011010111110111
000000000001100001010100101001010011101011111111
000000000001101001011000100111100011111010010111
000000000000001110110100101000110001000110011111
000000000001101100001100101001100100000001111000
000000000001111100000100101101001100100101010000
000000000000011101011100101011010001100110001110
000000000001101001111000101100111100000000101000
000000000000001001101000101010001000111101011110
000000000000101010111100101011000010000000111110
000000000001011011011000100110110011011101100111
000000000001111011100000101001100100100000100000
000000000001110100101000101001011100010010101000
000000000001110101010100101011110100010110011000
000000000001111011011100101101111100100100110000
000000000001001010111100101010001011000000000111
000000000001100110101000101010000011110111010111
000000000001100001000100101011000011101101001110
000000000001010111101100101010011011011001110111
000000000001101011000000100111111011111101111111
000000000001111001000100101000101100011010110001
000000000001000111001000101001011010110111101110
000000000001000100000100101001100010110001101111
000000000000001100101100101001101001000011000110
000000000000101110010000101000011010000100111110
000000000000101001111000101001010001111101000110
000000000000100110010000101000010001110100110110
000000000001011001100000101000011011011011011110
000000000001110001000000101001010100001011010000
000000000000010100110000101010001001010011101110
000000000001000101111100101000110010110100101110
000000000001000011101000101001011010110000101110
000000000001101101010100100111011100000010000000
000000000000000111001100101010111000111001010111
000000000001100010110100101001111011101111100111
000000000000101001011100101011110001111110101110
000000000001000001110100101011000010101110101110
000000000001011111100100101001000011101000001111
000000000000110000011000101001110010001010100110
000000000001111101011100101000011100100011010000
000000000001001100111100010000010010101010001110
000000000000000100010000101000110000110001010110
000000000000100010011100101001111001101110110110
000000000001101001011100100111111011111010110111
000000000000011010100000101110001001100011001110
000000000001100100011100101010010011110011001111
000000000001000101111100010010000010011101111111
000000000000110000010000101000100010001001000110
000000000000100110101000101010001001110111011110
000000000001100001101000101000111011101100001110
000000000001001111110100101111111011001111100110
000000000000011000101100011111110001010001001110
000000000000111010101100101011111010100001010111
000000000001100010000000101001011011101101011110
000000000001010001100100101000100011001011101110
000010000001110101011111100011001111001110000000
000000000001000110110100101001111010110111100110
000000000000011011000000101001010001011111010110
000000000001000010111000101101000010110010110110
000000000000010100110100101000111001010010100110
000000000000111101110100101011011010100111000110
000000000000010100111100100111001001010001000110
