000000000000010110110000101110110001011100010110
000000000000011100111100101010001001100100000110
000000000001011011010100101000110011011111011110
000000000001001010011100101000010010111101001110
000000000001001011011000100111110010111110100110
000000000001111000110100101010100100011100001000
000000000001101101000000101000110100000010110000
000000000001000100101000101010011010110011101110
000000000000001001111100101001100000111101011110
000000000001101111000100101010000100001000001000
000000000001000100101000101000100010110001110110
000000000001001001100100101010000010111101001110
000000000001010100110000100110011011001111111110
000000000001010101110000100101100011010001000110
000000000001100111101100101010000011111001011111
000000000000101111101000101001010010001000100110
000000000000011010101100101000010001011101101110
000000000000111101111100101000001010100100000110
000000000000101110101100101011010010001000101110
000000000000111001100100101001010010011100011110
000000000001000101100100101001100010110100101110
000000000000000110011000101000110000110101100110
000000000000000011110100101000100000110000001110
000000000001000101000000101000100010110010100110
000000000000110001101100101001100010001100111110
000000000001011111010000101010000011101000100111
000000000000010010100000100111110001001100110110
000000000001100000001000101000100011101000110111
000000000001110011101100101000011100001111110000
000000000000000011101100101010000000110001011110
000000000001011010011100100110010011011011001110
000000000001001000010000101001010010111001110110
000000000001000011100100101000000010101111001110
000000000001101101110100101001010100000100111000
000000000001000110000100101000000010110100001110
000000000001111001101000101000101100011011111000
000000000000010111111100101000011001011000010110
000000000000100101011000101001010001110100000110
000000000000110001000000101010000010001100000110
000000000001101111000000101001100100000111100000
000000000000101101101000101000110010000100000110
000000000000110000100000101100000010001101000110
000000000000101111011000101000110010000111100110
000000000000110100011100101101110010010110101111
000000000001011000010000100111000011010111100110
000000000000111100011100101001010010100010001110
000000000001111111010100101011100100101010001000
000000000001101010011100101011001100000000000000
000000000000010101110000101001100001010101000110
000000000001110100010100100100100100001101001000
000000000000011011011000101001011001100000001111
000000000001011010011100101010110011011111101111
000000000000000001000000101001000000101011000110
000000000000100001011000101001101001101100011110
000000000000000111010000101010100000111001000110
000000000000100111111101101000100010111000011111
000000000001011100110000101001110011100011010111
000000000001011010100000101011010011100000010110
000000000001001110101000101010001011000111011111
000000000001101101100100101110010100001001011000
000000000000000001110000101000000000101011100110
000000000001101001000100100111110011111001111110
000000000001001000101000101000010010111001100111
000000000001101101001000101001111100000100001000
000000000000000110010000100111110000110100010110
000000000000101111010100100111100010000110001111
000000000001101110011100101111100100001100011000
000000000000110100000100101001010010010001011110
000000000001010100110000101001000011010010100110
000000000000111101111100100010100010011110011110
000000000001101111011000101001111100001000101000
000000000000000011011000100110010000101101000110
000000000001001111000000101000100011000110100111
000000000001000011101100101000011010101111110111
000000000001011011011100101011010011100010001111
000000000001110001101100101001000100001100011000
000000000000101010001100100111011001111011110111
000000000001100101010100101010010011110100111110
000000000001011100110000100010110011011100010110
000000000001000110000000101001010010110101010111
000000000000111101111110111101010100111001001000
000000000001010011111000100011000011001010110110
000000000001111101100100101001010100100100011000
000000000000100001110000101010100001101110000110
000000000001000101010000101010100010110101000111
000000000001010000001100101000010011001000101110
000000000001001010111100101001100010111111011111
000000000001000010100100101010110010101111111110
000000000001111111000000101010000100101000000000
000000000001101011011100011110100011110101011110
000000000001011111111000101000100011101000010110
000000000000001111100100100100101001000011110110
000000000001111110100100101001100100100110101000
000000000001100000100000010110000011010111000110
000000000000010101011100101010010001010101001110
000000000001001111100100101001100011001000101110
000000000001001101001010010110000100110000010000
000000000001110001100100101100110100001111111001
000000000001000011011000101001011010110000001110
000000000000100011100000101001100001110000100111
