000000000001010100101100101001100011010010111111
000000000000101111101100011101100001111100111111
000000000000111001000000101000100010011010100110
000000000000110001100000100111011010001010011111
000000000001111111000100101010000100101000001000
000000000001101001100100101100011011111111100110
000000000001111101010000101000001100100010101000
000000000001110110000000101001101100010101101000
000000000001111001101100100110100100011001111000
000000000001110010001100100110110100001011001000
000000000001010110001000101010000011010110010110
000000000000001111101100101100000001001011011110
000000000001010000000100101001011011001001100110
000000000001011100011100100010100011011011011110
000000000001010001011000100001101011000100011111
000000000001001111100000101011110011001010110110
000000000001100100010100101000110011110001011111
000000000000011100010000101001010001100001110110
000000000001100001011000101001100011101100010111
000000000000011110111000101001100001100111010110
000000000001111100101000101111111100101001001000
000000000000111001001100101010111010011101010110
000000000000001001010100101001101000111100010110
000000000001111100110000101011110100100101010000
000000000000100011001000101010010001110000100110
000000000001011110010000101001010011100101110111
000000000001100011010100101000110011101111011111
000000000000001001100100011101010000110000011110
000000000001010101011000101000110011010011100111
000000000000001110000000111100001001011000001110
000000000001100011001000101000010011101110100111
000000000000111100010000101101010010100101110111
000000000001001000110000101000010010111001110110
000000000001111100011100101010101100100011100000
000000000000111000010000101001100010011010000110
000000000001101011011000100111100011111110010110
000000000001011110001000100110011011100010101111
000000000000010011101000101010000001010001010110
000000000000000000111000101000110000101010100110
000000000000110110110000101001100010010111000110
000000000000111100010000101001100010100010000111
000000000001111111000100100101011100100011100000
000000000001001111011000101100110011001011100110
000000000001111101001000101001001100100011011000
000000000001001001101000101001100010111100110110
000000000000111101101100101000011010100011110111
000000000001001001010000101001001010111011101110
000000000001001111011100100000111010111111110110
000000000001101111001100101110100100001100111001
000000000001011011010000100110110011011101010110
000000000000000100010000101010010000110010110110
000000000000101000001100101001111001111010010111
000000000001101110010100101010111100000111100001
000000000001011111100000101010100011101001100110
000000000000101011000100100111011001111101100111
000000000001101010001100100111001011111011100111
000000000001111001010100101001010100011011111000
000000000000111111100100101001001010101000010111
000000000001011110000100101010110011100110111111
000000000000011111001000101000000001100110010110
000000000001010011011100101001111011010000110111
000000000000101011010100101001100010000000001111
000000000001110101000100100111010100010001011000
000000000000111101001100101010011010100100110110
000000000000011111100000101001000001101000000110
000000000001011111001000101010010011101000100110
000000000000110011111100101001000010010000111111
000000000001100100001000101011111011110100001110
000000000001010101111100101001111011010101110110
000000000001001001110000100000111010110100011110
000000000000110110000100101001100010010101101111
000000000001100110110000101001011011110110111110
000000000001110000011000101001101100001010011000
000000000001011100011100100111101011100000100111
000000000001100110101000101001010011110110100111
000000000000010010111000101001000001001110110110
000000000001010010110100101010001011001111110111
000000000001011000000000101001101011011001101110
000000000001011110010100101010011011100111000110
000000000000001011011100101001001001000000000110
000000000000110111010100100110000010010100101110
000000000000101010011100101001101001111110100111
000000000001100010111100101010001011110000000111
000000000000111110000000101001101010100101101111
000000000000101011101000101001001010000000011110
000000000000000010010100101111111000110100100110
000000000001101100100100101011000100000100001000
000000000000000101001000101011100000110101110110
000000000000110111110100101001001010011000110111
000000000000001101100100101001110001000100111110
000000000001000000011100101001010010101010001111
000000000000001101110100101010010001000101111110
000000000000111000000100101001110010011001111111
000000000001011100010000101010001011100010101110
000000000001000101001100101010001010110100100110
000000000001111010110000101001111100011111011000
000000000001111111110100101001111100101001100000
000000000001001110011000101010100011000111010111
000000000001011110010000101001000011100101100111
000000000000001111101100100111111001000111010111
