0001011110100111010011111111
0011101010011110001011101001
1110100001011001001110001011
1001110001011010011100011101
1110100110001010001010011101
1111111010011100101100010110
1011000110001000000000010110
0000000000101110100111010011
1011000100010101110101101001
0111010011101000000000101100
1011000001110111000101111111
1101001001011001100010111010
0110001011101000111011110100
1101001000101110011101010011
0111010001110110110000001011
1110100011101000000001100010
1000101110100100111011111111
1110100010110010011101110100
0111010010011110001011011000
1010011101001111111110100111
0011101000000000101101011000
1000101011000111101000010110
0111010010110001011000111010
0110001011101010110000101100
0010110101001101001111010011
1111111100111001001111010011
1001110011000100101101011000
0011101111111110001010000000
1000101001011010100111100010
1110100101001100101101000101
1001110010011110110001110100
0111010010011111111110010110
0000000110100110001011001110
0100111001110110011100110001
0000000110001011111111110100
0100111011000101100010110001
0100111111010000010111101001
1100010101001101011000010110
1000101100010100000000111010
0011101011101001011001100010
0011101101100001110101111111
0111010011000110110000101100
1100010001011001001111101001
0110001101100001110101111111
1101001110100100000000101100
1001110001011001011001010011
0110001100010100101101110100
0010110110100111000100101100
0010110010110011111110010110
0100111101001100111010000000
1011000110100111101001111111
1011000111010001100011011000
0001011100111010100111010011
0100111000101110011100100111
1101001101100001100011110100
0000000111010001011000101100
0011101010110011000101110100
0110001011000110100111100010
0001011000000001001110111010
1110100011101011000100111010
0101100010011111010010110001
0101100011000101001111010011
1110100111111101110100111010
1001110111010011000101011000
1000101111010011101000010110
0100111000000010001011111111
1110100011000111010011011000
0000000000000001001110000000
0111010001110101011001110100
1100010111010001110100111010
1100010111010001100011111111
0110001101001101100010101100
1001110110001011000101101001
1101001100010101001111100010
1000101001110100111010110001
0100111100111000010111011000
1100010000000010001011011000
1110100101100010011100110001
0001011010110000000000101100
0000000001011010011100100111
1110100010110011010011001110
1011000010011100000000101100
0001011011000110001011100010
0010110110001000111010101100
1011000111111110001011111111
1111111111111101011000010110
0011101011000101100011000101
1101001111111100101100000000
1001110101001101100011001110
0010110111010011000101011000
0101100000000001011000111010
1100010010110010001010001011
1000101100111000010110001011
0100111010110011111111101001
1110100011000100111010010110
1100010100010100111011100010
0001011111010000000000111010
0011101000000011000100110001
1100010100010110100110001011
1110100101001100000001001110
