11101000100111111010001110101001110
10100110111010011101011010010101100
11101001101001111010001110101110100
01011000001011000101111000100110001
10011100111010000000011010010011101
00000001111111110001001001111101001
01110101101001110100110011101101001
00010111000101001011011101001010011
11101000000000100111010011101101001
10011100011101011101011101000111010
10110000001011101100011000101100010
11101001101001001110110110000101100
10100111010011010110011000101111111
11010011001110111010010100110000000
11101001101001001110100000000000000
11111111111111111010011010011100010
10110000110001001011001100011111111
10100111110100100010101011000101100
01011001011000011000111000100001011
00010111100010111111110011101001110
10110001101001111010000000001101001
01001111001110111010000000000011101
11010010110001001011000111011101001
00101101000101111111101100011100010
11101001111111010110011111110101100
10001010110001000000000010111011000
01100010110001011000100010111111111
10100110100111010011101001110100111
00010110110001011000101100011111111
00111011001110000000011010011001110
00000000100111111010011101001001110
10100110011101001110101110100100111
11101000000000010110011000100001011
11000100111010011101010100111101001
10110001111111100010100010110110001
11010011001110110100111000101100010
11000101010011010011100111010111010
11000100001011101100001100010101100
11111111111111001011010110001010011
10100110111010001110110011100011101
11111110010110010011101001111100010
00101101111111010110001100011100010
11101001010011100010101100011111111
10100111101001011101001001110100111
01100010101100010110001011000110001
00010110110001110001000010111000101
01110100011101110100101110100000000
00101100110001011000110110001100010
11101001001110011101010011100000000
01110101000101011000110110001100010
10011100001011000101100111011111111
00010111011000100010101011001000101
01011001000101100010110001011101001
10011100011101010011101110100100111
11111111111111001011001100010001011
01100010001011011000101011000101100
00111010111010101001100000000100111
11000100001011100010110110001111111
10100111101001101001100111010100111
11000101100010100111010011101000101
11010010000000110100111010011110100
11111111111111000101110011100011101
00101100111010100111011010011010011
11000101011000101100001100010101100
10011100111010100111001001110011101
01001111011000001011010100111101001
00111011010011001110100111010010110
00111010111010011101000111010111010
00010110010110110001001011000110001
11111111011000011000101100011100010
00010110000000110100101110100100111
10001010101100111010000000000000000
01001110000000101001100111011001110
10110000001011000000000111011101001
00101101000101011000111111111111111
10011101110100011101000000000000000
10110001111111010110010110000000000
11000101000101010110000010110110001
11101001010011100111001001110000000
10011101100010100010101011001011000
10100110000000001110100111011010011
11010010111010000000000000000111010
11111111000101110001011000101010011
01110101110100100111000111011110100
00111011010011010110000010110001011
00101101000101011000100010111111111
10110001100010101100010001010010110
00101101011000001011010100111001110
01001111101001010011110100111001110
01001110011101000000010100110011101
00101100000000110100110011100100111
11101001101001000000011010011010011
00000001101001010011110011100000000
10011100111010110100101001110011101
11010011101001000000011010011001110
00111010100111111010001001110011101
00000000010110010011100111010111010
10011100011101000000011010011010011
10011101011000111010000000001010011
00111011010011111111100010111011000
