0000110010011011100011110110110100001101100110001111110101000110001111100100001000111
0001100101010101101000011100111010001110010100001111111110001000100010000010101011101
1110011111110110001011010110010001100111101001001101100011110001110000101011000000100
1101000111111011111101101110100000111011110011011111100101100010101110011111101000010
0101110101000111010110110001010101011010011100001101010011010001100111001010010010011
0011011000001101100101101101111111011100100111000100011111110010000000001101101010011
1110001011110000000110000110111100011010001111000100101001001100111000101011011011000
1000111001011011001100010110101110100001010010000101110111000000101100110011011001011
1101111011011011100110111010100011110000101000100001101101011101111110101011010010110
1101110100001110011011010100000011100010100000000101111010011101011111001110011111011
1100000100110011100111001010000111011110111110110010101101010100110110000111110001101
1100010000110101111000100010110111000111111110100000111111110110110100001001111100111
0000100011000001111011100001111000100100011101110100000011110001111111101100111000100
0001101111011100010101010011110010110110000110011000010100010111001101000001011110101
1110111101011001111111010100101111101100001001011100010100010111001100110000110111100
0001110001010011101000001011110101000011100001001001000100010001000100100110101010111
0100001010101111011010000110010011110111101011010110001001100011101100001011011110100
0010110111010001100001010001001100011110101011000010111000011111000110010110001111001
0111110001100011011011110110110111101111111101100100010110010001101100110100100001000
1110100011010110000000000011011100100110010111001011000010100100001010001111011010010
1101000011001001100010101110011100000001101101001110100111100000110110110110010001001
0101101110010100101101011010010101001100110000101110001011000011011111010011000111000
0011000011011110011111011101001011000110101000000000110011110111111001010101100001101
0000010100000110011011101011000000110111000101001000101111011111100100010101110011100
0101101011001000101111110111010101110000000000000111010100011110000100010101110011100
0110011111010001011011000000010000111011100000010110100010001111100111111100010001000
1001111011111101001001111000001101110111000101001001110101101101101111100100001000111
0101101011001000110000011100111001001100100011100111111000111101101111100001001001011
0100000100010100100110110011000111100010001000100010010101001011110011111010100101111
0001101110110010000010000110010000001100100011100110100111000110100110100001011011010
0101000010000000100011110101101000110010001010111001100011011010010010110010011100001
1000100010001000111100010100111100001110101111100001100000101011101110100011111001001
1011011000101010111010011011100100000111010000111110111001100101101000111010111110000
0001010011111100000110000110111100111100001101111111000101101011101000100010100111111
0101101011001000101000011111100110101110000101011010101010011011010100001011000101000
1101111011011011110101000100111101011001010011011011100001110111010001000001000101001
0011101111001010010010111000011101000001010110100001101100000001000000110010010101111
0010011011000101110100111101111101000100011001010000110011111010001010101100101010101
0111010010100010101111111110110001100101011000011101001010010110101011010100111111011
0100011010011011011110010001110000011000010110110010001001000101111100101011011011000
0000100110011101101000000010010001100101001011010100000011010111101111001100111101000
1111000011011111110100111101111101010001010100111011001011100001110100111011101001000
0000010000110100010110000100101110010100100110011100110000101101100111010110000110100
0011010010000100011010000101001111110110111101110110010011110011001110100010110101101
1100110011110100001111000010101110001100100101011110000010001011010000111011110010100
1010100011110000101010000100000001111001010001000110000111001111100001100000010111101
0100011111000111010000100000100110110011100001001111001000011101111001110101111111101
1011110101010000110001010011011110000101110100011111111011001100010010101010011110010
0011101110100100011100011110000100100011011110000011100100010101110001110011010000110
1011001101000010110000111110001101101110101011000101000110111100000101111000001110010
1101010110100001110110010000111101111110010010110000101000111011100100101100111000111
0101000110110010111011111100001111101101100010101010001010110100000000010110000110111
1101010110100001110110111000110001101111111011011100101110101000111010100111110100001
1111001101100100011110000110111111001100110110010111111101111001011100101010001100000
0010001111000011100100000000101100011011001010101100010100011010111100101011000000100
1110000100100101100010010001011111100001010100111100101011100001111000011111111010000
0111100001010111000010110011101011001110000001111110110111101111110101010000111011101
0011010010000100001010100110110101010011100101101011001011100001110111110110011000100
1000111101101001011000001010111011100100001110111100101100101110011001110001110010101
1010111100010001001110100101000101000001000011010000101110000011011011100101000100011
1111101010010111111101001100010100000011100111110001111000111101101100101111010110000
0110010000000100101101101100110010011010001001111101000111001011011010011010101001110
0110001011010111001100010110101110001110000001111110100110110001111010001111011010010
1111100000011110000111001001011011011111101000010011110100111100100010010011001110101
1110011110011000001100101001101101101010110100101101111100001110000000000001001100100
1100111001111101110110101100100010111010100011000111001011101100000100001101101010011
0000101100010100000101001111001011100111101001001100100101101011100100001100111101011
0101100100011101001100100011010101001011001000110111011100100001010100001110011111000
1100111101001111101000011100111010001001111111011111101000011001001111010000110010011
1100110011110100011111000000111100110011001111010000011111011001100010100101001101110
1011110000001100111010100111111011101110101011000101111110100011000001000000010010001
1001011100001110101100100000001001011101011111111011011100101100100110111000010101101
1111011100111110001000101010011101001011001000110111000110011010010110101001110000101
0001111111101000000011010111011100110011110010000111011101011011111001111000010101110
0101101010100110100111111111111100000001000101101000111001101000011010010001101100110
1100111001111101110001100110100101101100100111000010011110000101011101111000010101110
1000101100110011000101010010111100111110010100001000110001110001011001110000100101101
1110010101111111100011101011000011001010100101111001101001100011100010110010011100001
0111110101010001001111100000011010100000010111101101011000010010111000010111001010011
0101100101110011001111101010100010101111101000010101001111110100001011110111010100000
0010100111100101110101001101011001110000101000100001111100100101100011100001001001011
1101101110110011110011001000111001110001010000011110010010100010000000111000011100011
0110111001001100111111000000111100111100110110010001100100011000000000011000000010011
1111110100011000001010100110110101101111010101000010010001010011111100100000011110000
1100111000010011100100111100110011011000010000001011111010110110111101100110111000110
1000010101001111011011011101100111100100100110011011011101111101101001101001110000110
0111001100101101000100000011110000111111000010101001010010000000101001100101010110001
1101110000111100001011000010000010010011110110100010110111001001100111001111001000011
1000011111000110111011111111010011101101100010101011001010011011011011101000110101100
1011000111001011011100001010010111001110010010110111100001110111010001001001101110110
0000001111010101110000010101011101000011011010100111001101010100111011110001100000111
0100000000100110111111111111111111001111010001100111000011011110100110111001011001001
1010111101111111011010011011100100101111111011011100000111001111100011010001111110111
1111010011101011110101000100111101001010110110110001111111010100011100010001111110100
0101011001010011001100111101111110010101011000011010000110110101001110011110111111010
0101111110100000101000011111100110100111101001001100100011110101001001100011100010110
1110100010111000011100100001000111010111111100111011111111010100011101000001011110101
0100101000000000101100111101111110101010001001111011010010100110111010010100110110110
1111000110000011111001001111100100101001000110101101111010011101011111101011011011011
0111000110100100111011110101101011100101100101001011100110110101000001000111110001110
