001000000011111001111100101111111010111110000011001101000110
000000010001111110001011000011111111101010000100000011001100
000100001011101010000000000000101110000100001011110000011011
000000001001101110001010111100101101111100100010110000110100
001100001000110001101001111101011010001100101101011011001100
000000001001101010110111100010101001110110101111111100100101
000000000011010001010100111001100110101001101101011001111100
001000010000001100100100111101011000101100100111000011101100
000100000011111111101011111011000001010100010110001011101011
010000110011101000010010010111011101011010001100101111100010
011100010000100100001111000000000011010100010000000000010101
101000000011011110111001101101000001001011100001000001100000
000000001001001110000100000110110000001111111111001000110101
000100001000100001100110011110100100000000010001001001110011
001000001010111111101100001000111000001110110100101111010000
001000111010110111110110010111010101010000111001000100100100
000100000011111110101011111111001110100100111011011110101100
000100000011011000010101001111001100111010010111100001100010
001100110011001011101111000000001001110010101000110110111111
001100010001010110000110010000001001110000110001111101010110
001100000001001100101000001111001111010001111010110100010100
001000001000100100101001110111001111110010100001001000000111
000000000001000111011000111001101000111010101111010010100100
101100010011011011100101110110000000100011110111010011110100
000100001011110011100101100010001100011001001101100000110011
000000000011010101111011101100101101001111010001011000100101
011000010001011010001101010001111010001000110101010000010101
000001000010000100110101010001101001100111011011011110011010
000100001010101100000000110011001110001101111100000011110100
001100001010110001011110110000001101011111100101100011100100
000000000010101100101101110111000000100011101001010111111010
000100011000010111001011100000000101101100000100010011000111
000000100010100000000110000011111101011010101011001100111011
001100000011000000001110110000110001000101010001111110001011
001000001000110011100101011111110101110100010101101000100100
000000001010000110111101001001011110000101000010110111010110
001101000000001101000011100000110011110101100010001110110000
000000001001011111001001111011111111111000110000010101100000
001000001001010000111011000000011110011101010010011000111001
000100101000010000111101000001100100101111100101100101110110
000100000000000011011000111011011011001010100101100101010100
001000001011001100010100100111110101111001000010110111111010
000100001011101110100011100000001101110101111100001011010100
000000110010100011001110010001011100110001111010000010111100
001000001000110100001100111011100100011111001000111011110001
000000000001111111101000101001011011000010110000000110010111
001000000001101000000010110011111000110000110100110010001110
001000000000100101110011100010110110101101011100000100000001
000000000010101000000110100010110010111111100010011000101100
011100001011110100101111010011011010000011101100100101110110
000100001000010111110100110111110010000101011000010000011100
001100010010101010100100101101011110101101110101100110001010
001000000010110001010000100000100001001101110100110010110101
000000000010000011110010100110011111000111001001001100111111
010000000000000001100111111011000000101111101000010100000110
001000100011110001111101110010110101001111011101001011110000
001100000000110101110000000001100010111110100110101110001110
001000000011001110101001110110011101001111111100111000110001
000000101001100000011001000111101001110110110110100010001101
001000000001000001000011100110100110100111010001010100011010
000000000010000101100011100010111101001000111011110000110010
000000101001011011100111010110110010010100111000011110110010
000101000011110100110000110101101111001000101000110011011111
001000101010101011100011101010100000100101010010001010011101
001000011011001100110111100000011101011110000000001010010100
010100000001010010001010101101010101011110001011001011111111
001100010011000001000011000100110110100101000100101001011010
001100000001011000001000010010010001010011101010011100010111
001000000011000011111010100111100010101001101010001110111011
001100011000110101111001000110101110011000100111000110101100
001100000010111000111000100100101001001010111011110110111000
000000011010010111111000100010000000100111101010000100100001
001100001001010011100010101000001111111001011001110001100010
000100010000001010101110111011001011110010001000010101110100
001100010000111010111100001001100111110101110110010110001110
000100010011100101011110101110011101101100000101000101110010
001100000001000100111010100111111101001011010100010001100110
011100000000110000001011010011010110110010111001010000000000
001101010000101100011101100111011111000100001101110001101010
000000001010001010100111110100001010001010011110010101100000
000000000001101001100000000001110000110010010110011110100011
001100000000110101110010110101000100111101111011001000011011
001100101010110101011100000000000110011000010011110000011001
000000000000110001100001000101001110111100101101001000100100
001000000000100011100011100011101101001010001001101001001011
001000001011101000111111100010101010001001101100010101011000
000000101110011010110111000101101010001111000110001110111001
010000000011000111110101011011010111000100011000110010111100
000100000011101010100001001000001111000110110111011010111101
001000000000110110101110100000111000111010110000000111101000
100000000010010011110111000101110110111111010100111010001000
011100000001011101100110011111100110111111111111110110010101
010100010000010100010101111110100110010001001010110000001100
000100000011100010011101101010000100100110010010000100010100
000000011001110100010110100000111010000010101001011110001000
001000010001000101000100001001110011110100011001011000110010
010000001001001100100011010100101001110110000001011110100011
001100100000001011101010011100101011111000110111011100010010
000000100001111000100010010111100011010001010011000101000001
000100001000001101100011110100111010001000000000000100011101
