0011000010001001001110100101010000010011010011000100010001001010011001011111001000110000
0010001111110100000011101001100000001110010010001010011010010100100101110110000011010001
0000000001000011010111101010011111111001101100100000111000011000011111001011101101101000
0011001001010011101110000011010110000110110000110000011011011100000001110010110101101110
0000001000100010111110000001000110100100111001111010101111110010000110111110100101110101
0010000010100000101000001110111001111111001001110001100011000000000011101011000010000001
0000001111111110001000111001111110010010100111001101100001101110100101011100011010010111
0001001111000101111011010110010011101110110111001100000001101101110111000000001100110001
0000001000110100100000101011101000101001011101001001010111100010000111010011011000010100
0010001001100000011010100111010011010111011110011100011000001010110000001001010010011100
0000000000101101011011110011100011000101011000010011011001111110110110011111001000011011
0010001000111110011111000000000100100010100111011100010101001000101010001001001000011100
0000001000001111110100111111001101110001110101010111000000110000110110000010100011101001
0010000110000011000000100011000011110111100000111010000011111110000010001111011111101101
0010001000010101111111110011110111100101101101011000011010101011110100011001110010101010
0010000011001001010000101111111000101011011000010011100011010111001010100110110101101111
0010000001011100111100001001111000010101001111000010111000001110110001001001111101100100
0011001010000010000001111101100000111000101101111101100101000000000111110010011001100010
0001000011010100100010111111010111000100011101100001000000010011101101111010011111111001
0100000100111100010011100101000100010111111101000010011110101000101000011010111100110110
0001000110111110000010001000001101100100010010101100100101110111010000111100100101011100
0010000001111100110010101000100100011101111010010001010111010101010101001000011100101100
0001001011101111011101111111000110001001101010101111011100011100011010111010100010110110
0010000110001100110111010000011101101111100010001101101101001101101001110111100111011111
0010001001011000101101001111011000010001101001101111111010101101010101110011010100101100
0001000111000101110110011100010101110100001111001111101100001111111111110010001100010101
0010001011000010111010000100101100101000110101001110110110001010100110111011010010100011
0000000001011000011001011101101101101001110111000011101010111111000100001101110010000111
0000000111101000100101001100000110101101110011111000010100101000010101001110001001100101
0000000101100111010010010111010111011000101111111111111011110100001010000010110010101011
0000000001101010100101001001001111110101111111110010010111010010111000000000011101011001
0000000001011101000011011000101111011110100001100101000010110001011100010100010001111100
0000001000001100111011011101111000101010111111111010101001010101010000100000001110001111
0110000101011111001001110001111111100101111101101100011010101111100111000011101010010111
0000000100111111101011000000010110000111100001100110010111100110110000000100100111010101
0001000111110011101110001100001000000011011001011011011110110101100111011110001101000000
0001000111001101011110100011111011001111010010101011000000100101010000010010110110000010
0001000011110011101101110000001010110011000100010001011000010100001110011010100111100000
0011000010100000100100110101001010111011010001100001011101110101111001000111010111110111
0001000011011100101010010001000010001100100001010110001101000101100111011011001000100101
0000000101011101001011110010100001000011000010001011101111111110010100100110101101010011
0000000100110010011011010111101111001011100101101101001001100111101100100110000111110011
0000001101000100100110101101100010010001000111101010101111111100001010100001000001110100
0010001000011011101011010010111110111111111111100111111000101000100010110000100111011011
0011000110010001100100101101010111001000111010011110011001010111010011001100011010001011
0010010011001100000111110000100101101100001010001001111000011000010100100111101111000010
0001001110100101101010100001000111110101111011001001010111000101111001001001010010101111
0000000001000001000101010000011000001000011100110000110111010010001101111011001000000111
0110000110001001011011100001101100011100101000011110001010011010101111011111100011010101
0010000010110010001000010000110001001011001110100011010111101011001001000010000100100111
0000001000011011010101100011001011001001110011010000110101100010110001011110010001110111
0010001001100100100010010110111001001011111101001101000100011011001010111100001110001010
0010000110001011001111011100110001111111001000001010011111110001001111000101001001000111
0001000011100101000101000111110011100011111001110100111001010111010110000100111000111010
0100000011100111100100001011000110101111101111110101010101000110110001011101011000001010
0011001110100100101010100001101000110111011010100110101001110011111100011100101011110101
0001000101011011101111001010011111011001001111110101110001101101001011111111100100001001
0000001101000000110000110101010101111001110010111000000010101100100011000011100000010001
0111000010101100101111011101111110111100101111010010011100101010110000111111111010101011
0001001011101100000100101010100100000110110111011101010111101111011011011011000100111100
0000001101000011011000000100100010011001111111100111010101110000010110110010000111011011
0010001010000000101101110101111000101110111011111010001100011101101000111001010010010111
0000001001001011000110101010110101011011110000110101011001000010000100010000111000111011
0011010000111100010110010000010010100011010000100010101000001101100001000011100110110100
0010000010100011010101001100010101010100101101100001010100010111001110010000100110001101
0000001100010010101111010010010000100000011111001001110111010110011100101111011010100001
0000001001011011100011000000010000010101101000101110101000001110000000101110000011001001
0011000101010010001100100100001000000000001000000100101100101100010100110001111010100110
0000001000110001000110101101100101101101101101101001000010100111011110101111100011101010
0101000010111101101010100010101000010101011010101110111000011111010100111010110000101101
0001001010111001100000010011110110001111101010001001100100101101111111001111001011100111
0000001100100010000011000101011110100010111100100111110000100110100111000100010101100001
0010000010001011011110110011010000110100100001101100100111001010100111001010010100110100
0100001000110110001000101100111100000000111011100110000111101000011101111100001011111000
0000000001011010000010111111110011110000011101010000101101101010110000011001101010010100
0000001010001011001100011101101110010111011111100011010100101011011011100011010000110100
0000000001110111011001100010110111011100001100000001010110101000100111011111100001011110
0000001101001000111110011001010100101011100000000101110111011111000001010101110010000100
0001000000111100111000001000101001111010000110101010010100001001001000110110101000011101
0010000100111111111101111001101010001110100000111100101001111001000010001011110111101011
0100001101110000111011110101000001010100101010110111010101001111111111011011111100010110
0011001011101100110010101101011000110111010010110111100001101001001100101111010000010111
0000001000110010011011011000100001110011010001110111110011100101010110011000100011110011
0010001110010111000000001010001010000010011010100111100100110101101010011011110001101011
0001001010111101110010001101111101001110101011110101110111011101110001101111100010111000
0010010011001101101001010110111110000010111111010011110000110110111000111011100101010111
0011000011011101110100110010011010100001110100110010001110110000011110001111100000010000
0001010111011011100111110011001001111111010100001100001001101100101001011100011110011011
0000001101000011001110011000011010010001111000001000101110011110000100001011110101101010
0000000000010100001010111110010100000111011111000011000111000100001001110011111010011111
0000000001100101011011110110011110000100010001100001100001110000101101110101100111101011
0010000010110110010110001111000110111010111101010001000110000010011110000000000010100100
0110000101001111100001001111000000011010011101101111011111100111101010110101000101010101
0000000100000001010100101000010110001110111001110001110000010011111101100100010011100100
0011001110000011001111101101000100111101011000011110011000000110001101001101111100110000
0000000000110010100100000110100110111010111001110101001110001111011100010100110101011010
0000000001001001111111000110001101111011001100100000010111100101101110001100000000001101
0000001000010111100010011111001110001010110000001000000010100100011011001100000000110101
0010001010010010100001111010001010101110001101110011010001100001010011110111101110111100
0101010111001100110010011101111111010011001101111100111011011100011011110110001100011000
