000000000001000000000100111110010000
000000000000000011111010011110001010
000000000010000011000001010101100100
000100000001000010101111000110011101
011000010001000110111101100101010000
000000000000000001001011101010011110
000000000000000010100111011001001110
000000010000000011100010000001110110
000001100000000111001001100111111001
000000100001001100111110000010000110
000100000001000010110011111000001110
000100010010000101100101001000001010
000000000000000111110011110101000101
000000010001000100110001111011110000
000100000001000001100110011000011111
000000000000000011110100111111000100
000000000001000101110001010100100011
000100000001000010011000101101101001
010000000010000011010111011110010001
000000000000000010011010001110000101
000000000000000011110001001001010101
000000000001000000011111010101010111
000000000001000000100101101010110101
000000000000000011101010001101010100
000000000000000000100101000101011010
000000000000000111111001010100110010
000000010001000000100000110101101101
000000000000000111111001110001111100
000100000000000001010101000011101111
000000000000001010100100101111000001
000000110001001100100100100010101010
000000000000000010001110000010011001
000000000000000001101001011100011000
000000010001000100100110111010101010
000000000000000011000100001100011111
000000000001000000011100111000010010
000000000010000011110011011101001010
000000000000000010001111010011100101
000100000000000101010101101010101101
000000000001000000010010010111110100
000000000010000100001101100001101010
000000000010000111011111110110011011
000000100010001011010100100011111000
000100000000001001001101011111110000
000000000000000110111101100110101100
000000100010001011101110000011011000
000000000000000110100000000110011101
001101000010001011010100001111000010
000000000000000111111011010110100111
001000000010000110111110010010010010
000000110000000110111011001101001100
000000100000001000010001101100001111
000000000000001110011011111100101100
000000000010000100001110010000011000
000000110000000101010111001001001001
000100010001000110111100001010100001
000000000000001011100101011101001100
000000000000000100111111110100111111
011000000000000001101001111000001001
000000000000000001000101111011011011
000000000000000011011110011001001010
000000000001000100011000010100101110
000100000000000110010100000001110100
000001000011001000001100001100001100
000000000000000010111111110011000100
000000000000001011001010001111011001
000000000000000000110110011011001101
011100000010000101100001000000010111
000000000000000001111101111010000001
000001010010000111100101000101100011
000000000000000010010100011000101010
000000000000000010000000001101100000
001000000010000000101000111000010000
000000010000000001101100010100110101
000000000000000100010010000010111011
000000000000000010011100101110101011
000000000000000011110111101000101100
000000010001000101111000000101100111
000100000001000101110001000000010000
000000000000000011010000001100101010
000000000001000001010111001110100101
000000000001000000111111011111001101
000000000000000010100111111010100111
000000000000000111011110010110001110
000000000000001110000001100001011110
000000000000000110110000110100101110
000000100001000100011001010111111110
000000000010000000001110110101111001
000000000001000000111011010010000100
000000000000000111011011000111101011
000000000000000001000100010001010010
000000010000000100111011001000111100
000000000001010100001011110000000100
000000000000000011000010011101101101
000000000000000000000110011001100100
000000000000000011110101001010111110
000100000001000001010101101001010010
000000000001000001110000101000010101
000001000000000111100001000101000101
000000110000001011000110111101001010
