001000000010000010110010101001110000
000100000000000010100110101010111100
000000000010010000110011110011011000
000000100000000010100001010111011010
000000000000000001101011001010001000
000000000110000000010001010111010100
001000000110000011001111001001001110
010000000100010000001000101010010010
001100000100010000010110101100011010
000000100010011000011111100011001111
000000000000000010111111101001010010
010100000000000000100101100110111111
000000000000010010000010110011001100
000000000110001010011101010101011101
000000000000010010001000100011011101
001100000000001010011001100000100110
001100100100011000010000100011000000
000101010000001010101001010000101011
001000000000000011000111101000011110
000000000000000001100010111001100111
000000000100011000000011011101000010
000000000000000010011111000111100010
000000000000000011111011000011001000
000001010110000011011100100100100100
001000010110000000110101011011001011
000000000010001000101100110011000001
000000100010000000001011110011100000
000000000000011000010010010000101100
000000100110000000000101110011001100
000010000000000001111111011000001011
000001000100010011010100001101001001
000000000000000010010110000110010010
000000000000000001111110001001010111
000000000000010001011010101101000111
000000000000000010001100001010011000
001100000000010010111101010100000110
000000000110001011101111000000001000
000100000100000000010001101000111110
000000000000000001101111101010000111
010000000100001000001001111111000101
000000000000000001101110000100000001
010000010000000000100111000101101100
001100000000000000100110011001110110
000000000110010000001101111100100001
000000000100000010000001001101100001
000000010010000011101100011100011010
001000000010000000100101101111111110
000000000100010001011100011101110100
001000000000000011001010100101001101
000000000000010010011010101011100101
000000000000000001111001011010000111
000100000000000010110110010111110110
000000100000000010101010011100010101
010000110100010011110000101110010001
001000000000011010011011101110100111
010000100100011000001010001100110111
000000010100000010101100101011100001
000000000000000010101000101000110001
000000000110011010001100110000000101
000100110000001010110101010001111101
000000000110011011100010001001010001
000000110000010010101010101101010011
010000000010000011111000101000000000
000000100010000001101111010011110101
000100010000000001010010110100010110
000000000000010010000100111101010011
000001110100000010110100100001111000
000000000010010000001010010100111000
001000010000000011010011001010111011
000000000010001010010001011101011010
001000000000000000100011110100110000
001100010010000001101011011000011110
000000000000000010100000010111100001
000000000010001010010011110000111000
000000000000000001000110010111100000
000000000000000010101101101010111101
000000110000001010010110000001101011
000100000000010000010000001100010010
000001100100000001001110111110011100
000000000010010011110001111011110000
000000000000010010010111001101101111
000000000100000010111100111000001010
000000000110010011100111011111111001
000100000000000010110100001100010001
010100100010000011100111001000010000
000000000100010000110000010011111101
000000000100000000111011001001110110
001100000000000001000010011000111011
000100000000010001010110110010111000
000100000000010001110000000010001011
000000000000010001111100101101111010
000000100010010000011100110001101010
001100110000010010111011111110000011
000000010000010010001110100001100011
000000010000001001010101010101010011
001000000000000001111011011000110010
000001100000000001110100000001110000
001000000000000010111000001000011101
000000000000000000001010101011101100
000001010000001001111011000010010010
