0010001011111111001101000011
0000000010000111110101110001
0000000001010001111011011100
0000001001100011110110001010
0000011010000101111011100000
0000000010111011100111100000
0000000001100110111100110100
0100011101010110001011000111
1000000010100110101001110110
0100010011011000011010100011
0110000010110101100101111111
0100101000100101011111010101
0110000001001010101010010011
0000000010100001111011000111
0100100001010100101010011100
0100000011011010100110100011
0000000010111011100100101100
0010010000110011010010010101
0100000001000110101011011001
0100001010101101111011000101
0110010001011110001011001010
0000000010011000000110011000
0100001000110010111111000110
0000000010001101011000000100
1010010011011101010000011000
1010001011001110100101101011
0000000011111001011001000111
0100010001001000011010100101
0000110010110011100011011110
1110001111011001110000011101
0010100001100011001110101001
0010111011111001110010100110
0010001011001101000000111010
0000001010100100011111010110
1010011001100000100011000001
1100011001010100101101010111
0000110001100110110100001111
0100010000100101100010101111
0110001001000111000000110101
0010010010101000010101110000
0000000010001110101000000101
0000010001110101001010101111
0010001011110111111111001010
0100100011011000011110000100
1100100011010111111001101111
0100000011111001111000000111
0111100011101000111101010001
0000001010011101010100101001
0000001010010111001101100100
0100111100111011010111001010
0000010010001001011011000010
0110011010111111111011110001
0100011011101101100011000100
0100010010101011111100011101
0100001000110001110001011100
0110101000100111011001100100
0110011000101111111011011010
0110010000010110010101110000
0100011000111001100100110111
1001101011110011100110011111
0110000000110100101001000111
0000011001101101101011100000
0100110001100110001011100110
0110011110101010010100001110
0110101011101100101000100000
0000010001111001010000101000
0100010000110111110001110111
0100100000111010000110010100
0000011010010111111100000100
0000000010101000100100101001
0100000001100101001000000011
0010101011011110010100101000
0100010000010110001100111000
0000010101111101000100010110
0010110011010001000100011001
0000011110101110010011101110
0100001001000101110000001010
0110110011100011101011010110
0110011000011100000011101110
0100010001000001101010101100
1000000001001000100110110000
0000001001100101000010001001
0100010001000001001001100011
0100000011001001001000111000
0000011010011001100101001100
0100001001010110010000111100
0010010011110110101001110010
1000011001011101111100100001
0010000011100111010111100011
0100010010110010101100100111
0010000011101111001000100101
0100000010111110001000011110
0110010011001011001010010101
0000100001111100001011111111
0010001000011001011111001011
0010001000100110100001100110
0000000010010111000111001010
0110000000011101011001001100
0010001000010011111100111000
0000001010010000100000010111
