0110001110000000011011111001000111
0000001000000001100111000011010000
0000001000001010101100010010000011
0000010010010011001011101110010001
0000000001001010001010000000001101
0000000010000000100001100101011111
0001000000010001110100011101110111
0000000000010001111000011101010010
0000000000011010001101011111100010
0010001010000000010101011101111111
0000000001000001001000000001101111
0000000100000001010000101010101100
0000000000000010100010001001010011
0001001000000001000111110011010101
0000000000000010110000101000111110
0010000001001000111111000001110001
0001011000001001010101101111011010
0000000000000001011100111000010011
0000000000000000111101100001000010
0000000100000001101011111001001111
0000000000001010010111000000100110
0010000000000001001100101011110011
0010001000010000111101000011100111
0000000000000001101011100100001111
0000001101000011101111001110001010
0011000010010011100011111101010011
0000001000001010001110000011011001
0000000000001001010011111110000101
0000000010000001110000010001111011
0011011000010010111101110001101101
0000011001010011101011100001100110
0101001010000010110010111101110001
0000000010011001100011000110100100
0000001010000011011010111101011100
0001000000000010111111110110110111
0001000100001001000011000101100000
0000000000000001101100111000101111
0000000010000000110111110111001010
0000001000000001111110100010010111
0010000001001011011100011110111101
0000000100000010101011111011010110
0000000111000000011010000111100001
0111000001000010110011100001010000
0010000100000000100101100100000000
0000000001001010110111001001011111
0000000001011010111110010001110110
0011000001001010110011001110100011
0010000010000011010101000110100111
0010000001000000110110101010111100
0000000001000011111011101000010101
0001000001000011011011100100111100
0000000001001001101011011011101110
0110001010000001010101010011101011
0001000000000010000011001000100101
0000010001000011111110010000110011
0001000000010010101000111101011101
0000000010010000000000100011100011
0000000000000010010111110111111000
0000000100000001100011110101001111
0000001000000010000001101100010001
0001011101010010101111000000100011
0000000110000001001010100100101101
0000000000000010000000110111011000
0010000000010011010010110010001100
0000000000000001101100111000101101
0010000001000011100011011011011001
0000000111000011011010101010111110
0010000000000000111110111000000101
0001000010000010001000110101010011
0000000001001000011011100100100001
0001000111000001011010011110101111
0000000101000011101111100101100110
0010000010000000010110001001101011
0000000001000011110100011001101011
0011000001010011101001111100011111
0011001010001000010111001100011110
0000010000001010110001100001101010
0000000000000001100110000001010101
0000000010001011001111000011100110
0010001000000000110111000111001010
0000000000000010000110101000011101
0010000111000000111101000101110011
0011000000010011011100010010010110
0010000001000000101100000111011010
0000000000001001100110010000110011
0001000000000010100111111010101001
0000010000001001100011100011110111
0000000101010011010011000001110101
0000000001010011011011101100000101
0000000010000011011010110111100001
0000000000011011111111110001001001
0000000000000001110111010111010010
0000000001001000001000111110101110
0000000011000000001101010101011001
0000000000000001010000001011011011
0000001000000001000110110010100100
0000000000000001001010111010111100
0000000000001001110001101100000011
0011000010010001001000110101101011
0000000001000000001000101000010010
