000100000100100111101100000011
000110001111010001101111000000
000010000010111010000010101110
000110010011111000101101110010
000000001100110010101011000010
000000001010100110111101001101
000000000100001010011101010000
000000011001001111111010010000
000100000000011011011101110000
000000000111101111011111001001
000000000100001111111101000111
000110000010011010101100010100
000100000010100001000000000001
000110000010100001110000001111
000100000101000110111101011100
000100011111100011011100111110
000010000011101111110101010000
000100000011111011100010000110
000010000111100110101100010001
000000010001010100010101000010
000110001011000001101000011011
000100000101000110110110110000
000010011111001010001100001000
000000000100101000011111001101
001000000111000101111001110000
000000001000001011101010001011
000100000101100000101110101101
000000000000110010101000100101
000100000101010100011101101000
000100000001111011100000011110
000100000100011110011111011000
000010001011011100000110111001
000010000010011110010100001010
000100001010111011001011000111
000010000100101011111101110010
000100000110110010111001110101
000110000010001110110110011010
001010000111010011101100010110
000010011010011001001001010101
000100000010010101010100110100
000100000011000100100011101001
000110000101011001001111100111
000000001101101001011100000100
001010000110111110101010111010
001010000111011010011100101011
000010011011001000100110001110
001100001001001000011011001001
000100000011010010110101010001
000100000001110100010101011000
000010000011010101000010001111
000100001100100001110111110010
000110000011001110100001011001
000010001011100111100111101001
001010000000000100010001011010
000100000010001111000101100110
000100001001111000111010010110
000010000111011111111011111110
000010001011001110011101000111
000010001011111000100100111000
000000000100111100001111011011
000110000000101101010001110111
000100000111000001111110100110
000000000000111010010100000000
000100000101101100011110111100
000010001010110001000100011101
000100001111111000000110000010
000000000100001111111111001110
000100000101011010111110100111
000100000010100011100101011101
000000000100011100001111011110
000100001111010101001110100101
001000000001000111010110101110
010010000011101110010110000001
000110001011100000010110111001
000010001111111100011100110110
001000001011100010100101110000
000000000001011101100000011110
000000000011100011001101111110
000110000011001011100001100000
000100001101100000001010100101
000010001111000100110101110110
000000001101100100011010001101
000110000011101000010000011100
001100000110010010101010110000
000000000101000000011101100110
000010000111010100011010001111
000000000100001110101001101001
000000001001010111100111011000
000000001000010000100100101100
000100000111010111011101101100
000010000110110100111011011010
000000000000011001100010010010
000000011000110111101001000101
000100000111000011011011111100
000010000011001000110000001110
001010001011001111100101111101
000000000001000000000010101110
000100000010010111010010000011
000100000001010110000101001100
000010000010111111000001001010
