0000000000000100010000101000100110001100110111110110010100101111100001100100111000101010010100101111
0000000000100000000010101101101111110010101100001110000101100010101001000010100001001111110111001001
0001010000000100010000010101010101010000010001111110010110000101001100010101011101101010000110011111
0000000000010000000010010010110110111111011101101100011111001010111110001011001111110000000011000110
0000000001000010010000000111100101010011110011010010001010010001110010100011001011011011000010100100
0000000000000010010010101101100000001101010111111000111100100000010001110000100100010110011001110010
0001000000100100000011110000011111101011000100000101011100100010010011101000101111011101000011001010
0000110000000010000010111000111101001101101111100111000100111001000011010110111101100001011111101010
0000000000100110010011110111010001010001001100000101110111000010010010011010011110111101000001100101
0000000000000000000001111110011010101101100101110011000110100111011010100111011010000010001100000101
0000000001100010010001001010010110001010101100111110110001010000101100111110101011010000100001110111
0000000000000000000010000000011100110001000111101011010010011001110010111011100010011000000001110101
0000000000000000000001111100000000000011010011000101001000100101000001110111110000010001110110011011
0000100000000110010011000110100010101010100111111100011110101011000110101011110100001001011101010100
0000010001110100000001010100100100000011101111000111010111010100100000110100000010110100001101101100
0000000000000010001010110001001001011011011001111011111101110101011011010101011100100111010101001101
0000000000100000010001110011001010110100101010001011111110000111100001000010000010101010000111000110
0000010000010100001010101110110101101011100000010010000110001011001011000101101100110101111010011110
0000000000000000010001101000110001000011100111000000001000011011100101000111110001011101011010000110
0000100000000000001000111011111111001000100001111111100011011111011111001010100010001110001111010101
0000000000000110100000000110000001000001001111100100001000010110100010110101110110011010100011101011
0000000000000100001000111010100111010101010011010000011101111111000101101111111010100010011010011110
0000010000000000000010100111101011101000100000011111100000100110101001100011101100111101100010101110
0001000000100000000001001110111001101111111000000111011011000100110001101110110100101110011110000111
0000100001010000010000100011001110000100111111110011111011010001100011010010100000010110100101001011
0001100000010010011000011000101010101110110011111100010010100100101111001011010011001010001110111110
0000000000000000011001101111000100000010000101101110001111010000101101011000010100011001110011110000
0000110001000000010011010111010000111110000010101010000000001101011111101011100101011101111101000000
0000000000000010001010101101111100001100011111100001011000001111111111000010100111110111001000111001
0000000000000100000000011000011111011001010100110101100111111000110110100011001001110010100000011110
0000100001010000000011001100011001011111011111111111010111110100001101111101001011000010110000100001
0000000000000010000011110100110000111000101110010010010100111000110110101000001110101111000001010011
0000100000010000000000110001110111010000001101000110000111110100100000001010101010011001001100011111
0000000000000000011010000000001100001001101100011011000111100000111001100001110010010011111111001111
0010000000000000010001110000110011011001011101101100011000010100110010011001000100101010010011001100
0000100000000110010011001001110111101101111100110001010110011100011100010011000011010001100100110101
0000000000001000000010010100000001001001100001110010101101000110101100000011111111100000001100101100
0000000000010100000001000101000101101010001010110110101110110101001000111001100101011000001011110110
0000100000010000000011011110011000010110010010110110101101110001010001010001111000100011011001110111
0000000000000000011001111000111100010100111011010010110011001110000110011111100011110000011000011100
0000010000000000000010110000010001010000111101011101011011100111101000110111110110111100000010000110
0000000000010100001000110000010000010001110011001101110001110100111000000101001000001011100100110111
0001110000000100010011111010011011001110111100010110111100011010001111100010000101100110100101101110
0000100000000000010000100011000000100011000001011110110000011011001100010110011100101101011111011010
0000100000000110011000110000100111100011010001100110011101010001000011111001010001010110111000101100
0000000000000000000001100011001010111011010110111000110010111001000101100001110011000100101100101000
0000000000000100000001000110101010010011111000111011101010110110101110110001111010101011101101000000
0001010000100100010000011011110010010001000110000011000010110010010100100001010011011100111011100010
0000010000100000000001100010011001001111011111111110010001111100011000100111011011100000011010100000
0000110000000000000000101101100111001100101101111110110110010111001101011010000010001100010100011010
0000000000000100011011101010011000111110110011100111011000110100001010011011000011011110011011011100
0001000000000010000011110111011010011011101001101001001000010110101011010010010100011001011000011110
0000100000000000010010111011001111000001000000101001011110101100110000001011110010110010011000001011
0000000000100000000001111100101001111000101110111010100110111100001010001110101000101010111010110101
0000100000010000001010011110011010100010011101000010100001000001111110001111011000100111011010100110
0001010000110000010001011011111111100110000101010111110000101001011001000011100101001000110000001011
0000000000010010000011110001000010110010101001100011110111111011101010110000001110011000001001000010
0000000010000010010011000011100110110111001111000001000101010011101110100011001101001011110101101001
0000000000000000001000111001101000011010010010101000010000011110000111110111001100011100101111010100
0000000000000000000001100010100110110101010100011010001010111001111101101110100001100110111100110110
0000000000000110000000010001000011100000000010001011000111010111011000001101001111010010010110010100
0001000000000100001000001101111000011000000100100000111001111110001111001010100101010000100111011000
0000000000000000000001101100000010011001110011101101000110000110111011011000010100101001010011000000
0000000000000110010000011101000100101100000001101010111110000011010011011010101100101101100001101001
0000000000000100000011011110001000100110011111011110010011000110111101000000000111101010011010111010
0000000000000100000011111010110111111010010101110001000110101011111000110111001011001001001000100101
0000010000110000010001011010110111000011100110001011110001111110010101001000000101111101010010111100
0000000001100010010001001101100011000110101101010110011111001111011010001110111101000101111000001001
0000100000000110010000111011000101111000011111111010111001101011111011011001101001101101111010100010
0000000000000100000000110011010111010010011101100101100000101000011100001111100001001110100110011100
0000000000100010000011100011000110011110000000110001011100000110000110100111110110111011011001011001
0001100000000000000000101001000111100101011011001110001110000111001101010111101111111110111110011000
0000010000010000000010110110110000111110111101011100010001000100100101101001100010110011011101010011
0000000000000000000001110000011010010000010101001000100010011000110011011001000110011100110101111000
0000000000000000010001110000000101001011111100111111110110000100100100101101010000111111001101101000
0000000000000000001011000110101010000000001011111010000110001101010101100001111010001001010011001110
0000100000010110010000111101100110100110111101110000111011100110110101010001010110010111111100111001
0000010000000000000010011011101100001001100100011001111000001010100000111111001101001101010100010101
0000000000010000000010000010010001110001011000001000011010001011000100001101010011100001110111000110
0000000000000000000010000111100011100010001000100110001011101010010010110000011110100111111011010110
0000000000000010000011111010110001010101110011010111101011101011001101000000111110010111111101111101
0000000000000100000011000100100100011010001111000111011000000111111010110110001110001101101111110101
0000000000000010000011011000100110010111101111010110101000001110110101110000000111000011011001001110
0000100000010110000000111000110100111010111111110010011001001011101001010100100110110001111110000000
0000100000000010001011001001010000111001000000001101011011110000001111101100001010101111011111111011
0000000000000000001001111111101010001000001011011010100101111111111110111100010011101110001111010001
0000000000000000011010000001001000010010010110100010111111111110010000111011011001101011001011000001
0000000000000000000001111110010001011000001110001001101001101000010110000011101000011100001010011101
0000000000000000010011001101010000011111100111011001101000001111000000110101010000001010011101011011
0000000000010000000001001000110100001100110001101110001010100100100101101100011001001100110001001100
0000100000100110001000100011000001011001101111101001101110010001000000011111000110001111000000111001
0000100001001110000000111110110011100100110111111000110101111110000110101100111111001010000010101010
0000000000000100010000100111111111010101111000111100100100001100111001101110100100000100010100000100
0001000000000100010011100011101101000100010100101001111010101100000011101100111100001011010111000101
0000110000000000010010010001100010010010000101011001111011101101011000001111110101010110010011011101
0000000000000000000010110100101010010000110010110010001110011010100010000100011101001101010110100011
0010110000000000000010111111001100000010011001110110001110100111000110110111101010100111111110000100
0000000000110000010001011100001000100101100100110010101101010001001000001101000000000001110111000000
0000110000000110000010111001010011001001010111010000000100000110100111010101001010010010101110000110
0000000000110110000011100100111110100000101011101111101010001001111100000001000110100101000000000111
