000100001101101100011110000000010000000000010101001000101001111010011010110000010110100000
000000000000011010110000000001110101100100010111110010111101000001111011111101101011111001
000010000100110111011110101101000100000110010110011111010111001000110111100100011001111001
000110001010010110111000001011111000111010010010001000100011001100101100011001001100001001
000000001000110100001011111101010000000111101101000110111000111001010111101100001101110011
000000000100100100101000010111011011000100011000011011100010000010010101111110110001110110
000010001011010101100110111111001010100001110001011011001100111000001101011100101100010100
000000001000011000010100011000111101100100100000111100011011101001001101111010110101101110
000010000010100101110100000111100110011011111110110001110101001001001000001000010001100010
001000001011111101001100000101000001100010110110001101111010110111111001011101100010100000
000000000000101100101011100100000100000111010000100001101100100110011101111110110000011100
000000000100000001001101101000010100111010101001011001000101101110101010001110011101001001
000110001010011111011001111011110011000000100110101011000011000010101011000110001011001001
001100000001001011100010110111101110100001100001000011110101011101100111110001011001000010
000000001000100011010100001001101001000011110011001011011011010110000101100010010001101000
000110000011000100110001010111010000011011111010100111100001111101111111101110001100100000
000000001100001001000110000010011111011001100011111001101101000011011100110111100001011100
000010001101000000000110011011111010101100010010010001001110011111001100111010000000100011
000110010011110001110110110001111101111100110010110111111010000001010010011010101100100011
000110001001111111001101100010000111010111100110111011100011011101111111101100011011111001
000000000001100110001101111000101100000101011101000100001111110110110110010110101000111000
000000000000010110111001000000001100001010011100100010101111010000011110001000010000111101
000000001100001000110110001011110010110110011100100111000001010100100100010101010111011010
000100001000110110101010001010100000001011101001011110000000011010110101100110010000111101
000000000101100100111100001101101111101000000010001110011010110010111111001110000011101011
000010001100010001100001000001000010111111101110100011010110100111100100111000110010100011
001100001000111100010010001010100100111111001100100000001111101100111110011001100011010011
000000001100111100101110100000010010011101101111010111111011100101101111100011010010000110
000000000100111000010101001100100101010011000110001011000001001100001100001110011010011010
000100001010101101001101111100111001111001001000011100010100110110011001000100010111100001
000000000001011101100010101011000111000011100010010010111010000001011000110000111101100010
000010000011111010011001100001010111011011000110110001001001011010011110000010101110001100
000000001001100010010100011100011110011000000001101010010001111110100111000000000110000011
000110000011000100110000110011111100111111001111110101110010010111000001011101000100010110
000100000001000110110010101101111100100111100110110000110100000001101111011110010111010100
000100001011101001100011101011111101111101000011010111010001101101001010000011011000011011
000100001001101000001011010111010101011101111110000101001101101010000010001000001011111011
000110001110111100010101100010111100101111111111100110110001000001111101011000101110001110
000100000111100100101101101001000000110000101000001111111101001101010100111111000000101101
000100000010000011001111010101110011110111101000000011000100001100000110000110000010011111
000000000101011101101110110000000110000000001111011110110101000100001000010000000101000010
000010000011010101101011010010010110101001111001010000001101011100001011111100010011010100
000010000011000010110001101101011110101101111110100001001110100011100101111001101100010011
000000001001011000110111001101001111111001111111110110100011111110001101010110011000000100
000010000011111110101001101101001000010000111100010000000100011101100100001110100111111011
000000001100111111011000111101010111100001100000100100110010011000100001000001010011101100
000010000011111100100010011011100001011010110100010111010001001111111000101000000010111001
001010001010110101110110101110001101001001011111111101110001010100011100001111110111110111
000000001000011001010010011001110001110000010111101010011110011100001010010011010111101000
000000001100000100011000000011111010010011101101001001101011000100011011101010111011011111
000010000000111011000111000001011100110010011110110010001110010101101110101000101111100110
001100001010001110101001001111100000001110010000101100100010010100111100110011111100111010
000100000000111110011111001000010100101111110011100111001011011010100110010111100101110111
000010000110010000110011011100001111000010110011000111100000001101010110010000111110100010
000100000001011001000000110010000111000100101011010010101100100011010110111000000110111000
000000000101011101000011011001000101110101100001101110010000000010101000000001000011100011
000000001001001111110100101100111011101110010010000100101100001000100011011100110111000001
000010000010110010101010000111011000011110111110010101110110110101000011110000111110111101
000010010101010011100001001110001010001100111001101110011011010101101011001101001100111001
000100001001100000001001011011011100010011001100110110011110000011000101001010101011000011
000010010011011100100011011010111011011100000100111010000110011111110100100001000111101100
000110001001000001001101001111101011100111100000010111101010000001001000001010100010010101
000100000001100110101100011100101001100110001110000100100001010000011101111110111101001001
000000001101000110111001111101000100001111100101101000011010111100000101001111101001010111
000110000011001110110011001101000100110111000110010110101101111011000000001001101011010100
000110000010100101001101000001110111011110111110110000010010000111011111101110101111111000
001010001011001101110100001011100000111111101100110110101010100110110011111001000010010001
000100000010100110010010101100011011110010111111000010111001001001000110010101101110101000
000010001111110100010000011100010101010011101100111110101011010110001111000100000100100101
000100000001001101100000000001010110111010111011010011011100101010101100100011000011001001
000000001001000011100010011011100101100111101110111000111000010111111101110000101000001101
000000001000101001100000010111001111110000100001000111011101001001001110000100110011001101
000000000100110001101000000010000110100000100100101011100110011000111111110001111100101000
000000001000100101011101001000011001101110110100010111100111001001100001100001011001011000
000000000101100010001100001011101010011010010101011110110010100010011001010000111001111011
000000001001001001111001111011101110110110101101111010001101011010101011100011010010101001
000010000111011011010110000110111111111110101111011111001000010100000111001110111110010011
000000000000100000101110011010111101011010110011000010111010011101000111110010010111100011
000010000010000000111111010011000100111101111111000001100001100010101100101000000010000110
001000000001111101000111111100110001011101001011001010010101001111101010111000100010111011
000010000011001111001011011111100000111110000011000000011000001111010000101110111101100000
000110000101101110110101101101000001100011111011011101011110000000010111100100000001001011
000000010111100111011010010101111101100000011001010011011101001101000001011111101100110111
000100000110011101101110000110110000000011110100011011100101101101110100001000100110110101
000000000000110001100000111011100101101100110000010101000000101000110111000101001101100111
000110000001110101001101110011100100010100100101010000010100111111011011100110111110111001
000100001010111100001001001011110010100001011110101101101010111111101010011101111110100110
000100001111101000100010001100100100100100011001101000001111000101101111100010111101110100
000110000010011011000001110010111001100110110011010110000000000010111111100110011010011100
000000000100110011010111011001001010100110001100110110001011011011010011010100000110100111
000010000111100101101100010110010100100001111001010111011001100110111111001110111110100000
000010001011111100111100011111000111010010111110010111101100000110101001000011111111101001
000000001001100000011011101101010011100010000011101010100111000111101100111010111100001000
000010000110111100011110110000101111101000011001011111100101000000100100011110101011100100
000010001011011000011101000000001001000011000111111011101111010101001111100001010101101100
000100000101011110101011011111000000101001100010011100011001001011100011011001101101111110
000100000010101101100011111000101110010110001010001101001001011010010110011011010011111000
000000001010111100011111010000001001011100011001111010111100010001010001110010000000001111
000110000101111101100111111010001011001111000011010101100000100101110100110100010111111100
000110000011011000011100000010011010100111111001100010110101100000110111000011011011110111
