000000000011011010100110000100010011101001000000111110011001011000010000000111001111010011
000000000001110010101101000010000101101001001101111000101000101111011101111011101011111101
000000000001011000100011111101101011000001100100011100101110100100010100000111001111001011
000000010001011011000110100011110101000101111110100000011010100010010110010000000111110001
000000001000010101111001001111011110100100110000101011010110101011110000010100001111111010
000000000010111101001001111100000011000011010111000111001110111111111111001110010100001000
000000000011011011000101111101111001101001100010011000111101000010100110000000010100001011
000000000000000000110000100010111101111001011001111100100010100110100110111101111010010110
000000000010101100101001010101001111100001111011001110111010100100011110000011110111011011
000000000001110111100011110111100001001100000010111110101101101101111000001001000001001000
000100000011110101101100111000111010000001111110010101000110000011011011110010010110011100
000000000010001011101100101011110111011100010110111001100111110110001101111011000000101111
000000000001110011000001011010111100111100111100101000000110011100111101011001001000010001
000000000001110011010101101110010100100111101100100100011111010101011100000001011000100000
000000000000010010001100000011010100001000010111011011011110010011101100100111110010011000
000000000000011011110011001000101010001110110110110101001010010011010011010111001010001001
000000000011111111000001001001100010000110100100001111110011000110111000010011110001010000
001000000010100111111010001000110010110110000010010011000101011101110000110010000010101111
000000000001100001101001100100001110101110101011001110000000001010101001000010011111101101
000000000010011001111011110101010001010011100100100101111010011100001101111101010010001100
000000000000111001001010001000101101000010100100001001011110000010100101100011010011011000
000000000010100111111110110101000010001101010010001101101010110100001110010001100011101011
000000000010001110011100100001100100000110011000100100110100111100100100100111100100110000
000000000000011111110110001011001000101010111100111010110011000111111001010011100001110011
000000000001010011000001100000101010001010100001111110001111100111000100101010110111000111
000000000001101011101110010100000110011110101110100001111011010110110111010111000101110010
000000000011110100001101110100111000011100111111011111000011011101010101010000100010101100
000000000011000100110011010010111001000100000010110011110111011111101111010010011111010001
000000000010010011010101110001101110101100010011010101000111101000100100010100010010010100
000000000010011110111001000101010111001010001011100001110100110000011011000101111010100011
000100000000110101110011000100001111010110110100101010110001111001111100011110100010000101
000000000011011111001110111111100001110011110101000010001100011111000000101011111100001111
000000000010111000000011000010101110101101000101011111110110110111010111001100000011110110
000000000000010111110101010000110001101011111111100110110110011000101110101111111000111001
000000000010001111101111100100110000001000100111010101110011100000101111001010101110010000
000000000010110000100001010100100110011110001101000011010001000011111000011101100110000000
000000000000110100001011010000101110101111101100101011110110010111011010101010100110100000
000000000001001011110101001101110011001111101011110110001110111111011111111011100010001010
000000000010100110100000110100000001001011100001111010100010100001101000000110000111011011
000000001001101111000000010111000110100110101011100101010011011110111011011000001011110100
000000000001000001000001000000111111101010110001111001010110111000100111000010111100100101
000000001000000101001010101110111001101010011111111110111100111010100011000010000100000001
000000000011010001000100100110000001001010110000000100001000001000111011111110001101011000
000001000010110001011111101010001000111000001000100001011010100010010111101111111010001001
000000000011001011100101101000011011001100111101010100100110001011010000110000111010000111
000000000000010001110111110011000110101100110000101001101010001011011101011010100011110111
000000000001011110101101101111101000110001110100101001111010110100010001101001011100101000
000100001001001000001001101101110111000010111001000010100110000111011011100100101011010000
000000000010101000011001000111110010001000000010100011111011110001101101101110111001001010
001000000011101010110000110011011001101000011110110101100010001111110010101011100000100011
000000000001110111100111011001000010010100110011101111010010111101000001001001010111100010
000000000001011110111010101000000100011101000010001010110101011001111111111111010011110001
000000000000000111010101111000100000011110000111101011010100100001010100110011001010011111
000000000010000100010110100111011000000100100001110001010000110001100000001110011000000111
000000000000111110011100001011000101111110101101011000111111101010011101010111010101011110
000000000011100011111010110000111111110100011100011111000010010000010100011111110101101000
000000010001101111110100110110110101110111101011000011000100001100101100110100111110000011
000000000001010010001111010001001100100010001000100110000010011100101101100010001111010010
000000000011100110100100010010001011110010100011101111100010010101001010100000110110100100
000000000000100001110000110000011101110001000111001000111110000010000111001111110010110000
000000000000101100001010000111101010000011000111011111000010010010000101110010011110111101
000000000000100110110001110100111101001100011101110111100000010000011011100111001110111001
001010000000110001100100101000100001000101111011111001100010000011110100111110011011011011
000000000001010110111010101000011000101110011001100101001001010110100100001010000101101010
000000000001101001111101100101000110011110110011001010111110100100001011100011001010101001
000000000001011001010100001100000010011000011111101011011101000111000101101011001110101100
000000000001110110011010010100000011111010000101000110100111011110010010110101010001111001
000000000000110000100111110011000010011010000110001110010000111010010111110110111100110110
000000000000110100111111101100110000010111010000101101000110100111111110111111101110110010
000000000001111010100011100100111101001010001001010111101100110110011100101011110000110010
000000000001010000100101001110001010001010101100011011000101010011011001111100001111000010
000000000011110011100001111101011010011101111110111110010010100001110001000100010001010101
000000000000010100011111000101010101111011111110101000010001111111100110101101110010010011
000000000001110010010111101000101010101010000000010001011111100000010001011011000000001100
000000000010110011000100110111101101010101101010011111000010011100111011110001010001101111
000000000010101100100000010110010010100011001100001111111011001011001010010111101111011100
000000000010011001100101001001011011101010110111110010111000010011100011101101000001011010
000000000001101101100001110111000001011001110100010101101011011110010010100001001010000110
000000000010000110011001101110000110000011110110001000111111010001000110000101111101100111
000000000010011100000001001001111111010111000100100100001100000010100100010110110111010101
000100000010111010000010010010001000101010001110110001101110110010100010111010111111010000
000000000011001100010010100101110101101101101010000000110011111101010100000110011110111001
000000000001111101000011010000101001111111011101001000110011111011111110101011001001100100
000000100011101111011100001100010111010110101100100110111001000110101001111001011000101100
000000000001010111000100110001110100011001100101110101000110010000011011010110000011100010
000000000000010100111011101001011001111011101111011101010000100101100011011100101000111100
000000000011000100100001110101011100100001010111010111011010011000110001001110101001000000
000000000001100101110010110111110111110110010011111111010010000110111110010010111000101110
000000000010000111101010110101100010100110111001011000110000110000001000110101010011101100
000000000011010001111110110101111101100010110101110010100001101111001011001101011001011010
000000000001010101010111110111100100110111001100100101111110000011000001101010101110001010
000000000010011111001000100001110011001000011110101101101001111000010010100000000000100011
000000000001100100101110101100000000011110101100111000100001011011011100010000100110010110
000000000000100111000101111111001011100001101111110101010011001010110011001100111101000100
000000010001001010000001001011010100111100100111111000101100001100000100000110000000101011
010000000001101010100000000010111100100100001110000011111011111111010011100000001010101110
000000000000010100101111010101000010011000011000011110011001001001000101110000001111110101
000000000001011000011100110000100111000000101110001110001000001101000101010111111111001011
000000000001011111110011011000100000011111101100011000110111001111011001101100111101001000
000000000010101111010000010000011000011001001111000110101000101001100110011111101110010100
