0001000011110011110010000101
0001001111001111001100101111
0000001000011111111100110001
0010000001110000110010110000
0000011101010001011100000011
0010000000111110111000101110
0010000110001011001111100111
0010000111001010001100110110
0010001001101101111101111100
0010000011000111100001011001
0000000100100000001101000001
0000000001000010000101011110
0000001000000110001000011011
0000001000101101010111111010
0000000100001110111111011001
0011000001111111110000110100
0000001101110111100111101111
0000000100010001101111111001
0011001111011001010111101101
0010000100111011011110110101
0000000001010010110010101001
0010000011101010010001010011
0011001001110010001001100100
0001000000010100000010010110
0001000011110001010010010111
0001000111100000001111011111
0010000111011110101111011001
0010001010111100001000001001
0010001011000001111010010100
0010001110010110000101101111
0000001000100110010011101001
0010001111100111001010001110
0010000010010011000010110001
0011001010101010010000110101
0010000010100000110001101100
0010000001101000010100010101
0000000100101001010011111100
0001000111011110001100011001
0011001001110011000110110001
0100011001111010011000000001
0001010011001110110101100011
0010000010000101010000110110
0000010010001101101111001000
0010001001011101110110111111
0010000010100010000000100011
0000000100010110101110010001
0000000000100001100001001001
0010000110010100001101011101
0010001101011100101001101000
0000000100110010101010010101
0010000110010110001101110000
0001001011110110101010010001
0000000000010000000001010010
0010000010101011010001001101
0110001101111100010001011111
0010000101100100011000011000
0000000000010101010101001110
0000001101101001111000110101
0010001101110010000110111010
0001010011011000011000000100
0000001101100100100100110010
0010000010010111010010010010
0000000001100011110000010011
0110001110100111111001100010
0000000000010100010011000000
0000010000110011110110011110
0000000000010011100100001010
0001010001011010101111000000
0001001001101100100111101110
0001001111101010110111100001
0011000010000111101000011011
0011001011011111010100010000
0011001001010001100010111000
0001001011111011111001000010
0000000000001010010101000010
0000010001100000100101101011
0011000110110001011110101101
0010000101100100011010110010
0010000101101010001111000100
0001000111000110001111010011
0011001110001000111100011001
0010000010101011100001111010
0100000101100000101010100001
0001001011001100101100010110
0000011000010011010100111001
0010001010100001011000000011
0001000000001110001111001011
0010000110001000111101000000
0011000010011011000011111100
0001001011101100111000011101
0000000101110010001000001000
0100000011100000000101111010
0001001010101011101101101111
0011000110111110011011100011
0010001101100111101011001010
0001001111010000111001111011
0000000000001001110101000011
0011000101101101011101101010
0100000101101101101011011000
0000000000110100000101100100
