000000000001011101111100100001
000000000000101100001001011111
000000000010111000001010110001
000000000001001111110011001010
000000000010101101000100111110
000000000010010011110010100110
000000000000001010100100001101
000000000001100010010110000111
000000000001001011011010101010
000000000000100001111100011010
000000011010100110011100100101
000000100011101010011001111110
000000000000001001111101011010
000000000010110000010010001100
000000000010010101000011010001
000000000010101010011001101010
000000000010001011011101111101
000000000001101110000011010110
000000000011000010110100001100
000000000000000010001101010000
000000000000101110110010110000
000000000001100110101101011111
001000000011001100010011100111
000000000010000000010000110000
000000000000111111010101110101
000000000000100001001000011000
001000000011100100101100110101
000100000000011010011011001111
000000010011110101111101000010
000000000001001101111100011100
000000000011101001100100010110
000000000001110001111100011010
000000000000010101101110100010
000000000001000111100011101011
000000000001100110000110011001
000000000001001011011010011101
000000000010110011011010000000
000000000001011011000000000101
000000000000101001110010010000
001000000011111000101101110010
000000000011111000111001001000
000001000011010111000001000000
000000011011010110001100101010
000000010001001010101011011001
000100000011111101010100100110
000000000011110010101111000010
000000000011000101111111001111
000000000010000001110111110101
000000000010111010111010001101
000000000010000000100000001101
000000000011010100111100000100
000000000010000010101001111011
000000000011110001110000010110
000000000011101011101010010111
000000000010000101001100011101
000000000001101110011000010101
000000000011110110100110000100
000000000000101101000001011011
000000000011010111010100011110
000000000011001110001000010110
000000000000010110011110000111
000000000010110110000100001100
000000000011110110111011100011
000000000011001011011100110101
000000000001100001101010010010
000000000001100011011010011010
000000000001111101101100011001
000000000001001100010010101000
000000000011011010100010010011
000000000001011000010001011011
000000000000000111001110110100
000100000010110000010011101100
000100000000011011010011101111
000000001011110010100011110111
000000000000010001001100000001
000000000000000000011111000001
000000000001101011010001100111
000100000011100010101110101111
000100000011111111011010010100
001000000011101001111001110000
000000000001011101101010110110
000000000011111111100000101110
000000000011100010110110011111
000000000000011010101010010010
001000000000100010100101101001
000000000001010010001011101111
000000000011001010001110011011
000000000000100100011110111110
000000000011011011110001111110
000000000001111111100011101110
000000000000110011111011001111
000000000001010001111100011111
000000000010000110000110000101
000000000010000011111011111001
011000000001100111010011101110
000000000000100111111111101110
000000000011110111010000111010
000000000001011100011101011010
000000000000001110101111011001
000000000000000000001100111000
