0000000000100101001100100110010001
0011000000000010011110001101111000
0010000010000000111100111000101110
0001000011000010111110111011100000
0000000000001011001101101110111110
0001000010010001000101100110101010
0000000000001010110000011110111011
0001000010100010100010101111110001
0001000110000001011010111011010100
0000000001000000101001001110110111
0000001000101001000000101101100111
0000000011100011010101011001111011
0000000000110000100111000111100111
0000000000111000100000001110011001
0001010100100001111101001010010011
0000000101100100010011011011010000
0001000100110110111010101011001100
0011000000001111101100010001111110
0101000001100000100100101101010100
0001001000100110110110111100100110
0001001000001110100000000011011001
0001000110100010110101110110010100
0000000010000101111110100100100000
0001000010000101101001100111001100
0000001010001011110011101101011011
0000000001101100001110110001000111
0000000000000111010101010001010010
0001010000110101011010100010001001
0010010000110111010000101101000011
0000010100001010100111011110010010
0010000001100100101010100100110110
0101001000010110100101101011011001
0000001100110000011101000110010100
0000000000000010111101011100111010
0000000100000110111010011010011111
0000000000000011011100001011001011
0001000000101111100110100000000101
0000001100000111000010110110010010
0000000000100000011110101100110100
0000000000001010110101001111110000
0000000000000010110101011011101011
0010000100010001110101000100011011
0000000000100101010011110010100100
0001000000000010001110011011101111
0001010001101101010011101110010010
0101000000000001111111011101100000
0000000000111100001010110000010011
0000000101100010111000011000101111
0110000000110101111010010110011001
0000001100000111001000010110010111
0000001010011110100110110001110001
0000000000000111000010000101010001
0001000000100010001010101101110100
0000000000000110110001100011010111
0011000010000001110100111001010111
0000000000101000110010001111001001
0000000001010101010000000010000110
0000001001011011110110010011101010
0011000000000010001010101001010011
0000000000000111001101000110001010
0000011001101000011010100010110010
0000000100100000111010000100000011
0000000000000011010111101110101111
0000001100000010101010001001101110
0001000010001001011110111111111111
0000000001010011111010110010010011
0000000110100100100010001010011010
0000001000110001001100000011110000
0000000111000011111100010111111100
0000000101100100000001110110111110
0000000000001110111101001100100110
0001000000000001111100001011011110
0000000001000111111011010011001111
0001000000101110010001101100011110
0000000000100100100011110110011110
0101000010001101101010110010010001
0011000000000010001011101011000000
0000000000001011000011101110111110
0001000110010001010010000111001101
0000000101100100011100111001111100
0011000000000001100000111110000010
0001000001100101000011110100101010
0000000000000011010100001101101101
0110000010100011110010001011001000
0100000000101010100111101111101111
0011000000000101101101010100011010
0000000000000011000111011101010101
0000000011001100110010001110010010
0100000001001011110000111110001010
0000001000110101111011101100001011
0011000001001110110000000001001100
0000000010101100110011100000010110
0000001000100000100011111000101100
0010010000111001110010101110100101
0000011001001001011011111101011100
0000000001101010111111110110010011
0001000110001101011010000101100100
0000000010000010000001001010011100
0110000100010010000000100101010101
0001000000010110001011000001001001
