000000101000111111011010101100101011
000000001101100010100111011001110100
001000100001000000100101000011001010
000000001011000000001100111011111011
000100010001000010101001101110101101
000000010000000010111001001010111010
000000010100011101110100111011101110
000000000100001010011001001110010111
000001000111000110100000001100000011
000001011010010000110101110100101000
001100001010001100101110010000111111
001000111000100111001001101101110110
000000001011000100101001000011101100
000000100001001000110011111100100011
001100000011000100101101010101111110
000000000100010110001001011000100011
001000001001000000110100101100100010
000000001001010000101111011111001000
000000000110110111110100000110001001
010001000110010011110010000111111110
000100000000110010101000110011101100
011001101011010000101100010101011110
001000000101110110000110100001010111
000000000001010101011011110110100100
001100101000101111101011100011011010
000000000000001011011000110010001101
000000000100000010010111101011110100
000000100001100001010100011011111011
000000100111010110011001111100111100
010100110111000000001010100110011000
000100000000100110101000100010011110
000000100100011110111010000011011111
001000110110000010001110110110100011
000000101100000010000011011101101101
001000001011001000110000101100000101
001100001010000000101111001011011011
000001011000000110011000100101100110
000000001000001011101011101111100100
000000001000010110011100011100101010
000100010101100010100110001000011100
000100001010000101110001100010111011
000001100100011010101110000000100011
010000010101010000001011000110010110
000100010001000101011010101011011111
001100110000001101100001100001000011
011100100001000101100000100010010000
000000000000000010111001111100001100
000100110100001101101011100001001011
001000000101000111010110110011110001
001100000011000000010100001100001100
000000110101010010010000000110110000
001000000111000011010000011010100000
000000000001110101010011001110101010
000000011101010101111001101010111100
000000010100000001111001111010101011
000000000000000010110101101011001111
000000001100001101110111000000001101
000000000000100110110101110101110010
000000000101000110000011000101110111
001100100110011000100100010010101011
000000100111000001010110011101110100
000000010001001100100011000010101001
000000000000110111000100100010110001
000101000000001101010110111111000111
010000000110000000001111001011101010
000000000111100000011001011001100100
000000000100100110000110000010000011
001000000010001011011000111110011111
000000001010010001101111011111100000
000100000101000010010011011101010100
010000110111001000001110010110010000
010000010011010110110010011010000100
000000000101000101111001110011111100
000000000100000001100101101010001111
010000000101110000001110100111111110
000000000001000101000011000100000100
000000110000010111011010101001000000
000000000010001000100011001110111000
000000000001010001010110001111101001
001000100001011100100001001100101101
000100000111101010000001111010001111
000100000000101010010101001101011010
010100000000101110100111000010010001
001100001100100101111110100010010000
001100000101000010110100111100010010
000000110000001011011111001101011001
000000000011000100000101000100001000
001000000010110111101001110110101010
000000000101000000100100111011001010
000100011111010001111001110101001100
000000000001000000110001001100100111
000000100011001000010010111101100101
000000000110000111110101010011111101
000000110010000000010101111001111011
010101010001011001101011100000000101
000001010110000101010011010101101100
000000111010001100110001100001001100
000000000001001000111001110000001100
000001100000011011010101011100011100
001000000110010000100000101101000010
