0010010000110000101100001101000110110111111111101001111101
0010000011101110110000110100000000111101011011100111100100
0000100010001011101101001010001000011001110111110110110110
0110100000010110011011011001110001011000110100110100111000
0100000000010110110011101101011001001010111101111101100001
0000000010100001001000100111101110111010111001011111001011
0000010001111001101110101100101001110010101000011001010101
0010000011100110011101100010101000100111101011110100111000
0010001011101100100101101111001101111110100010111110011100
0000010001101011010011000111010011010110001110101100011111
0100001010110110111011111000110001111111110110010110100101
0000000001111010010000011101101011000101111111011100000110
0110011000110111111100101110000111101011100011011000010001
0111000010001001111101101101110010111011101011110010010111
0000010010110111111100100000000000101100010111010000111110
0010000011101010010000110101001100111101000111100001000011
0000000001110011001000010100111100111011100101100100110100
0000000001010001110010001001110010101110010101100011100110
0110011001010010000001110100010101111001111000010101010100
1000001001101010100001101100110111101011111100001011111011
0100001100011111000010001000111000000010010000100010110100
0100000010111110010110100000110000110101011110100001110001
0000010010111010001110111010100101100100001101100100110100
0100001011110111000100000011000010000101101000111100101010
0000000000110111110111100010100101001010110000100011010100
0000000001100110000010001000000101001010001010001001111000
1010001001100001010010110000001100001000100110111001111011
0100000010011010010110001000100110010110111100011100101111
1100001011011000101011111011110000010110101110110000000000
0111000010110000101011011011001000111010101000101110101101
0000001001101010000100100011110011110101110101001111111011
1000001000011000000001100110110010000100001001111011111000
0000100010000101110010110111111110101111110111110000111111
0010000011110011111000100000001101000110100010111111001000
1110001010110101110100100111001111111101110100111010100010
0000010001000111000100001110011011110011100011101111010110
0100010010100101011010101011111111001010101110111100001110
0010010000110000110011100111000001011110100110000101010000
0100001000100010100011110101010010010011110010111010101010
0110000000111101000111111010010001000000010011111011110011
0010010000000010011010100111010100001000110010010000011010
0000000010000101100100011101101011000011000110101010101100
0100011011011110011110111111110000010011000111101010100011
0010001011011101000100010110000101110010010110011110100101
0010001000001101110000010010111010000010100101100010000011
0100101111010011000000010000010110001101100110100100101000
0100001100100101110100000110111110000100111011111010010101
0100000011101001000100010111001000111111000000110110011011
0110001000111111011001101111010011111101100100001111101100
0110000000111100101001111001000000111110101010011001100011
0110000001011011101011000000010010111111111011011101011000
1010000010010011110001011001010011000101110000011000011110
0000000010011110101011100111111010010011001010100101101100
0000100010001100101101000000101010110001011101110011111010
0000001010101100011111000111011111010100101011001100100101
0110100000101001111000000001001111010111110101100010010011
0000011110110110010010011010110100001100011100101110111101
0100010010111111001000011101110111010101001001000101001011
1100000010100101011100111001010100010011100110110111110110
0100001110110011010111100110000100000100111001111101110101
0010001011111001111110101001010110000010111111001110001011
1100000010100000110110100101100101000111011110001010100110
0110100011001110000010101101100111111110001010000100101001
0000010001110111100110001001011101100000010001001101001111
0010011000110010101000110111010011110100010100010011100101
0010001011110100000110111101001001111100011110011010010100
0100010010111010111100000010110000100000000011010100100010
0010001000010011100100101011101100000001011000101111101001
0010011001000100010110010000110101110010011111101000011100
0000000001111101100011000011011100110101110111111111101000
0010011001010100110011101011000101100010111000011111111001
0110000000111101100001101011100011001010111110011010001011
0010000011011111101000010111000111000101010010010110011001
0100110011010000100101011100001100000010111110010011110010
0100010000100110101111110110100001100100011001011000111000
0000000001111011010000011101011010111001111110011101110100
0110000000110000001010001011110000111011100000011111111011
1010000000110000010010101100101000110110000010110101100100
0010011111110000100111000000111100001101111000100000010111
1000111000010110101010001011101110001100111100000001001101
0000001010100001001000001000000110010111101011011010111010
0000010010001110011001110101101101001011010100110000101010
1010010011010100100011011110010010000001010101100010110000
0010011011110110011001111001001101100010100111011100101010
0010011000000001111100100010110101011010011011001000110111
0110011011001111001000110100111101110100111010000010000000
0010010011110111000000010001010100000101111010110000111010
0000010010110011001111010101111111110001010010001001011011
0100000000110111100010110010100010111110000010011101010001
0010001011011111111000111110101101110011101101111111110110
0010000000000000111000011101111000000111100110010000000010
0100100011001001011101000100010110101000000001000100000011
0100010001001001010110110100010010100110011000111100001000
0010010011111111100110010010001001101001010100000100110111
0010000011111011011011111010101010111000000111111110110101
0110011111101010001011000001000110010110001010000011110100
0000011010010101000111110101001101100101110111011000100111
1110000000111100011010011111110111001011011100110000111011
0000001010101110110010101110011011011110011011100000011111
0000100001100010111110011100011000110101111100111001011000
