00000000000101000111100100010001100100111111000100101010111011010100100001001000110101100111111101
00000000001101100000100001100100000010110000110011111111110110110011010100001011000101000011011000
00000000000000000001110100010011001001101011100101010001010101110010101100100111010100010111101111
00000100000100101001011100110011001110001010011110011011010100010111111110111110100100100000011111
00001100000000100001111111101010000110110010110101100011101011010001000010101110100111110001001111
00000000000000100001000000100001110011011000101101001110111000101011011101110110011001000110011100
00000000000000100010110011101011101100001101011111010011101101010111101001010110101101100001010111
00000100000000101110001111000010110111101000010011100100110000010100111111010011111110011111110100
00000000000000000111001100011010110110010110000001111010000101101001010001011001000011100010010100
00001100000000100100100110010000011010110010100111101100000011111111110110000101110010110000011010
00000000000000001011000111000001101011011100101110101000011111110010011001011100000010100110110111
00000000001000000111111111000010110000101000001110110100010111100001010001011100111110001001011101
00001000000000000000110000100011000001001010001010000100101100101101001111001001001101010110101010
00000000000000000010110110011001001000000001001101010110101000000111110100010000011111101110111000
00000000000000000010110000010100101101101000101000011011111100011100000110100100010011000001010000
00000100000000000001011011010110110100100001000001110010011101100010011010110111001100111010101000
00000000001000101100010110110001111100100000110000001111100001011000011000110010011100010110110001
00000100000100101001000111001111010011001100001010001000001010110000100011100111110000100101001001
00001000000001101100101110110000011011010000011101010111101001111010010101100001100001101001100100
00001100000000100011100001110000001010110000111000011010111100011010000100011110111110101001101010
00000000000000100001000110011111100001010000011011011101001000110001110000011010110011001011111010
00001000000001000011011000001010010011011010001000010111101100011011100010010011110110000000110010
00000000000000000011010101110010100010101110110011011100010101000001101101110001111011101110110001
00010100001100100101000000100101001110001101100001111010000111100110111011000101001101011010010110
00000000011101000000010000100010011010111000010010010011000111111001011011010000001110011110111110
00000000000000000010001000101010011111000000011100110100111110000010011010000110001101100100101001
00000000000001100000010011001101001100100111000111100001000100101010101000111010011101000010111111
00000000000000000001010101001101101000001000100100101001111110110100000001100010011000111000001100
00000100000000100001011110100100110010011101001101000111000101101000100100110000111011000011010001
00000000000000000010000110100101000000001101010010011111001111010000100100111011010101111101001101
00000000000011000111100000011011101110101001010010101101000101100110111101010011000111001010111001
00000000001100000011000010100011000110010110110100001111110110011001101010000000000111110011111100
00000000000000001111101001111101100101001101000100111100100000100011100110101111011110000010011111
00000000000000000101011111010010110011000000011110011101010111111001100001000011010011100101111010
00000000000111000111111100010101110100101010101000011100111000001000000110001111011001010100110000
00000000000000001011111111010110000101111011101010001101001111100110001000100110001001000010011000
00000000000000100001000111001000110001100000001011001010010111110000010011101100111111000011100010
00000000000000100100101100101100000001110011100101010111111010000100111111101001001001001001001100
00000000000100100100111101011110000001101010010111110000010100110101111101011110101100100000110011
00001100010000100110011101010101010011010111110101100010111111010110010000110101000101000110111110
00000000000000000010000000000001001110101111000110010010100101110010011110001001110011110011000010
00001100000001000011011110101101111000111101011011000010101001111000101011110001000111111101001010
00000000000000000110010101101010001010100111111010011110110110110010000110001100100111111000111000
00000000001000001011110111111011011101010011001011001010011110100101000011110110100111111110110100
00000000000000000011100100101010101100110101010011100100111111011011011010010011101010010010111000
00000000000000000010001101100010110011001011010110110000001110000100110110000000010001100110000100
00010000000001000000111101110111101001011101000100010110000100100100010111010111010100010100011001
00000000001000100000001011111000101011101011001110100110100011001111111100111010110000010011111100
00000000000000100111001011000111010011011110111100100001100001101000101010010010101001101101001111
00000000000000000111101011000001101101101101010111110101110011101001111001101010001101001110011110
00000000000000000011001101101101100010101100001100000111010111010101000101010011001001001001000001
00000000011100100100110001100111001110001001011111110011001101111011010101000001100001010000010110
00000000000100100101001101110010110000100100001000100000111011010101001110001111001010011011011000
00000000000000000010001010001001110011000110100101000101001000110100011011110000111100100010111010
00000000000100000010100001111001100011111100111100010001010111100011011101000101011010001110110000
00000000000000101100101001000101100011011101110000001000101100100101010010001010000001001110010011
00000000001000100101001100100010001101110001100000110001100011110110110111110001100110110000100111
00000000000000100001111111001110010100111100101100000000100111100111000001000101110011011000000110
00000000000000100101010001011111010111001001100001001001010001001110010110111000111110101100110000
00000000000000100100110000000101010000100000100011010000010111011101100010010001010010100100010111
00000000000000000101100101001100001010100001100011000011100110001011010000100011110111101100001001
00000100000001000010101010001000110111000001011001011101100110011001100011101011001111011001010110
00000100000100001001010010111011100001000100101011100100111010100100010010110000001000101111110010
00000000000000001010010111110101010001010100000000111000011111110110000100111111010101000000111100
00000000000000000110110001100000100100111100000010101011100101011111111001001111100011001110000101
00001100000001000111101101110001001000011001011100110110010001111011111111100110011100110111101010
00000100000100100010100111100001100011000110000110110000110100001010011000111101111010001010011110
00100000000000000011111010010010111111010000110000000100110101000111010110101010001110000001011000
00001100000000000001100101110001000111100111001001010011110101110001010001101110111000000101111101
00000000000000100100111110100010011100110010100011101110001011110101010100010011100000110010100011
00000000000000000100010001110010011011010011001100101111100000011110101111011110010011111100110000
00000000000100101101100010010100111101000110110011000011110100000100101111010111101010000111000101
00000000000000100101000010101010101100111110000100100110010100111101111111111001010001000110011111
00000000000000100000011111010110011101010110000110100111101000010111101100101111001111000101101111
00000000000100001010110010111000011110001101011101111101001010101110001111000001010110100100001110
00000000000000100000100111111011010111010110010110011001100010101111100010111100100111101111110000
00000000000100100100111010111000100010001001100111010010001010111010001110010101000010100000001100
00000000000100000111011010111001000000111010100111010110011000010110001010111010001110110010111011
00000000000001000100111110110000100001011010011111100001110100001011101001101111010010000001100110
00000000001000001001110101100011011000101111100001000100001100000110100000001001101101101100110000
00001000000000000000111100110010100100101011000010011010001001010001111011000001010000101101100101
00000000000101000111101100000101011100011110111101001101001011010001000111111111100101011100100010
00000000000100001101010000000100101010001101001110001100000100110010110000110111010100001110011001
00000100001101101101001010110011100101001101010110110101010010001000111001000100000101110011000110
00000100001000000110010001101011110101101110110100110001000111101010011100000100110110100100101010
00000000000000000011101010011111100101111001110001001010001101111101001110001100100100001100010001
00000000000000000101111001011100111110100111000000001110010000111001001010101111010001001000011110
00000100011000001101011110110101010101110110000011101001110011010000101101111011110000010010011000
00000000000000000001110000010111110000101100011110100011101001001000111011001011110110101011101010
00000000000000000011100100110111111001001001011110010011001011111001000000011001101100111101101001
00000000000000100101100111101100000101011110111111111100110111110111001101101001101110111001100011
00000000000000100001111001011000100100000100010000111100100100111100011001101001110001110101101011
00000000001000000100100011011110001111110100000110111010100001100100001111111100011101111010001001
00000000000000001010001001110110101111100000000011000011111111001001100111100000111110000010101000
00000000000001000011110011110100111100011100101110001000001010101001000101111100010110000101110010
00001000000101101100100000100000010110011000001010101100100100111001010010110011001000000000110011
00000000000000001010101000101001111000001010101000100111110010010011101110101100111100011100100001
00000000000001100011000000100000001011001111000100000000001010011011101010010011010101100010101101
00000100000000000001001001010101101011000000011001101101101000010001110111011110010110001001110011
00000000000000000010000001011000111111100100010101100001100110010100110010010011010001100101100111
