0000000001001010111011010000100100000000111101010001000011
0010000011111011111111000001100000001110111110010101111110
0000001000110001111101110101110010011010111110111111010100
0001001011101111011101110101001101010010110110111110010010
0000001000000100011110011001011100101111110110101011000110
0010000011001010110100001000101100100111100100001111001111
0000001000110001010010001100000111100111101110101110011011
0011001110011110110100011111110101101100000111001110101110
0001001011010110010100000101010010101010110100010100101100
0000001110001110100110010110110111000110100011010001100001
0010000001010010000010000111010110010110000110100010011001
0001000111110001111100000000110011100001100111000111000101
0011001110011011100100101100011000111111111001010001011101
0000001000000011110011110101100111001111101111100100111000
0000011000100100000110101000111001011111101110000111000011
0001000011011100111001110010011010011000010011010010001101
0011000010110100011100110001010110010101010001100000100010
0010001010010001011100010011101010111111101111100001100011
0010000011010101111101110110010000110010011001100100111101
0010001010011101010101000011010011100000011100011011010010
0011001100110101010000100001000110100110110001100000111111
0010001110101011100101100101001000101101101101000100110100
0001001010110111100001111110000110010101101010110001011110
0110000101011110001111101101101011000100001110100111001101
0101000010101011110011110100111000101111010000101100000110
0000010100100101010111110001110101011011101111010001001010
0010000011001111101011011111000110000110001011110010000101
0000000100000010000011110101110001100000110000001010010101
0000001100001111010010101101010011010100100000111100100001
0000001000101010110100010111000011000011100100010101111000
0010001001100101110100100100111100101011010011010010101010
0010001000101000001010011000000111000010111111011011011000
0001001111111001101101001001011001000111001110011010011011
0010001110011010111111100111010100111110011111000111111011
0010000101000000110100101010110001001101011010001010100101
0000001000111101000101101101010001101010110101010111000100
0001000011010101110100001011100100110101011001111010011011
0010001000100100011110000111110011110111011001010110100110
0011000101101101010001010010101111011010110101100111100011
0000001100111110110011001000011011001101101001110110000101
0000001010000011001100110000001111001101000001011101011001
0011000010101010110000000001101100010011100100001101011100
0001001011111001000111000000011011000100110011011000111111
0010000010010010101000001110011010011010101011100000101101
0010011011000001101101010001011101101011111001010011011011
0010001100110000011000000111101011001111011101110111011101
0011000110001110111100110001011101101110111000100011110101
0001010011101010100100101001010110101110000000011100100011
0000000000110111010100010000100010001111010110010100110011
0001000011001110000111001010001110010100110111010011000110
0010001010001111110111011001010011100100010010100111110110
0000001001100101101111110000001000011011011000100101100010
0010000010000101111100011010111100010001000010011100000001
0011000101111101010000011101111011110011110100001010111110
0100001100010001101001001110011001001111100010011001111110
0000001100001000000111101100101111001000011110010010101110
0010000110101010101110110110000111111111001000111011100101
0010000110001010001010000011011101111110111111101100110100
0010001001100100110100110100101101100001101000000010110001
0000001001110000001001110100110011001101010000011001001111
0010001010110011101011000110000011011111111001110101010111
0010000110000010010111100000100001111100000110001111011111
0000000100111100101001011101011111111110010010100010110011
0001001110111010111110011010000101111101110110001010100101
0000001010000010110011100011100010110000011000111000000100
0011001011001111000100111011001001011011111000010100111100
0011000111000101101011111110011001110110111110000011111100
0000000100110000011110010011011001100001010100000111100111
0011001101100011011000011110100010011101110000110100111011
0000000000101010001010010001110110001101100011100101110111
0000001100011110000011011011110111001111000111100010110110
0001000111110111000111000111100001111011101111100101110110
0001000011000111010110111010001000000000010000111001111110
0001000011000100011010011010010110111101110110000101100110
0011001011010100011110011110111001001010110110111010010111
0100001000010100011011100101001101001100000110011001101110
0011010001001110000101101000100111111101010000010001100001
0001010010110010000010011100101101101100110111010110010010
0010001011111110110010000100101111000101111100010110011101
0010000001100001110110010001101100000001011111101111101100
0001000110001001101010101101010101110100101000010101011010
0010000001111001010000011110111000010101011000000001001100
0010000110111100101001011000001001110100111110011110100010
0001001011110001111111000010011101011000000101110110000100
0000000111001110011000110010011011011110101100000000110100
0010001011011110001000100111010110010100111110011110001010
0011001011000000001010010000111110010010101001001101010000
0000000100111010011000000011010001010001010110000001010111
0000000000010010001110110111011100011111000000000110011110
0010000001010100010110001110100000101100101100101010100101
0000000100110100010101110000110001101110101010001000110000
0001000011010110100101100010110000111111100001101100110110
0011000001011111000111010000111100011100100101010000010011
0000000001000000001011100101111110000101010001100001010101
0010000001111110000101000000101000011000100001110111111100
0010000010011001111011001011111100001110101001110000101011
0001000011111001011000001100111010101001101001000000111011
1001001110110111001011110011001110110000000001010000101010
0010001111011110100100110111010101001000100011101000010101
0010000101111010001001001100100011010110000010001001101001
