00000000000000010011011100000101011100111100100101011000101010101110101101111111001100110010111011
00001000001001010111000101010010100010011101110101010011011100101000111110000100101101011001110100
00010000001000010011110010001100000110000011111100000100100011100000101011110111101100101101010111
00000100000100000010000000000000000001100111000101011110111001010101101101001100010010101101010110
00000100000010100010111100001101000011101101111001011111111101111101101101111100010000110011111110
00000000000100100101100101110010111010101001011001110011011011000110111110011110101111001101001111
00000000000100000111010110101010111110101011010110011010011011001100010011100011101110111110011000
00000000000000010110011101100001011110000111111000100101111000011011000100011101001010010101001100
00000000001000000111001100000111001000110010101000111011110111011001110000000010011111010111101011
00000000000001000111110100001010100101111000111001011010010011010100110100110100001101001000000101
00001100000011100100011010100001000101111011110011100010110110011110011000101100100110111010101011
00000000001000101000011010010110111111011010010010000111101101001011101001111100110000011001101000
00001000001111010000011011100011001111001000110101111001000100000001011000011110111100101001001111
00001000010010101000111101001100111100000011000111011001111111000000000111000000100111101110010110
00000000000000000111010100111101000110110110100010000010110011101111011111100011000010101001100001
00000000000000100001000001110000001101010000000001010011101011110111010101101110110101110100011101
00000000000010000100100011100001100101111100101101001001010011010110110100001110111001111100110000
00000000000000100100100110111010100110101110100101010001110010010000000101001110101101010101010001
00000000000000000110011100000010111111110110110101010100110100110011001000110011001100001000011101
00000000000001000011110001101010010010101010001101111100101011101111011111000000101100001111011001
00000000000011100100011111111110110111000110101110000100110111110011110010000111001011111111010101
00000000000000101101111001111111011110101111001111111100010000000011011001100110111011000010101111
00000000000111100100011101110011001000110011110101100100001010111111111110100011100011011110101110
00001100000011100000100000100001110001011100111110111001001101000101100000111011010100010001111001
00001100000100110000101000011111101000100110001011110111111011100011111000100010011100111100100101
00001000000010010100101010011010101110011000101001010101100111011110111110000000101000010001000011
00000000000011110100001110100010111101000110110100110000010100001011100111110101101000000010101100
00000000000100000110000111001010100101111111111100000001111000001100010001001100111001110001101101
00010000000110001000110000011100111010111111000010011110011110101111010101000110011111011001000001
00000000001100100000111001010001001011110101000111001110001001110110111001011010111101011001100101
00000000010100110101000101011110000000111010100011001100011100011001000101101110010000101001001010
00001000000000100011001011101010000110010101111001100001101110101000101111100010100000101001010110
00000000000000110110010101110100000100100001111100010101111000011101000101110001010001011011111111
00010000000010000100101000111111000000110010000100110101010111101000100010111101000000010010001001
00000000000001000011110001101100101111110101101010111101111000111011101010100011010111101000111100
00000000000000000010101110001001110110111010011000011000101000000001010101011100011011100111110011
00000000000001100100000100001011010110011101110110100100000111000111101011001000100011001111100100
00001000000001101100111010101000111000110110001101100000010001111100110110000000011101111111101101
00011000001000000100111110011011000111101100101101000111111011010110101101001110011011001010111011
00000000000010001011000101111001000010101110100101110111111010000110111111111110010110000010011101
00000000001110010110000101110110101111100111101101111011111011001100110001111100010100110111100111
00000000001100010111000100010110000110111011000010100010011011010011000001010100011100000010110010
00001000000011110000100100011100010111000011000000011110000111001100001100111001010000101100111010
00000100000000000110010010101110010110010011110100101100110100110001010100001001000001100010110101
00001000000001000011100011110011101011110111001101010011111100110011011111100001011001110011001000
00010100000000100110100101010011111001000001101000001101010101110001110101001011010100000100011100
00000100001000101110101010000110100100111010011111110010000010011000100010101111101110110001100011
00000000000001001011110110100101101101100100011100000010011110001100000111110101101110000000111000
00000000000000100001011110100010011101000001101101010000111000001000101100100000000000011010100000
00010000000001000011100011000011010000100001111110011011001010010111111110110000010110101111110011
00001000000000101101101010101100110000010000001001100111011010110011001111011100001010011000100100
00000000000001000001000101001011110100100101001001000111011010000111001111000000010000101001010100
00000000000000000111010001110111101000001101100100010011010011110000110001100101111011000101101100
00000000000000001110111000101011011011100100101110011101010000101000110110100100110010111011111011
00001100000000101101100011101111001011111101000100001000100000101101001111101011000001111100000000
00000000000000000110010011000110010100111101101000001001000001111110100101001101101000100010011100
00001000000001100000101100011010011001111000000000000011011011110001001001111000101101110101010001
00000000000000100101111000100101101010000101000011011001010100101000001001100101010010011110011101
00000000000010110110001000000000100011011000011000010100001001101110011001101001001111111111111101
00000000000000001010110101001111000111011000001011100101111110110101010111010111101001001110000110
00000000001100010010110101101001010001011011100111001110100110011000101011011110000011010010000111
00001000001010101011001011010011001000110110101010010001001110101110010001100111101010100110110110
00000100000000000010100101000000011011100011000101101100101011100000010100101010001111001011000100
00000000000001100000000101101000100001000110010010010111011100001100000111010001100010100101001001
00001000000001001011011110110000111010101100110011010001010101101011001110111110100111000100101000
00000000000001100011000100111000100111010001110000101100111101000101000011010010100000011010001111
00000000000000100101010101111000010010111100100100011011110110011011111000110111010100110010101011
00000100000000110110111011110110000100111101111100101011001000101011110111100011100111001000111101
00001100011101101100011110100100011000001101111100011111111110101000101111000010110110001100010011
00000100010010100110100010100001101001101000000111101100011111011110101000100101101011111010001011
00000000000000100000100011111100110110001001101111000001001001010010010011010101001100010101010100
00001000010011000111010011011111011000111111100011111111101111001111010110011000100010010110010000
00000000000000101100100101011011010111010000010101101001010001001100011001000111101001100010001000
00000000001000000011011110010110010000111001111000000011000010010000101011100011110011101010010000
00000000000000010111011001101100100010010111100010010000111110111011111001101010100000110011011011
00000000000100010011001100010011000100100111000010101010010101110111011000110100011111111001010011
00001100000011100000100010000000101001110100101100000100111100100011100001101100111000011110000000
00000000000100100001100110001001111110110101101001001010111010101001100101011011010001111001000000
00000000000000110100011100101111010110101010101011111000011111110100001001011111101111011000111000
00001000000111011100011010011010011000100000001011100101000101010000001110001010110000010101100010
00000000000100000011011101010111100000110101001011000101111000000100101111011001010100001010110001
00001100001001001011100110010000000111110100101010000011010011100001101010000000110110100010001011
00000000001001101000000010000001100101101111001111011011111101000100110001100001000011110010110100
00000000000001100111000010100101101011000000100000011100010101011110000101111111010101010110101100
00000000000100000010011111001010101000101000111101010110110111101011000011010011010101001100001000
00000000000000000110110011110111100101010110010110100000000011111110101000011001001001000100001010
00000000000000110101001101111101001110010011101001011111000111010011101101111111111001001100000001
00001100010111111000011000111111100011010110101101000011011101100000101111000100011010000010111110
00000000001100101001001001100001111010101010100111110001111110111100001110110100100011010011100101
00000000000000100100110111011011000001101101110011101111100010001110100011001111111100001001000110
00000000000000100101110001011101100001101001110010111111110110111011100110001100100100111001111011
00000000000001100100000111101101010100001010011001000000000100001110101110001000010011000000101010
00000000000001101000011000111110110010101011111100100110010110110100110010101011011101000111001110
00000000001000110100110000011110111101110001001110001100011100010100100011011101011100000101110011
00001100000000000101100011110101010010110100010110101011110100011001101101000001100101011110011000
00000000000001100000000000011101010001110001001001011000111000011110000101101010000100011010111101
00000000000100000011010110010010010111101000000010111110000101111100010110111011100010100010011011
00001000001100000101110101110010011001000111111101010011011001000000001001110111110011010100111100
00000000000010100010001111101111010101110111101001110001101101000010110000100001111100001000101011
00010000001101010011100011000001100010111100011100111101010100011001111001101000000111010100110011
