0000000010010011011010101001
0000000001000011111010000000
0010000000111111000100011100
0000000010111011101000111100
0100000011111101010001010100
0010001001010110000001011110
0000000011110001001110010111
0000000001101001111100101001
0000000010111101010100100101
0000010010010111100010010001
0000000011100111011111001111
0000000000001000110110100101
0000000000111001001010110101
0000000011001100011110100010
0000000001010100010110110111
0000010011101010111010101010
0000000001110000111010111100
0000000001001010000010011001
0010000000101100100110010010
0000000010100011111000010111
0000000010000000010111001010
0000001011100001010001001101
0000001010101011010000100110
0000000000010101010010101010
0000000011111111100101100010
0000000001000000101111011111
0000000011101110000111000100
0000000011110000000000010000
0000000001011101101110110000
0000000010011010010001010010
0000000001111010001010001101
0000000000100111010110010110
0000000011110011010110111110
0000000000110100011010001011
0000000000010011110010111101
0000001001100000010001010001
0000000010011010011100110110
0000000010111011100010011000
0000011010111100010001100001
0000000011111000010010101111
0000000001111100100100000110
0000000000010111001010010110
0000001000000101110000101000
0000000011011010111010000011
0000000010000010011000011110
0000000001100110111001010011
0000000000100011100001010011
0000000011111011110110001001
0000011010101000100100101001
0000001010011011010000010101
0000000000000010101010111010
0000010000000101010011101001
0000010001010011000001000110
0000000010101000110010010000
0000000001010011101100011111
0000000011010001111100101111
0000100010011000100100111000
0000000001010011001001110011
0000001011001001101110000101
0000001011000111101110110001
0000000011111101001100100001
0000000010000001000100100010
0000000010100110011100110101
0000000010000111111011110010
0000000000101011011011111000
0000000001111100101111101111
0000000010110111010001000000
0000000010000110000001110000
0000000000110010001101000001
0000000000100100001001111011
0000000001001101011001101010
0000000000101011011000010110
0000000010110001110010011100
0000000000100110010110111001
0000000011111101000001111000
0000001011011101010001111100
0000000000100101101101110000
0000000010110000101100001101
0000000000101100010111110001
0000000010010100111100011011
0000001001111101111100100001
0000000000110010101111011000
0000001011011111110010111101
0000000010001001001000110001
0000000010010101001011011111
0000000001100010101000001110
0000000011011111001101001100
0000000011101010001000110111
0000000001100100010000000110
0000000001000011000000111110
0000000010101000011001011001
0000010010011000001000000011
0000000000011111110001101110
0000000001101000011000110011
0000000010100000001011011011
0000000011111011010011100100
0010001010101110111100000100
0000000010110111110010001001
0000000010110000010100000101
0000000010110110100011000110
