0000000000000111001000011000111001
0010000000100010000001100111100100
0000000000001011011011111101100100
0000000000100101110000000000001011
0000000000000110101011110010101101
0001000000000001011100101000010000
0000000000000011001011100100100110
0100000001000011000110101111110111
0000000000100001100001011111011110
0000000100000111111100010100010100
0000000000100010111001011010111110
0001001000101010001000111100000110
0000000100000101100011111000010000
0000000010001011100101101111011010
0000000001000011101010010101010001
0000000001000111110101000110111110
0000000000101001101000100011101011
0000000001000111100111000000001011
0001000000100010000111100010110001
0000000001001011111010101110110000
0000001000001010100001011100110101
0000000000000011100011100000101110
0000000011000011101001111101000010
0000000100100101010010111010110100
0000000000000101111011010001000000
0000000000100001101110111000101111
0000000000100100000001000001010100
0010000100101010001011111010010101
0000001000000101101010110100110111
0000010100000111110011000011110100
0001000000100110001100100100011000
0000010000100010001001101011111100
0000000001100000001010001100011011
0000000000100101100011110111010011
0000000000001001111111100000111111
0000000001000111100010110110111011
0000000000100101111001000011001111
0010010000100111010001110101011011
0000000000100100100100100010110010
0000000000100001001110100011111101
0001000000100101011100010001001111
0000000000000001110001001110110000
0001000001100110111100000001110111
0000000000000001010011011011001001
0000000000000011001100001101101110
0000000000000010011110011001101010
0000010100101001110000111101101110
0000001000000011111101010011000111
0000000000100001110010110101011010
0001000001100001000100111011111101
0000000001000011111000110111011011
0000000000000011111101101110100111
0000000000000111000000010000110100
0000000000100001001100101010001100
0010000000100111000011010001110010
0000001000000111111110000011110001
0101001000100101111001111000011101
0000000000000011011010110110000010
0000000000000100100000111000010101
0000000000000011001101110110110001
0000000001000011100010110110000101
0000010100000110011111010101100111
0000000000000010000001101010011000
0000000110100101011100100111011111
0011000001100100100101100000110010
0000000000101000101111011111000001
0000000000000011100001101101100011
0001000000100110001100010100001111
0000000001000111101010110101000000
0000000000001111110100110000001001
0001011000100110101010010110101010
0000001100001110000101010010101011
0000000000000010100101001100101110
0000000001100000001110101100101001
0000000000001010000110110010100101
0001000001000110111000100010001111
0000000000100000011100100001101000
0000000000000111010010110110111100
0000000100000110000001010101011111
0001000000000010000110000011111110
0000000001010100010100110000010111
0000000000000110000011110011011001
0000000100000001010111100101111001
0000000000000111111101110101100101
0000000000000101100011110010101100
0000000101000111111011110101110011
0000000000100000100100111100101010
0000000001100100001110010001101010
0000000000000011010011101001011101
0001000000100001000101101110110110
0000000000000010001111110100000000
0000000000000001110100110111011010
0011000000100011011011001100010111
0000000000000011011010111100110110
0000000100000101001101110100101001
0011011100100001110000111001111101
0000000000000011101001111110001011
0000001100001010001100001110001100
0010000000100000110100001001011011
0000001100001110111101110010001111
