000000000101001011011110001101101000110101110010001100100010
000100001010111000100011111000011111011101101101110100110011
000000000000101101100010100101110010011000110010111010101010
000110001110011001001000001010101110111101000111010010111111
000010000110110011101011011100001011110101111110001111001111
000010000001111000001100110000101110010101110011011010100010
000100001000111010000000100101111101000011011110010011010100
000100000001100101110010011111100000011100100100111110000001
000110000111000101101001111111001011011100100011111100111000
000000001001000111101001111000010100011010110011001110110000
000000010000001011110010100101000000011000010101001111111011
000000001001001010101000011000000011010011011011101010011010
000100000011011100011010000011111101000001100100100110001010
000100001101011011111000110110101100110001011110111001011011
000100011010000111010101010001011101011101001011000101110111
000000010000000011000001000001101010110001010000011000110000
000000000000100110100001000100011100011111111110110010101100
000010000010100100110110110111011010100010011011001101100101
000000000000100100001110000110010010001001011010110001010111
000000001000001001110000000011011111001010011111000110101101
000100001001111110001100011000010111000000111010000110111010
000010000111101001110101111110110011101001010101100100111111
000010000111100110011111101101111111111100110001111010011101
000110000111111001110110111000101001111000101111111111111101
000000000001001001100100000101101110011111110110101001101011
000000001001000011011000010100010001100010101100111111010011
000010000000111010101111010001011011001000111100100111101010
000000010000011101101100010111001011011011110101110101110000
000100000110010010000010100101000001110000110001110100011111
000110000010100100000111101010111001101100110101111111100001
000000001101000001000010100111011000110100011001111110110101
000010000000110111010100100110100010110110110100001100000001
000110000010010101110100101101011000001011101101011110010011
000000000000111101000100010001000100100010100100111111100000
000100000101100011111100100000100011110000010001111011101010
000000000000100000111011111100100110001001010010001111010101
000000000000001000101000011101101110100111001010000011110001
000110000010111011011100000001011010110011011111100100010111
000010000011111000010011001010010000011001110101011111100101
000100001110111110011100111101001111001111111100000100011000
000000001100101010111110000010101001010111100011000011100010
000100001001011101111110010111001100111010100001110010111000
000010000110111010000000001011000001110101000001111000011001
000100000011011110001000110000011000101011101000010011101000
000100001011000100011001000001000101110110010010100001010110
000110001011010000100001100010111101000111011001100100100011
000100001101010111011011011010111000100001110100100010111100
000000001011101100011010010010110111011100101001111101000000
000000000011111111001110100010100100001101111101110101001111
000000000101011001101111010101110001110111001110100110000100
000010000111011010110011101001001101110111111110100111011101
000010000111000111100010010010010101101011110100010100000001
000000000001011111000010111010010110000001111010010101100111
000110000101010110100010010000110111100010001110100101100010
000100001010010010101001101101110011001100000000111000010001
000100000110001010010100000111101001110111010000000011001010
000000000000111110101100110001111010000100000000100011111010
000000011000010000001001111001010000010010001110110001110011
000110010011000011011000000001100001101111100110101001010100
000100000110000001000110110001101101110101001101111000001010
000100000111100110100100000110010011101001111001001110100101
000010010010111101101011000100011100111110111010011100101000
000110001110110011001000101100100001011010011101100000110001
000100000001011000011110001111100000011111011100111110100110
000100000110100001000100100011111101011110011010011110111000
000000000000000111010001010101110100011011111100101000101000
000000001100011001110110010000011001001110001010011011111111
000000000100111000011000001001010111001100100001000110011000
000100001001101111111100101001010100100010000100110110000111
000110000000110101010010100011100000100100100111011111000001
000100001010000001111001011011000011100110001111100110001101
000000000000001011101010011110001100000001010110000100100101
001010000101101000101011010111011101000111110111110000010001
000110000010011001111111100100010000011001111101011111010101
000100001010100011110010111110110011110011010110001101111100
000100001101011101100101000111101001001111100110101110110111
000000001000010100110111010111010011000111010111111110001101
000000010001010001110101100101010101110100101100010010111100
000000000101000100011111110010000011110111011110111101110101
000000000001100010100010101011001100110010001001010110000011
000010000010010010101010101111100010001100001010000010010000
001000000111101000101011001011001011011110001010101010001101
000110010010011010001011101110010001010001001001101111110110
000010001111111100000101000100010101010000000110010111000001
000000001000110001010011111110110000110010100001111100010101
000000000101010100010100111111010101110101101001000001101100
000100010010001111011010001101000000001111000110010111110111
000110000010111100101110010001000000100111000001100110001011
000010000111100110100111100010000101010000000000010001001111
000000001100111101111000011101010111011010001111101111101001
000000001000010110100000000011100001010000100010011011001111
000000001001010110100100111101101001011111000110011111010001
001000000101011111110111101111011011010100111110011111001011
000100001001100110111000111000001010101010011001100011010011
000100001010101111110010011111011100111101011100101011011001
000010000011000110010111111001101000100110010110011101000101
000010001011001010010001001010110111000010000011111101111011
000100000011000101100011010100000000100001010011100111000010
000100000010101101110000000110100100010111101001100010011100
000100001010100110101110000011011011001111011010100100010000
