001100000001100000010111111101000110100001011100101110000110000101
000000010000001000001000001101110101001101101010101000101111101110
000000000000100000001101001101111000111101000101101101110010110010
000000000000000011101101010011000000100111011010101110011001001001
000000000000001011100111100011100101111100001011101101101011101011
000000001001100100000110011110011110110010010001001101110100111010
000000001000000111110110110010001011100111011111001111000001111001
000110000000000101111010001110001000001100100110100101010011010010
000000000000000101101100110001100100000110000001010100011111100011
000100000100100111001000001011010110110000101111011100101111001100
000100000001000111000110001010011010000010100001000000101011111110
000000000000000010010101000010000000101110111101111110000001011100
000000000100100110011110001100111100100010110100010110010011101101
000000000100100100111110101010100110101111000101111100110001111111
000000000100100101000000000000010000101000100110010101111011010110
000000000000001001101001100010110010000100000010101000110000101110
000000000000000011110101100011111011000011001000000100100001110010
000000000000100101001000011101001000111010100010000001010100001010
000000000001000111110111011000100010101110011100010111001110010101
000110000001000011101000001011101000111111010101101000111110111010
000000000000100001001010010010110011000101000110000011101011001000
000000000000000110010101011000001000101110000110001111010011010011
000000000000100001010110010011000001101001101000010110110100000000
000000000000000101110101010101010101011000110001111111110100111111
000000000000000100111010100100101010101100010011111010010100000100
000000001000101100010001110110011100000010011000011001010100101001
000000000000000000101100011101110001100000111111101110100110101111
000000000100000111011000001100000011000101000111110100101100010001
000000001000101001000001000100100010000101101011011110100100101110
000000000001000111100001011011111111001000010101001000000011100110
000000000000000010001111011011111101111111011111111101011111000010
000100000101000011001101000110010011111101010001001011011011001110
000010000000100010100011101000111101111010011001010000101100110100
000000000000000110001000100001011000111010010110010011000001111101
000000001000000110000000101100111011001101101110101110100011011110
000000000000000011110111100011000101111101111001011111001000110001
000000000000000111001111101011001100001110110001111011100000110100
000000001000001011011110011010010011001111101100101100011000011110
000000000000100101111101010010010111110001010110000001110011111100
000000000000100000001000110111100110111100110000000100000011000011
000000000000100000000111101010101011000111100101111111100010101011
000000000000100000011001100101010101110100110101001110001100101100
000000000000100100110010110100000111010110010101101111000111000100
000000001000000001111001010100110000100000100100101010100001110111
000000000000000011110010001010011000110111111000011000110000011000
000000000000100010011000011111110010010101001001010111100001001110
000000000000000001110010101111001110010101101001010110101011111111
000000000000100101100001001011011001111110000111001001111101001101
000000000000000001000101100110100101001011011001000000110000111100
000000000000100000010000111010110100111001110101101111001110001000
000000000000000010011100100100100101011011111111100011000110110100
000110000000100110110111101111010011000110011010110100111000011011
000000001100100110101100111101010100101111001010011011110011100101
000000000000000010110111111010011000001101110000100010100111110010
000000000000100001111110001100011000100101101101111001011110001001
000010000000100101110111101111000100100100101011110100101100110001
000000000000000101000101001011100111010000001111111100110110100100
000000000000000110110001001010100110110000110000011000110100010000
000000011101000111101110100101100100010110010110100000100111111101
000000001000000110111000001110010011011110011100111110001011011100
000000000100100100000101000001010111101111000000111110111011001111
000000001000000110100111011101100010111110111011011011011100000010
000000000001100000001011001001110100100101001110000001011001100110
000000001000000100110111000011101001011110111100101100111000001010
000000000001000111111110101010111011001010011101001011100111010011
000010001000100110010111010100010100101101000010000000011111101111
000010000000000001001111001110101010010111110100010110101110111010
000000000000000010101111000101001111110101110100000100011001101111
001100001001100000101101111100101010011100010111110101000000011100
000000000000001011001100101001101000101001101001110100011110101001
000000000100101000110110101010100110101011011101110111101111101000
000000000000000010101100000111110001010101010000101111100011000111
000000000001000011011110110001011100011001101000010001110111010010
000010001000101010110100000111000101011110011100000011100001111111
000000000001100110001000110101011110111111000111010010010010111001
000000000000000100010010000111111001111100110101001011001101101001
000000000000100000111111111101010110010111100101010001111111110100
000010000000100001111101110010001001100110111010111011010010001011
000000000001100110000100100100001010110100010101101011001101101101
000000000000000011101011010101000001110001001010000100010111010101
000000000000000110100001001100110100100001101011100001100000001010
000000000000100010110011000100100001001101101101000110111000011111
000010000100100110101100011111000110000110101011001101111101110110
000100001100000100110110110110101010000011001111111100010000001111
000010000000100010111011001010100011011001110110010010001001010100
001010000000000000100011010111111110101011100101111111001011011011
000000000001000000100010010001101111101111010000110111100011110010
000000000000000011110100000110110001100011010101100100011110100001
001000000001000000011001010101110100100101000010010011111110000111
000000000100000110010111100101100001001110111110100110000001100000
000000000000100100111100010001100001011100110110111011100001011001
000000000000100001101110100010101101000110101000000110100011100000
000000000000001101001010101011000111010100000010101111100100101110
000000000000100000000100010001111111111010111101110001111110011000
000000000100000110110111100010101100110101010101000110000001001000
000000000000000010101000101010000100000011000111110001000001110111
000110000000100101101100000001011011100100010111001011000011110110
000000000001000000001111101100110001001101011100010111010010100101
000000000100101001111100100001010011001111010100010111110100101001
000000000000001001011110001000101011001001111110110110010101011111
