00110000000001000001111011111010111000010111100010001111111000001001
00000000000001000101010100011111010000000100110101011001111111110010
00000001010001001001011100011100101000011001111010001010000100001111
00000000100000000110100100110000111000100001000000110010011010000101
00000000000000000011010100111101101001010101010111110110000110100010
00000000000010000011010010001100010100110100110100001101000110111110
00000000000001000010011101000000101111110010110011111100111011100111
00000000000000000001101001011110001111111101001000000000011010010101
00001000000000000001010100001000111010001001101110101111111001100010
00000000100000011010111010000111011111110110011101100101010001010100
00000001000001001101010110110111000001100010000110000111010101001111
00000000000000000001100001011010010111001101111111001110111000001011
00000000000001000110110010100111001111100000000000111001011001011100
00000000100000001101000011111100000001011110010111101001110001001110
00010000000011000000101000101100000111010111001100010001111000000110
00000000100001001100001111111111000111010010011110110101110101000101
00000000000000000010101101111011000011100011011001110000101000111110
00000000000000000110100000110100000011010010100010001000001001110111
00000000000000000010100101000011000111010011110011110010000010111010
00000000010000000001011011100110011000001010101010011000101001011101
00000000000000000010110111000111111111100001110000001001101101110110
00000000010000001011110110001001000101001001010101110101110110101000
00000001100000000000011001000110001011111101000100010001000101010100
00000000000000000111011101110000100000100110011010001101001100011000
00000000000000000101000111000101000111010010100001000011100111000011
00000000000011000000010011111010101101100000111000000000010010110110
00001000010001000110000010111010000001010110100100110001110010010111
00000000110000000011010101000001100111000011001011110011011001010010
00000000000001000001000000011000100110111101001000010101000101011110
00000000000000000101011001111111100001101110100010111010000110011011
00001000000001000110011001001001011010100100000000001100100110001000
00000000000000001011100110000011101111100011110101100101011110101000
00011000000001000110010000101111010010011000110010001101011001010011
00000000000000000001100111001101101011110111100010010000000001110100
00000000000011001100010111101001010111010000001011001001110001010100
00011000010001000101100001010111100111001100101001101110011100100001
00000000000000000100110011000001000111010000111010000110010011110111
00000000000000000111011001010100101011101010011101110101010001011010
00010000000011001100110011001111101101100100001110000000111000100010
00001000010000000101010111011111110100100001000100000011100000000100
00101000000001001000001000000110010100001101111101010110111101110011
00000000000000001010010000101101001101001100001011100110010111100010
00000000000001001100111111110111101011010010001001111000000110110000
00100000000001000101001110110000001110001000100101110010010000111110
00011001000001001010001100111100110101011001111000101000000100100011
00000000000010000000011011010110101011000001010001100101010000111001
00011000000001000010010101001001101000101100111001110100001010010011
00000000000000000010011111001000100000100011110010010111101011010000
00000000000010000000011110101001011001101001101111011100101000110100
00000000010010000111111000000010001010011011010001001010100001001110
00000000000000000010110000010111011100011011110001001100100000000010
00000000000001000001001111101001110011101111101000000001111011011110
00000000000000001110110000001000111111000010000101000010000101111110
00000000000001000000000010111100101101000110110100110011101101011010
00000000000001000110011111100110101001111011001101011011100110111010
00000000000001000001001010001010110011000110110111000110011000110010
00000001000000000010001101101010001001111000110110000000000110101011
00000000000001000000001111100101000111101111110010101110011100010101
00000000000000001010011111010101001001100101111111110100101011110010
00000000000000000000110110111010101101111111101000110001110101101001
00000000000000000011010010110111100110111111110011001110010011000001
00000000000001000100111101111001110000111001001100110100001111110101
00000001000000001011011110011011011001001101100001111011010110100101
00000000000000000010101101000010000100100001110001000111100000110000
00000001010000000101010101011000010001111100011100001101000110010110
00000000010000000101111111001110110011000100100101111000011000100010
00000000010000000101111100100110001101001001001011110110111000100000
00000000000000000111110000011100101001110100011011000010111011101110
00000000000000000111110011010000011101110000010111001010001111011001
00000000100001001010000100111101100000110011100101100101110100001001
00000000010001000100101110010010101101100100101000111111110111110010
00000000000000000001100110101100000000011110111101111111000101000000
00011000000001000110011001010000101001110000100110100011100010101111
00000001110001000100011000001001111001001000110001001010011010011001
00000000000001000000010011001000110110010111011111111110001110101011
00011000000001001010001100011111011101010011111010010000110111000000
00000000000001000000101000001010101010101111010001011111100000111101
00000000000001000000011110010000000111010000101110110010111101011011
00000000000000000010111001101011111111010101011110000010000111101100
00000000000000000000100101110110111000111110011101001001111000100100
00000000000000000010100001101101110111111001100101010001101001111110
00000000000001000101010011101110101011110100001111011010010001100111
00001000010001000110001101001001111101010010101011110101000000110010
00000000000000000001010110100010010010111110101101011100101001100000
00000000000000010000110000111110010000100110001000000010001011010000
00000000000000000001101100011000110000100111111100000001010011100100
00000000000001000011001010000011011110100111010011001011110101101011
00000000000010000111101110001111000100100110010001001111101111110011
00000000000000001110011111110001000011011010000101101110100100000001
00001000000001000110111101010011111011011000110101011101101011001111
00000000110000001110011100010001000100100110001010101010011101000001
00000000010001000101010010101010000110111011001110111011101001011010
00000010000001001000101011100010011101011111100110110001110000000000
00000000000000000011011010001110011101101001111101000101101111110011
00000000000000000010110011011100000000110010111010010000000101110111
00000000000001000010100010111100101110100001100010011110100101100010
00000000000000000110010110100011000010110110001010110010100100101101
00000000000001000000101010100100111000100101010001011010111010100100
00000000000001000101000010111001010101101110110110001100001101111100
00000000000000000101110010101111010000001110101011011000110100000011
