000010000000100101110111000001010100111000001011001101111110110111
000000000000100101011110100111000000011100010011111011101010001111
000000000011101000000110110011000100111100110011110110001001000000
001010000000110000011010111100011000110011010011110011000010000010
001000000001000000011010000010000100111011101010000001110111011001
000010000010000001101101011001011000010111101001100000011011101011
000000000001100100000000011111001001001010100110001100100110100101
000000000100001110111010100011110100110000100000010110100110110101
000100000001000111011011010100110101000010100001110010011111000100
000000000110010100111011111101101111111011011000101000011111010111
000000000001110100000000110110000000001001001100011000100000101110
000000000001010111110010011000100001100111110100111101110110111010
001000000000000101111010100011011101100010100000001110100011101111
000100000101010011010101101100101110011000101000110111000011110011
000000000000010011101011110011010101001101000101101011010011100011
000000000010110010100101011100110101000001000111110110101000010010
000010001000110110000010000100101010110001100100010001001111000111
000000011101001101010110001011011011001110010100100100110011000111
000000000000101001111001001101111000000011101100010111010010001100
000000000011000000100010101101110010100101110000111101000010001011
000000001001110000010111000111111001100100011110100010101011101110
001000000000101000011010110000101100100001110000100111000100011001
001100000001110000111110111001111100011110010110001001000111010000
000000000100000110000001111011010001001001000010001000101100011001
000000000001100000000001110110111110010011100010101111011000000000
000000001100000110000010011100101100111011011100111010011101110010
000010000000110110100000000100110111110111001011100100000011111101
000000000001001111101011001001000101011010001000000010110001000101
000000000000100101100111100101110010011010100101101011001111010101
000000001100110001010001110011110110000100110101110110101111010111
000010000000100010101011010010110010110101100010110000110100101110
000010000010000101111100100110001010000010011000100000010001010010
000010000110000101010111110111001010011011001011001010000110000000
000010011100001101110001000111001100100110000100100000111010111110
000000010000110100100001000110000011001111101000011101100101010110
000000001000101000010000000101111100001111101011100100000101101001
000000000010100010101000110110111111110111011010101100110111101110
000010000000100101100001100101010111001110001110100001011000000111
000000001010001101111100011011110010100100011100000101011001010010
000100000011010000100010011011001101011100111010101010000010001100
000000000000111001111101001110100111001000101010011011001011000000
000000000000000010110011110010110010110001100000111111111001010110
000000011000101101000100010000011011111010010100000110011111111011
000000001100101001101011011110011000110111101001010010110110010100
000000000100010010100001001001110010000110001101110110010011101100
000000000010000101111100111001110011110000101000101000011101010110
000100000000101010001010001100010010010010101111110111110100010111
000010000000100010010010111000000010101101110001111101101010011010
000000000101100000000010000000110110011101010011001011011000110101
000000100101000111111101100010110010101111000001111101100001111001
000000000010100001101111100000011101100101010101101001011000111001
000000000101000000101000110111001010001000101010001101000111000011
000000000100000111001010101001100001011111010001000111111110101111
000000000000101100101011001101111111000100000000011011110000101110
001100000101001011100001000000110110010001011101011100010011110010
000000000001010101011011100111101001111000111001111010010100001011
000000001100001010000000100110110101100001110010110010100011111001
001100000000101011000101010000111111110001111000101111100111010001
000000000000000010100111111100101010110011110110010010111110011000
000000000000001011010001011101000100110100011110111101001000110000
000000000100100001000110111101110111001101011101110011000110101001
000010000110001001000010101000001100101101110111110000001111111111
000000000100001110101000011000010111111010100101111100000010100011
000110001100100010011110011001010010101101001100011101010110110001
000100001001001011001110100011011011001011101010111100100010100111
000000000000110100110010000111000011010001100110001100111011110000
001010001100101100011011000001111011000110010001001001001010011101
000000000000000011010000000100100010011001110101001100001110111001
000000001000101100100000111101011101100110011111010111010110100011
000000000001000111111010001000001110100100001101111011001110100001
000000001001001011110010000000111111111001100111011101101001100110
000000000011100000101011000000001000001001001000001011101110001010
000110001000000101101101111110100011100110111111110100110011100100
000000000000101100011011101010011000001001110110101100011101101000
000010001000000110111001010100111011001011101110111001011000111111
000000000001000011100101100101010001110001001110001110011100101001
000000000010100000111101001001111100010010111001111111101111110010
000100000010111001000110010100000010000011111000010001011100100100
000000000000100101000001111001010101100010110001001110101100101100
001010000100000001110011111001010010100001001101011010100101010101
000000000000100101010110100011111100000110100011011101111010100000
000010000010000101000100110000110000100000100001101110101110111101
000000000100000010010010001000011111110001000111100010101111100000
000000000000010010100010100001111111001111001011101001001010001000
000110000000100110001001101001101011010100100110101100000001101001
000000001101001001010010011110100100111111101010101111001100010111
001010000000000001001011110000010001011011101001010100010000000100
000110001001100100010111000110010001001010111110000101111010000000
000000001001011011111011000010111101010001100001110110001111110100
000000000000001011000100100000111110010100010001000010111111001011
000000000000110001001011010100110110100010010010100010110100010000
000000000100000110110100110110010000111101000100001101011010100011
000100000101100000111011100110101010101000110110101101000100100010
000000000011001011011011000111010110101010100100110011101011011110
000110001100110011011001010000111011111000110011111111110101110010
000000000000011110100000010011000100010001000011010101110010010100
000110000100100101101110011101011100011011010011010111100011100010
000000011000000011110001010111100110110111001011000011111000101001
000000001110000010001100001101011001100111001000100011011111010101
000110000000100001110110111110011010011001110001010100100100110001
