000000010010011101101110000011
000100010011101011000011000101
001000000010101101111010110110
001100100011100010010101111100
001100010011100111001110010110
001100000010110111000101110000
001000001010110001101111000101
000000000010000010101000110000
001000010011110110111111001001
010000100011100011000110010100
000101011011111100100011010000
000000000001110100100110101000
101000011010110001100011110011
001101001011100001010001100111
001100000010011110011001001111
010100001011010111101111001111
011100001010100110101111100100
000000000010001101110101101011
001000000001000101011001010110
000100010011100010101101000001
001100110000101111101011000111
000100001011110001101010010111
001000000011010001010111000111
001000000001000111001000100011
010100001000010101011110111001
001000010010111000011100001001
010000000010010111010111010010
001100000011010100011010001001
000000000010000001010111100101
000000000010000010100111111010
001100000010101110010110011011
000100100000010000001011101010
001000000001010100000111111001
010101000011000111110101010010
100000000001101101100111100010
000000110010010011100000000010
000000011010000110011110000001
001000001000011101011111010001
000000010001110101011101010001
010000000001000000001010100110
000000101010000110110001001000
000000001010010000110100001111
000000000010010100011010011000
010000011000101111010010100110
001000000011000000010110000100
001000010010111110110001100101
000000001011001000011111000000
010000001001001101110000011000
101000011011001110101101010100
010000000001010010000011111111
001100011000100010101011110100
001100000000111011001011010111
001000001000101101010001111110
001100001001010111011110001001
000000001010011100101111000001
001000000011101000001010000011
000000010001111111010011000110
110000101000010100001110100111
001000101010101110101010111010
000000010010000011111011000001
010000101101011011100010010000
000000000001010010111001110001
001000011010011000000010010111
001000000000111011111000010010
001000101010100011011110111010
001000011000100111010010100100
000100010011010100101010110100
000000010010101100010011110011
001000100010101011000010100011
000000101001110000000011111011
001000001001000100010000111001
000100011011110101111010010101
000100010000100000011011000100
000000001001111110100111010001
011100011000100100111101010100
001000101010101001001101100111
000000001001111100111110111001
000100001000000100000011010101
001000000011010110110110100000
000001010001111000011001110000
000101000010110000011010011010
000100001000000111111101000001
000000101001101001110100110011
000100010011110001101100100000
010000011001011101010011000000
001000000001001110001001000000
000100000011010100111001000101
000100001000001101001110100010
001000011010100100100011110000
001000001011011000111101111111
000000001010101010101110101100
010101010000100100011110110100
001100011011101011010010100111
001100000011001100001000101011
000101011000001011001011000001
000100000000000010101001111001
000100001010111111011111100000
000100000000000101001001010001
010100000010110010000101100111
001000001000110010100100101101
