000000000001011001110101001011000011100010001110000111000101110011
000000000001000011110111110100110111010111001001110010100010100100
001010000000001010111100110101111001000000000110101001001110011111
000000000000000001101001010111000111100100110000110110100101001000
000110000001000011010001101101011111001110110011001000111110100010
000000001100011010000000001111101111101001101000010001100001011001
000100000000000000100101101111001011101000110111100110011000111011
000110000001001010110000011110000010111001111010010100010111011101
000000001010000000101010111110001110111101100011010110100010011100
000000000000000010001110100110111100110010110000111110010000100101
000010010110001010101000000100011000011101111011101010011000011000
000000000000011001101101101010111000111000000011100011101101101111
000100000000000000111101110010000110110011000000101001000010001001
000000000000010000111010011011100000111101011001010111000100111001
000100000000000011011000100101010101000100110000100001110101111101
000100001001000000101001011011001011010001100111111111010110011001
001010001001001011001010011000010001110001100100010111101000100101
000100001000000000111110111101000011110100100101101011011010100010
000010000000000010101001110001100111010011010001011011000001101010
001000000000000000101110101101110001111101000100011101110110011110
000010010000000001001010101001010010011110000111110101101110100100
000000010001001011110000001110000000110111100010110000111101101110
000110001100011000101111111100101001001001101001010000110101011101
000000000000010001101001000010010110100000000000000001001000011110
000100000000010000110111011000110010010011110010110101001011000110
000000000100001010111101110100000001110101011010000000110010111000
001000000010001011110000110001101010110101010011010000000010001000
000000000001010011110111100000000100011111101111111000100001101000
000100000000000010001111101110011110101101011101000110111000000111
000000000000000001001111100100000111110011000000001111100111011011
000010000000000001011100111010111011101000010100000010010110001101
000110001001000000011100011010001100011100011101100010111110100100
000000001000000001010011000100110101010001100110000000011010101110
000000000000000001011111001101101110110010101011111110100110110111
000000000001001011101011001100001100111001000001011111100101011110
000000000000000000011111100000011010011010100011000101001011000110
000000000001010011100110001001000000110000000111001000010000100010
001100000010000011110111001000110101001110110001010111111001011100
001000000010000000101110000001110111100111000110011100100110100011
000100001000000000111100011101001011011110011010100010010110100010
001010001000010010110000011100101000100111110000101001111010000110
001000010110010011100000110000010010010101111011000111100001000001
000100000000000011001001010111111111010011000010000111101000110100
000000000100001001010101110100111101000011011010010001000101100011
000000000000000001110111110101110100101100111011111100011110111000
000000000100010001101110000100001100011110101011111110100011011101
000100000000000011001001010011001001001100110110000101101110000010
000000000000001010010010111111110011110111111001101111011011111010
000000000001011001111110111001001111011110111110000000011100001101
000110001110000011101011110011010100110110010101111010001011010101
000000000001000011111111010101101100001111000111000010101101100001
000000001010000011011110000010111010001001100100000111010001100100
000000000010011000001111111011000010110101101010111011011000010101
000010000001000001010111110110010111111100110011001101100100111001
000110000000000011011001011010110001111001011101111101001111101100
000000000001000001100111110101101100001100010101010110000001001110
000100000000010010001100000101100111010010011111010001111101111000
000000010000001010010011000000110011010100011110000111011100111000
000010001000000010111000010110110100011010011001111111110010010011
000100001000001000110111110100011011011001101100000101001101010111
001010000000001011100100110011110010101110001110011010100000101101
000000011101010000011111100011000010000110110101100101011110111001
000010000000001001001010010110111100101111110101011101001001111101
000100000000000011000000011001101011011101010100001100100001100001
000000000001000011111010101101101111011101000101100111100101101000
000000000000001001110010111110111000101110001010010010010110000101
000000001101010010110101001011110001110110001111100111011100010001
000000000000011011011000110010010101010100001110010011111101111111
000000000000000001110010101000011110011101000001100011000000101000
000000001000000010111111000101011010000010011000000011110110000111
001010000100000011000100011111000000001000100101001100011000111001
000000001100011010111110111110101101000101101100010100110110001100
001010000000011001011010010111000111011100001111011100000000111011
000110000001000001100110111101101110011101011110101100100010010010
000000000010000011111111000101000000111100101110000101001000000000
001000000011001011000010010110001001101101110111000101111111000000
000000000000000011101011001111010111100001110000001000010010101011
000010000000000010110010100101110111010000110100101101010011010001
000000000000010010001110000101000100000110011010001011010101000010
000000000000000000111111010101010000100011111100011011000111001111
000000000000010001100001111111000000111011101000101111001001000110
000000010110010001000101001111011000000011111100100100011111000001
000110000010000000100001011001000010011001001101010101011010010000
000000000011011010010001000001011101101100001111110000111101111000
000000011100010010000100011101100001100010001010001100111101001100
001000001000001000101101000011000010101011101011011001001000011110
000100000100000000110110000000101010101101011011010011010100111010
000000000000010010001101110010100010000111101111011001001000111110
000000000000001010001001100000000011011111110000001001010100100001
000010000001000010101001100100011111011000100000111101101000100110
000100000000000011000001111000111101010000100111011000011100101110
000000000000000010011001111110111110100111000100000101001101111100
000000000000001010000101101001010101000100000110001111010010010001
001000000010000011110000000101101110111111000011010111010010010100
000110000110000000010110101101000101010001011001100010011001101100
000100001101000011000000101111111101100001110100001100110111111110
000000011000011001110100101001110001101111101011110110011001000110
000000010100000001111111011101001010011011011110100110111101000000
000000010100010010010001001111010000010100000010101101110100011111
000000000000001000001111010000100011011111110111011110101010100111
