00010001000111100011000110110000000110100110011101111010111100011010
00011000010010000111101111011100110010011000101110110010010110100000
00000000110101011101011101010101000001101001011010101001101100011011
00100000100110001111110101111110111101001000010111111011001100011010
00010000101001011000011110100010010110111111100110110100101100000111
00001000000110011001111001010011010000110000101111110011000001111110
00000000000100010110010010110111111110111000110100111011100001001000
00100000110011000111110000101010110010010111001101111000101101001110
00000000000001001100110101011011001110111010000011010111111110000011
00000000000001111101001100001011111100100101101010111111100110111101
00000000000100011110000101101000100101011111000001111101100111101010
00000000111010011101011000101011111000000111000000110001100100001100
00000000111100000010100100010111100011101101001110111110100101001111
00011000000001010101100010110101000011101100111100000000101000111100
00000000010110100001000000011010011100011010111011001001010101111101
00000000000101010111101111000110000010110100000110010111000100010111
00001000000000001110110101010101111001101111101001000100111001000111
00000000011000101101110000010000110011011110010111101110100110001011
00000000000010000111100011101101011011111010100001110011101100111110
00000000000101000010010000101000110001110111011001000111011101010111
00000000000111000110001100011101010001011010100000001110001010110101
00000000010100101001000000010111100101000010111011010111110001011000
00000000000000100110111010010000100110100110010110101100010100001100
00000000100001001001000110011100100000001100001100011010010111011001
00000000000000010110101101011001010001100000000111100100100101001111
00101000011010110000100111000111101010001110101001100101100011100101
00001000110000000010101011101111111111110100110010110011101010011001
00000000000000011111000011000101011101001111011101000011011000011110
00011000000000000110011111001110101100100110010011011111001000110011
00011000111101000010110001000011010111100010100111110101011110100101
00000000110100001101100100010100000000111100001001010100101011011011
00000000000011001000010101001001100100100110001100111001110110100111
00000001110000010110100011010010100010111101001111100111100010001011
00000000000001000100101110111100010100111100010110101100111110010111
00001000000100000001101011100111000011100101011001011010010110000001
00000000100000010010111111000111101010010110011101000001000000110101
00000000011010001100111011001101111011100101011100010110110011011100
00001001110001000001110011101101111010101111001101000111100101110011
00000000010101000010011001100111001011010011001110000110000000111010
00000000000011011100001100111011000001110010110000011100111100011001
00000000000000010010111110110101110110011111000111010000100100001010
00101000001100011001011001001010010011010001111011011001101011011110
00000000110000101011001001100111100101110100010010000110000111010110
00001000000000001110101010110000110111010100001010000001100010001101
00100000000010000000001011110100110001111111100000111111010000010110
00110000010010011111010011001111110000110010111011001111000010101101
00001000001000000110001000111010111110110100011101110010100010001110
00000000000001000100110001100110100010000100100101111110110010011010
00100000001010011100101011101100100001001000001111110010001011000000
00010000011000010101111101110110101000101011010111100011111010100011
00001000001101010010011011101010011011000010110100000011111000011100
00000000010000010011001111110011011001000000101100101001000010001011
00000000110011011100000001011111001010100100001101111011001100111111
00000000100000011011000001000011010000110110010100000011100011011110
00011000110100101001100000000100001000101000110010111001111011100011
00000000001000010111110000010011100001011100001010111110011111001010
00010000000010010100010111110101011001111110111001110010110111100011
00000001010001110101000111010010011000001111001010011101011001000101
00101000000001011001011000010100001100101010101000100010010000101000
00000000001111111010110110110010110011000010101011011111100111111101
00000000000000010111001001000011101011000110001110011011000001011010
00000000000011010111010010000110100101010010111011101101010110111111
00000000010111000001011110001110100110001001001100101110111010110010
00001000101101111110101001110010100111100010011111000011001110000111
00000000110000000010110000110000010011010001011110101110100000110111
00000000000101000110000000101101110110010010100010001010101001110110
00000000000001000001001110001011011010000111000001101100010000100101
00010001011000010011101010011110111110001110101000001101000110010110
00001000000000010010001011001101101001100100010111011100111000001100
00000000110101100101101001011110100000110010001101100001000010111100
00010000010010111111011111100000011000111010100010101011110011100000
00000000001000000011100111111000001001101001101000111110011001001101
00100000000110010110100001011100001101100001001110111010110000011000
00010000010011010000110011011000011110001100101001110011001011101110
00000000100101100011101000101000001000011111100010001011110101000101
00000000110001001000110111010001000100100101110100110010011000001111
00000000000101100010011111100001111000010111101011001101110111100101
00011000110000100001100001110010011100000001001011101111100001111111
00000000110101010101011100001111011100001011001001101000101110011101
00000000110100100001110000100110110010000011001111100100111000100000
00000000110001010001011010100111110001110101110001010110100101010001
00000000001010010101111000010111111001101010110000101011110000010110
00000000000101000010100010010111001010010011100001010110001010101100
00000001000100011010001001001010100101010011111000010111100110111101
00001000000101011110000010001101100111001001011001100100101010011010
00001000010000010110111001001010000110110001001110110010011010110001
00000000011101101100100111000101011000000111011110000010011111010011
00000000011000011111011100010010111110111011011011010111011111110101
00010000000010000111011110111001000010101110101011110000101111101110
01000001001101001100010100111001001011111110001111100001101010100100
00010000010010000111011000111110101001011110101000011011101000011101
00010000000110000100111010010101010100111010100111000001011001100010
00010000100000101111001010010000110000110010010011000111100000011110
00000000011111110000000000010011011010000000100111011101101111011110
00001000000000111010110110000100011111011110101110000101101011001010
00000000010100000001111111011111111010111100010011010110101111101100
00010000111010010011001100110111111110000110110001000001010101111110
00000000001000001001001100011100010100000000001010000000000001111100
00000000010000110111010101111011000100110111010010110011100001100001
00110001100110011001111100001100011001111001110001100000010001001100
