00000000000000000001110011000011011111011010110000011001100010110110
00000000000000000001101010101000010111010111001000111100001100000100
00000000000010001001001010001000111011111101110110111111011001100110
00001001010000010001010111100000111001110100000101111001001001101011
00000001010000000001011010001100010100110001011000100111000010100001
00000000100000010001110011011000100011000100010101100100011000100100
00000000110010011011111111110001100001111001101001101110111000101001
00000001000000000010010110100001111101010010100101101011110111011010
00000000000000010001011111001100111001100111101100100001110111001000
00100000010000000010110000001010111111111011010100000111111111111110
00000000000000000001011111111101001000100111000110000101010001000100
00000000110000010001111010100111111100010001110110101101010010110010
00001001000010001010100011101110100011100010000110101110100001001110
00010001100110000000111010001101100001011111100011101001011010011110
00000000110000000001111001001001101010110011001101110010110101110111
00000000000100001000101110110001101101101001111001111110000010100011
00000000000100000010111001101001010100010101000111100010111001001101
00001000100000011010100001111011111110101101101011100111111100000010
00000001100000000010001101100011010010101011100000100100001000100011
00010000110000001001001010011101010011100001110010111000011011100010
00000000100100000000011000110111110010110010010000010010100100100100
00000000000010000011111000111111010010101100111000110101011000001100
00010000000000000000100000011100011101100000110000000001010000100001
00000001000010010010100001101000111100100100000111001001100111111101
00010000110110001011001000110110010101001000110111011100000010100110
00000001110000000010100111100011110010100111011110110110000010111010
00100000000010000000010111111111011001111011010010001100001100001111
00000000000000001011101110111000111110001011010011101111100110011110
00010000000100000011101101010000010110111100110001010111001001100011
00000000000110011001011011001011110110010011100110100101110001101000
00000000000010001001000101001111010110001111001011111011101100100101
00000001110010000010111101010011110011011101001001001011101000100110
00000000000100100010110000111001001000111000100010000100111001110100
00010000010000010011001011110010011000111010100110111101011101001010
00000000000110010001011110010110101100001101111110111111110001110001
00000000000000001001110100000110110000111100001011001010000110001000
00011000110010010011101001110100110011110110010111101011001011101001
00000000000000000001111011110001011001100100101100000011100001100010
00000001110000000010000011001100110110101100010100010001000011101110
00001000000100010000011011001110001101000111011110000100101000010001
00000000100000000010100001111001001110010010011111011101000101110001
00000000000000000000000000011110100111010101101101010001011101110111
00000000000010000010111010101011001111001001110011010110101000001000
00001000000000000001000101101010000101100011001111010101111000010011
00001000000000000010101001100101100111011100111010001000101001000011
00001001000010010001000000010110110011110000001111010010011100101001
00000000000010010011000101011011110101101011101101111010110011010111
00001000000100000010101001110111111111111101101110010110011110101001
00000001000000010010010000100000011001100010000111111101000100001100
00000000000010011001110100100111001111011011001110101110100101010011
00000000000000000010011101110100100000101000111100110011100010000000
00000000010000000010011010111111111100000000101111010111110100101010
00000000110000010001100110111110111100010011110011010101111110100000
00000000000100000000101010011001111111101011000100110010110100011000
00000000000010000010100001100000110110001010010110100100100000000101
00000000000100010000110000000111101000101110100110101000111000100000
00000000000000000010010010000101111110101111010100101100111001100111
00001000000000000010111010100011101010111010111100000000011000100100
00000000000110001010111111111110000011000010010110101110001111110111
00011000010100000011100110001110010001110111010100010111010011110111
00011000000000011010110011111001111101011100010010110011111110111010
00010000000000010000100000000000110010100111101010011111111110110110
00101000100000010000110100001111100011110000010111110010100110101110
00101000000000001000110100111110000000100001111101101010010110111100
00001000000000010010101111100011111111001000011100011100001010101011
00000001000100010001001101110111111110111110000111110000000101110101
00000000010000011001110110110011100100101001010111111000011001100011
00101000000110011010110100111001110010001001110110111001010100000101
00011000000010000011100101001000011111100000111101100001110010011011
00000000000000000001101101011110000011101110111101011101100001001101
00001000000000000010110110101001101110101011000010100010000000011010
00000000000110000011000010011110000101110110000111100001011101010001
00000000110100000011000110111100001111100000100011000001110011100011
00011000000000001011010001101000011000100000000100010101110011010110
00001010100000000001000001100110101110111010001111011100001001011111
00100000000100011000001010100101001110011100000111010000110100100000
00000000100100000000011011001010010111100000100001110010010110011101
00001001000000010001000100110001101101001000000111100000110101111110
00000000000000000010010110110010111111101111001000010110101100110101
00100000000100000000011101010000110110000110111011101101111011001101
00010000110100000011100100001101111010101011101100110111010010111110
00010000000100000011011010101011110000010111010011011111101000111111
00011000100000000000011011111000001100011001100110111000010110010011
00001000000000010010100101100110011110010110101010001000011101101010
00000000000110011011010101101111011000111100101111010110100000111101
00000000010100001001000111101011100110001011010010011101000011010100
00010000000000000000101111100010011111010100100110101011101101100011
00000000000000000000000011100110011000111111010101101100000011101010
00000000100010001011111101011101101000101010010110010111111010001010
00000000100110001000011110100000110111001111101111011001110001010011
00010000000000000011000011100010011001001010110101100111100101000001
00000001010110010011010010111011011110111111111010101111001100001011
00100000000010000001011011111001100000100100111110101101011101101101
00000000000000000010010010011111000000111000110010110011110011011111
00000000010100011011111111011100101110010111011110001100111100110111
00000001010100000011101011110110001101101111011000000110011111100001
00000000000100000010101000011010010110111100001010011110001011011010
00000000000010001010000101111001011110001100000000101111010101001101
00000000000010000010000011100010001101101101101011100111010101010001
00001000000010011010110000011111000101111101101100010100111110111011
