0000000001000000111110000000001110110100011101001101001111111100100001110011011000010000
0000000001111110110110100001110101010010010100101100111110010000110100000010011011111110
0000000001011001111100000100100111000001100001110111010010111001011110101111111110110010
0000000010100001010001010001001011011101101010011010010001010000000101111010010101010111
0000000010001010001111010100011111000001110101001011000010100110010011000001100110000011
0000000011101111001110000001101001000010010101010111001101010001101100111001100011100011
0000000011010111011111101001001000010101001011000110001111000010001101110010000011010100
0010000001011001101001011000000010000100101011011000110010100100010101110010111111100100
0100000011100110111111010100111011101010111101101010111000001100011011101110110101000111
0000000000000001100011110010010110100010011010100011000001000110011100101011101011110110
0000000000111000000011101000110100010110100100011111001110001110101111001110111010110101
0000000011011110110001001100101101111001001000111111101001101100000100000010011111100010
0000000001011110100000001010010101101011110011110110100000111111001001100101010010010101
0000000000011100000001100010010111111011010101111101110001100100010101110010001100111101
0000000010110100100000011010001001001110101111100100000100100101000011001001000101110101
0000000010100010000010010000100111010011100101000110011010111101001101111011010010100101
0000000000110000001001010111011101110100011000010100000010101111001111101011101100000100
1000000000010110000110000011111010101110000000001000101101111000101001011111010110100010
0000000000011011000000111110101101011010101011111010001001110110100011110011000001010010
0000000000101101111010110010010111000001101101010000001001001010111000001011110011100101
0000000010110000011000111100101101000011001011010001001110001010111000010111011100111010
0000000011100111000101110010010000001000000011111010111011111111110011101111010101000100
0000000001000011000111011100101000011110110000001000001000011001110010001011011010101011
0111000010011000011111001000000000100001000001100100010100110110111111010010110000000011
0000000011111111111010010000001110110001010110000000010110101010011001011110011101101011
0100001000011101111111100001110100011001001110001101100101010111000010010001101100010001
0100000000111101101001010101110100011100000010110110110011001110110101010111110010001111
0000000011101001100000101110010001110011110110011101010100110100111000010011011101101001
0000001000100100101001101110011101111101100100101100100100011011100110100111010110011101
0000011000101000111100011100010110000111110110011101101011010110110110110101100010000001
0000000010010011110101000011011100100000111011110010111000110101111100101010011010000001
0000000001100100011100101101110101001000001111110011101101111111010010110010111000100011
0000000001001100100011011111010110001011110111000100011111101011001011101110011000100011
0000000001001110010110111100000100011111111110111001110000110000111101011100000111100110
0000000001001001110101000011001011111000100000010011010110001110000100000110000110010101
0000010001001010000100101010101101101101100101010101101001010110101001000011101110010000
0000000010011111000010001000111001010001101100110010011010001010001000100110010011010110
0000000000111111100000110010000001110111011001011111101101111011111111000110101101011101
0000000000011100100100101101101010001101110010000101110011001101101111101101011101101001
0000000001100011011010000111100001000011111110110110111011011000011000001011010010010011
0000000010010101110100110110000010001010011001010000111101110110011011111111010000100011
0000000000111011100011001110111011100010110001111010001011001110001101101000000101100010
0000000010110011000101011110010101111010101011011000000011011100101010001101101011000100
0000000010110111001111011100100111111101011100101101101011100000111111010100100010100010
0000000000101010011111001010011000010011001001010100000101110110011110101100110110010111
0000000000111000001110101011110010011111010101001111011101111001111100000010010000110111
0000000001000100000101100100010010010111110001000101111111111100101101100110011100101101
0000000001101111101110011100000111011011000110100110100010111011110100010010110100000100
0000000000000011100110101001111110000100110100110000101101110101111001010101000110110010
0000000001010000111010100011101110010000010010001000001100001010011011001100001011110001
0000000010011101011110110011100001111000100001101000101100100011011011001101110000111010
0000000010000111000000010000101010001100001100101000001001011010101000111001100111101110
0000000000011001101001011110110010100011010011001100010011110110011111001111100111011100
0000000011001110101001110011001011011011001011111000000001100001001101110010010001110110
0000001011001111100111000101000000001000000001001010000010001110001000111000001110001111
0000000001001100101110011001001011010000111110001101110001010010100010001110001100100011
0000010011011111011010110010001001110111110011100100111010011111011110000100001100000010
0000000010000010011011000101110011000001000100111010101001111110011111100100111011101011
0000000000000100011010000100000000100100100010101111011010101100001000111010110100000000
0000000001111101001000000010100010001010001010100110110100001001000011101100110011100011
0000000011011100110010010010000010110101110110111100110010100001011100110101000001010001
0000000001110110110110011010111101010111001001010110100101000000101100011110101110100100
0000000000011111100101111101101010100010000101101001010000010010101000000101011110000100
0000000011101010011100101101001001100100111000000101111000100100011011001001100111101001
0000000001101100110000100100101111101111111110001100011101011010011011110100111010011110
0000100011100110111011010111100000010100110001111001011001010001010010010111101101110101
0000000010110111101001100111000011011010111110101101101000111010101101101000001001101100
0000000000110100101100101000011010010100110010010000100001101100100000111100011000011101
0000000010011011010101011100000000000110100100111010100011000100111010000000010000010110
0000000010010101110111001000010100111011101111010010001010010111101000100010010000101110
0000000001001010010010110101101111001001110011100010000000111010111001100001001111010011
0000000001000000101001010010111101010010010011101100001011010110000011110001010110100101
0000000001000010111001001001100000111110111111100001100100111100111100000001010100010001
0000000010110100100111001011110110101000100100101101110010111010001100110101001101010111
0000010011001011010100100011011111010110100110000101010111000111101111000011110100010101
0000000001000010110001001100111111011001101010000000111011011111011001111111111010011001
0000000010110010100011001101011010001011011011000111101011010100010110001011001001010011
0000000010011001000001111110010011011111000011000101100000010011010100100010011100101101
0000000001000100010010000100010011010001101111011000001110110000011100001010011010111111
0000000001000000100000110001000111011001111001111110011100000001010101100110000001101110
0000000010011001101001000010101111011101110101000010101100000010001011011101111010100101
0000000000100100010010110001110001110000011000011100110001101011100100110101100001011001
0000000010011000101100010110110111010100001001001110001010000101010011111101101000111111
0000000000000010110101000100010011101101011010000011011010010000111011000000010011101011
0010000010001110101100000010110011000100000111010100010101111101110100000100100111011110
0000000010010101000011101101000010011110010100110011011010000010010100111111110101011010
0000000010110101110100010011010101101000100001010110111011011010001001010010011001110110
0000001000111111110000010110110101010111111001101111000010001111000101001011001011111110
0000000001111001010110101111101000111100000101001110100110011101110110000001100110100100
0000000001011010000001001001101101011101110111011100111110110000011000001001101000101110
0000000000010011011000000011110010100000001001011110010111101100010010100110001011111110
0000000010111110001001010011011100010101111110000110000011100011100001011111010110000101
0100000000101001110100011101011100101001100010101000110001000111000001000101100110010101
0000000011110011011001000000100000000000011010110100011111000101000000011100011000000110
0000000010011001010100010110010101001110000111001000110001111111111001001100100110011010
0000000001011011111101000001110101110100100001010010111001110000000100010000011010111000
0000000000001000001000010011101011110111010101100001000100111100000010111110100000001110
0000010000100001101011001000110001101000001100101010110100011001011010001110100010000100
0000000000110010100011001011100011101110111110101000101000110000010111100111111011100011
0000000000110000000100010100101111010100110000000100011110011100011011101001111011010011
