0000010000000001000110101110101110111001001110110101010100100101100010010000010010111100101100000001
0000100000010000101011100110010110011000011001001111100101110010001001000001001011010010111011100001
0000010000001000010011101001110000110111101001111010100001101000001001000010111010010111110101100010
0000000000100110001111111010111111101100101101100110111011010001001100100110000000111111111011010110
0000000000000000011110111110011110101101000110111011111100011111110011100110011010001101111000111011
0000000000111011000100111110110010010110001001000010101000100001010110110111001111101111111011000111
0000110000100101000010010111011011010111001011111110101010111101100011110100001100000000001010000010
0000000000110000000011000100111011011010000101110111000100001110010010110001011111111111010010000011
0000110000001000010000101111010100101101101110110011011011000110111111010001001011011011000101000110
0000100000110111000111000010110000000001111101010110101101000100100110000011010001010100011111110111
0001010000000000000111100110110110010101110100011001100011000011011100111101000100101110101101010111
0000010000000101010110000000001110011111100010100111110110010001001001010011000101010100011111010010
0000000000001000100110011101000001001100101101111001000100100110011100010110110101000000111101100010
0000000000010110000101011110101101010111000000010010110110010101001000011000100111000000001011000110
0000110000101011000110110111001010101011010110101110011010110010111110001111011101100000011011101010
0000000000000000011111010000011001011001001110011000101100011001110001100110011010110111011100111000
0001000001000100011001001101110000001111111011100000000110100000011010001000101001110011100001011011
0001100000100110011111000011111100100001000000010110010111001100010110110110110111101111100101001011
0001010010100000011001111000110110010001010000101001011110001100111111101000011000001101100110111101
0000110000010011000000011010010101110000100101000000100101011001111001000101111101001100000001111101
0000000000000110000001010000111011001101011100001001001101101010101000100000000011100011000001100110
0000000000000010000000101100110010111110011101001000100110011011101101011111100011110011000010000100
0000110000000101000111011111000110111110001101010011110010100100101101001000000101100010101010011111
0000000000000000000011000010001000110111010100100111101101101011010010101111001100000111100010010101
0000100000000000100111011010110010010001001101110001010010100010010001101101001010001110100011101001
0000110000000100001001001010010000100010111000100101000111111111000011111010110100010011001101110100
0000000000000100000010010010001011100111100101101001100001101101001011001111011011001010101010110110
0000000001010001101001000010101001110101100011010111010011010111110011110011010100100010000100111111
0000000000001000000011010010011011100110101011001000010000001101010110001111010111110001001110100000
0000100000010000000011010001011100100011001000010001001000111011011100100010001111111010101011100100
0000110000000000011010110000000101111111000111111011111011001111101000110100101100001101110110001110
0001000000001010010100101011110000111010111101011100110100010111011010110110011101111111010011000101
0000000000000000101010111001101011011000000101101000100010100110000001100010000000101010111001101010
0000000000001010101000110110111001000111111110111111100010111011101011001111100100001100110101100110
0000000001000100000010001000100111011110000110100110011000010100111011011010111111100000111111010000
0000000001010000001111000111010100100111110011011000000000111111101010100111101000101010101000000111
0000010001100110000001110111100000001111110001010011001001001101011010110100111000111111100101010100
0001000000100110011100011111000111111001010000111010101010110011001100010011100011111111011000001011
0001110000111000001011101011111110000001100110000111000101101110000111110011011111100101101011101001
0000000000100000100111001000011010000110100011101110101001110011111001100101110011110011010001100100
0000110000001000100111101110101100011110001000110010100000000011110101001010100011110000001110111000
0000000000001000000010011100110110111111000010010111100111101101101001011111111101010011110011110000
0000010000000110011001000010110001101101101100010111000111110101011111011100100001010111110101110010
0000110000000000001010010001100001011000011111000111010111000001100110100101001001001111010011101011
0001000000000111010100001111110010111001001000001000100111011000001111101110011100000111011001110011
0000000000010100000010010101111001100110000110000110101010001010011101111100110110101011010001011101
0000000000010101010100001100011010110000101011101111110110011011001011000111001000010000101110000000
0000110000010001011000100000001011010000010010001100100111100100111011110001111011101001001100001100
0000000000010100100100000011101011000101001011001111011110001000100011000001110110000010110111000100
0000000001000011100100000000000110000110101101011010110000010000011000001010001011011000110110111111
0001010000010110010000001010001101010010111111010101110001000111101100111010011000101000000001001100
0001000000000010000000000101011101001100100010000011111100001100000100101111011001111101000011010011
0000110000101010010100100000011010101001001100110011101011111011011001101011110000111101110111111111
0000010000000101010110100100011100000011001110101101000100110110011011111111100100110010010110101011
0000000000000010000111110100010011010110111000101011001101100010110100011100101000001001010011011111
0000000000000100010100111101111010101001000110100010001100010110111110010111010010111000010001000101
0000000000000101000001111001100111010111100011101101101111011010101000110111110000110011010001010110
0000000000000001000001000000011011111000111001000010100010001100000001101111011010000101110100001110
0000000000110000001110111100111100100000110101110010001000110001111110101100111010100101101000010001
0000110000000010001011011101110111100101001001011001111111111111010001111100100000001101011100011010
0000100001001010010111001001100100010000000100011001000111100000111001000100110010000100001000100110
0001010000111010001000011011101110110100111010011000001000001001100010000010100110001011001011011100
0000010000001010000001111101001110010110010010010001100110001100001100101010111101001100111001111111
0001010000010101010111111011000101010011000011110011000110001011001011000100010110000010011110000111
0001100010011000010010111000110101011100000000010101100001110101000110110000011100101101100101100010
0000000000000101000001110001011110001001111111001110110010001101001001001011010010001111010000001010
0000010000000001010001011111110000010001010010101110100110010111101011110101111011000010011100011001
0001010000001101010110100000100001110000000101011001100011010110110010001101100010100111100010110110
0000010000000111000001000101000101111000111100101100010000011101111000101100101111101100001010001000
0000100000010111000111001011001110011111001000111111011101000101101011010100111110001011001111010110
0000110000001000000100101011010001110011101101100110011110100101110001010000001110000101000011001010
0000000000000000010011001010101001100000110111010000000110111001000111110111101000110100111100100100
0000010000000000100010011001000011100011110010010111010011001101110011001100001100011111010010111100
0000000000010011000100010010101101101101000001011001111000111010110101010000100011100100000001110000
0000010000000000001010010010101001010101111001001101011101100001100000111011001110011001011101001110
0000000000100001011001100010000110110000110111110011000010000010000110100111100110111011110100111100
0000000001000001100000100000000010000000111100010000111011011110011110011111100010110110110010110011
0000000000101001101001101000110001001110001000111011101110000010011000110101011111100101111001101111
0000010001110000001010110101111101011111001101100010011001000001000011100111000100110001011110000100
0000100001101000011111001101001101111011011110010001110011011111001110101110000110001011010110100101
0000000000101010000110110001111010111110101111001111100101010010000000011001110011100101000110101110
0000100000000111000111001101111101001001111000000111110111010100010101001011110010100100010010001101
0000010000100100000101011100001010011111110100101001100111100110111010001111011000111011010001100101
0001010000000010101000010111110110101010010100001111000110000011101110000110100100101110001100100001
0000000001000010001011000001101111101011001110000010010010000000111111110001010010110000011001100000
0001100000000011001111010001010011001100010001001011001100000000001000100100011110010111101111001111
0000100000110000011111011111011001110100110111011110000101000100101111000100000010110011011001000101
0000000000000010101100000100010011101111111001110111011001100100111111100100001101100100000000111011
0000110000010100100001100000010001100000111101001101000000011011110101100000101010000000010101000110
0000000000000001101001001001111110010101010100110100010110100110000010000100000101000110110111110110
0000000000000001101000111001110101010000110011101000101100011000110001001110010111010111001001100011
0000000001000010010001010111101010101100010101100000011001100000010110100111000011100110011000001101
0000000000000011010000010100010110111000011011110110000011001000001011101000101111010010100101100010
0000000000100000010111010010101001100111011110000001111101001100010100101001101001111011100000111100
0000000000101101101001100010000011000100111110011000000001110010011110001011110010110110001101101010
0000100000010111000010110101111111011100000010101101010101001010110010001101101001010111110111000110
0000000000100110011101101010010011111111010110011001100101000011101111101101001111111111111011110000
0000000000101101001101100000111001111100001010001010011101010011001011001011110011000011010101001001
0000000000100001000101001010110100010010011010100010101110111011101110000000010011000101011011111001
0000000000100100001010010010011001010011011010110110111010001110100101000101010110011111011110110000
