0000000000010011000100001001010100110011110011010101000000110101001000000110110110100100001010111000
0000000000000001000100001010111100100100000001000100010111110000110000011001101101011010011001000000
0000100000000001000011011100001100010110000000100111110011010110001110000000100010010100111101001000
0000010000000001000001101111101010010100001000010010111010110110101111001111110110001100110000000010
0000000000000001000100101111011010110011111000001111100001000100100100110011001111100101111100011110
0000000000010000000110001001111000001101001001011100110101011011000100010001011001010011011011001101
0000010000100001001001100100001111010010000000001010110000001100011011100110011010111101111010110001
0000000000000001000001000100001110000100001111111000010011001011010010101100110110111100111101101001
0000000000100000000100000100011010100001010100010000110101111100110011101111101010110000100111111101
0000000000000000000011001011100110001100101000001110111101100111101010110001011010000111000010101001
0000000000000001001101011101001011010011110000101110101010100000000100000010101010010000110111101001
0000010000000000001100101100000100110001000101100011110100000000100111011100101011001110010000010001
0000010000000001000010100100100011011001010011100000011100000111000000000110001101110011011100111000
0000000000000001001000100101010101001100100010110011001100111101110110000110101001100101000001000001
0000000000000000000011101011010110001000100001011011101100011100000011011111011011011111110110110011
0000000000000000000011111011100101010001011110001001001000001001011001001110101110011001000110110110
0000100000000001000111000001101011001000001110110111101001000101100011001000011001110111010001011100
0001100000000001000101101011101001111111111111011011101100000011001111011001011000011010010110110000
0000000000000000000110111110001011100010100101011001001010100111100010111001111000101101101100001000
0000000000000000000001010011011011010011010101010000011100001111110111110111011010010100110001010100
0000000000000001000001110111101100001011010011101101001011101110011001100111001000101010101011110000
0000000000000001000100010011110111100100110011001000100100010100010010001011101110100000101001011010
0000000000000000000011100100111001111010010010111111011001011001011000010000010101100101001100000000
0000000000000000000010101001001010111011001111011110110000101000100010001000001100100001111111111100
0000000000000001000101111010000100110000110100110101001101110100001101010111000010011110001011000010
0000000000000000000000010011010110010000111100111010111000011010010101100000010000001000100010100111
0000000000010000001010100000001000010110111100000111101110101010111010011101111101110011111111001011
0000010000000000000001001001001001100100010010000110001001010001101111110001001001101100010110011010
0000000000110001000100010111010110001110011111100101100000001110011001010111101110110100001011001111
0000000000010001000000111110110101011000100010000110010011001010111011011001110010101010010111000011
0000000000000000000110011101000101010100100000111000110101100110101100001101100110001100001100011110
0000010000000011000001101111000000011010010011110101010100001100101100011111101110011011010000110001
0000010000000001000010010001010111101111011100000011100101110110101011111111010100111000100000100001
0000000000000000000010101001010101110111000101101111101101101100111101110001011010111010000001010101
0000110000000001001001110000111010010010101101110010000101111111101000000100100111010100100001101000
0000000000010000001111000111111000111100111110001000101111110100010111101101001101001000111001010000
0000000000000001000000111101101000100110101010100001110001011000011111001000110110100001010110011100
0000000010000001000001110110011101000101110110010010110111010110000111011001001000101100000101110001
0000010000000001000010010011111111001000101111101000011001010101001010010110001111011000101011101001
0000000000000001000001010010000110000110111001000001111010101011100110100100000010110011010011101010
0000000000000000000111001010001011110001111110010000100111000010011001000100110111000001110000001001
0000000000000000000010110011011001110011000010010000101110101100001101110011000000011010001010100110
0000000000000000000010011010111000100011111001101001000100111011111011110001000000110011010111100000
0000010000100000000101110101101101101001101000111111111011000011110111011111100111010001001001101001
0000000000110000000100110101101011011101110101101101100111101000101111111011111101111000111011101010
0000000000000000000111101011111101011000111010010100010100000010010101011001010000011010100011110001
0000000000000010000011110101001101101011011000001110010011110100100111001101101100010100111010010110
0000010000000000000101110001010110110110111110111010111000100010111001011111001010000101111101110101
0000000000000001000000010011010111010010011000111111111000101111001010011101011011000010101101111010
0000000000000001000000010110011111001110000100110010010100101001100001001101000001010001011000100010
0000000000000000000010111111110010011000000000110000011011000011101001010110111011100000001110101001
0000000000000001000001011100001110000010000011110011100000110110010010010001100010011010100010100110
0000000000000000000011011010011000000010100110110111010110010111110001000111011101100111111001101111
0000000000000001000101000010101011110001010011010100001011000011010110001100000110010010010100100100
0000000000000000000110001111000010111010011010101010010111110101100100111001001111101010101000000000
0000010000000001000110001110001010011110001101001110100001111000011101001110100101011010110100101111
0000000000110001000101010001001101011110010110011011101100110110010011101101001100111111010000101110
0000000000000000000110011111001111111100100001101000100001010110010010101101011000100010101000111101
0000000001010001010000001101110101101111101010011011001111101110010011100101010111111001000111001010
0000000000010010001011110001011011100111010110001001011110100100010111100010010111011110011000101101
0000000000000000000011000101110000110000110011111011001000011100100001000001110101000000101000011000
0000000000000000000110011100110001010010010011110111001001100100110100101100111010111000101111101000
0001000000100001001001110001111110001111100000010111111100011100111001010010000000011001110110000001
0000000000000000000111011010101100011000110110111100100010101000110101101100010010010010100110100010
0000010000000010000011010001000101000100101111101000110101101011011010111001001011010100100011000010
0000000000000000000101111010111101011001110111100100011011010001001101011011011101000000110111110111
0000000000000001000000101110001111010011101110111010101110100100101001000001110000000000110101011000
0000000001000001001110101101000101010001010011100101101110110010100001011110000000010110100100100010
0000000000000001000100011111100010010011010011001110011100010000101011101101010101001001011111010000
0000000000000000000010001110001110001001110010001001010010011011101001011111001101100101001001001001
0000000000000000000001101110111101010001100101110000110011010010100010110001011001010110010001010000
0000000000000001000101001101110100001001000000001011010000011011100101100111101000111000111001110010
0000110000000010000011100111001110010001110110110001000100111000011010001110100011010011010010000110
0000000000000001000000010000010010011000111100100011101100111101100110010110000001011001010100100101
0000000000000000000010001000110011010001000010111010100101011100110110011010101101001111000010001111
0001100000000001000001101110100000001011010001000011000010011010101000110111000001110001010111000001
0000000000000000000011110001011111000101100100101111100001010110110010000001110110101000111111011110
0000110000010010001011011011100101100010111000100111110110111001011110100101000010100111100001100011
0000000000010001000110001110011111101111111000111011011110000101000000100111110111101101011110100111
0000000000000000000111111011111010011111100001100111101100100011101100011101001100001111010001101100
0000000000000000000001100001100111101100010100000101110101101001100100101111010000111010001101000011
0000000000000011000010110100101100011010011100101100100010011000110011011100110100010011011011101001
0000000000000000001000011111100010001101001000000000001001110001000001000010001101101001101101000100
0000000000110001000101011111011100101000100011010100100101001001101011100001010000110011101110011010
0000000000000000000010101101010110100110011010110001101110101101000001101101000011011010111001111011
0001000000110001000111110000110100011101011100100111110101011001001111001000001111011111010011111111
0001010001000000000110100001100000101110110110011111010001101100010110101111001001011111110000110010
0000000000000001000000101101110000001011001010111101011110011101011110001010011010011110110100000100
0000000000000010000011100100001111010011011001001001110111001001101011011010011011101011111111011111
0000000000000000000001000000101011111100110000111011010110001101100001010011011001001011000001110011
0000000000000000000010001100100110110000011111010111111001101001001101000011011000000011011111101000
0000000000000010001000011100111011011101101010011000110101000000001100110011100010100000111001110001
0000000001010000000110111001000000101001011011111100011000100110110100001110100010001111101111111110
0000000000000000000010100001100000100000101000010111011010011100111101101101000100111001000100001010
0000000000000000000111001011000001001111100000110100110011010110000110010000111010111111111011001110
0000000000110000001001011101011011101010100000100101101100011101101001110101011101001000001010011011
0000000000010100000111000111001011011101011110011001010001100101111011101010100101100011100110111110
0000000000000000000001011010111010111010111101011111101111001111111001110010111011100011000001001000
0000000000010000000011110000010101010011110100101100001011010101101101110110110000000110111011011100
0000110000000001000101001110010101101001011100100010010101000011100000100111101100011011011110010001
