00000000011110000011111011110000101101000101000110010011111010010000111000000111111101000100101101
00000000000000000001110001110111000000000100100010110001000110101110101011110001110111101011100101
00000000000100000010101100110110000000011101101011111100010101101110110000011100010010100001110101
00001000000001000000110000010010000010011000010101101100000111000010010110000010011001101101010101
00000000000000010001111101010011011001001000110110001111011110001111001100001100111111100010101101
00001000001000001000111101011100111001000110111100011001001101101110111011101010100110101001110001
00000100000001000000010001110010010010111001001100000011000110011010101100010100001100111010000110
00000000000110000011101001101100111000100101111011111011001010100000000000111010111111110111010001
00000000000000010001110010100011001100110011010110101001000010010110110100011100110011101001011011
00000000000010010011100000100100101010010110000110011001001101101101000010010101010110100000010011
00001000000001000000110101001100101000111111100110110011011000011111011100000011111010111000110101
00000000000100001010001110101011100110010100000000010011110100100110000001111010011000010110101101
00000000001000011010010001111110011101110110010101001111111011000001111100100100010100001000011110
00000000000110010010011000000011110101000001100101010110001110100000101101011010110011001011011101
00000000000001010011101011101000010110000110001111100011000000011011011000010110111000000010011011
00000000000000000010101001111110100010100100001001100000101000010000101110101011010111010010111000
00000100000000010001011011110100100101111100110000011011001010101001100100101100100011110100100011
00000000011010000011000110111011100011000011000011011011110011110101011000000100011101101111101101
00000000000100000001011110001101110001110111000001011001100101010000011101010001101101111000010010
00001000000000000000100001101100101110001001100011111011110111111101101011010011111000100111110100
00001000000000000000111010001011000010010001111001010001011001000011000001011100111000101100111000
00000100000000000011011110110000100001110000111100001111011000101001101001101001111001110011001101
00000000011010000011010110001111010001110000010010000001110010110000111100111011101110110011111001
00001000001011000011000110011111110001100110001000110101100011001000000000000110000011100001110011
00001000000001000000001111010110000110111011110100010111100101010100010011001001010001011111001011
00001000000000000000110010011011100101011001111100111100111001001000011110111000010111010110110111
00000000001100010010000011011011100011010110011000100001000001100110001101110101000011111001010001
00100000010100000010001001011100001101100011011010001011111011110001000001110111111100010010010000
00000000000101000000000000110100001001001100001101011100011011001000010110000101010010101111101111
00001100010110010000011110101101111000001001101001111110000000100011000101010110101110010010001100
00001100000010000000011111011101011101101000111011011011110111101101001001000001111110011100001010
00000100000000001001010000000001000011101111110011101100000001101001111101111011111000011100011100
00010000001001000010100011001011110010101010000101110110001101100110100001101110001000011011101011
00000000000100000001010001000101001011010100110011100111010100001010110010000100010001101010001110
00010100000000000011100100110100010010101111110110100101100111000010111111100110011111001111100010
00000000000011000011100100010011010010011000101100010011010110001001101101011001000000101000100000
00000000001001010000000111101011111111101110000111101100101110101001000001001000101011000000001011
00000000000001000000010010111001101111101111000010101110100111101111101100111010011101101100111000
00000000000000000001111010011110100011110010011011101010000110100100000011111010111110011101000011
00010000001110000000011011110011100111000000110111011100100100010110000111000011100000110011011110
00001000000000011011010110111010001010111010101000111110011111111000111011100111000010111111110011
00010000000010001000001110101011111001010001010101100110100010010101111101111011100111110100010100
00001100000010011000011111000101110111000010111010000000111110110100111110001101011100010100001101
00000000001000000010010110011011110010101011101111000111001100111100101011111101001011011011001111
00000000000000000001100011001001101111011001110111000111100110000001111001011111101100010101011101
00001000000000010000110101011010110110000101100111011100010010100100010101111000001000100101101011
00001000000000011011000100111011010001110001101100100001010001010110101101110111101001100100010111
00000000000000000010000010101101111110101010010100110011101010010100010101011100100010110000101010
00000000000110000001010001011001101110001101110000111100101011111010100011111110000011000001000000
00001000000000001000100011001101100000101000101111011001000011110011111000111001010001101000011001
00001000000100001000111011000101100011010101001101010000110100010110001000001110110100010111000111
00000000000010000000000010011010010101100111011001100011110110010101111100011101011111111010101110
00000000010000001010100100000110011110001010101000111011111111000000010110011100000000101101010010
00000100001000000010111110010001010000000110110111000101110011010100001101100001101001011111100001
00000000000000000011101001100101100111111101010111111010100111001001101101101100101101011010001101
00001100000010001000010110101001100101001001100100111011110010101011000011111001001101011101000001
00001000000000000000110011111001000010101001110101011011000110000101011101010101000010110010101000
00010000001001000011010111011100001111110000011100111100111101100000011000111110110010011001110101
00000000010010010011000111010000011101000101110010111011001111001111001111001111010011000001000000
00000000011000000001111001001000100110111010011000101100000011101010010110110001101101110000001111
00001100000000010001100001010000110111011011001001011100000010011001100101110101010110010010100101
00000000000101000000000110100011001010100110000001100011111011011110010010011111100100100001110100
00000000000000011010011101111001110011011100000010100110110000011100010000100000011111111010011110
00001000000000000011001111111101010001000101001110001011000111111101110111101101111111110001001010
00000000000000000001001111000101111110011011011001111100010110000111110101010000111100000010100110
00000100000000000001010110010000011101011110011011001010011001010101001011011000111001011111101001
00010000000110000000010110101011010111100100001010001101011000110101111011100010001100010011001111
00001000000000000010110000110101011011110111111010001011010101001101100100101110000100101101111110
00000000010000010010011111111101011010111110001011100100001111100110101010101110011101010101111001
00000000000110000011011110000011001111100111001001110101000110001111000000000000000101110101001011
00001000001010000011011110110000111000101001000100100010110011000110011111011110110101110101010111
00000100000000010010111011000010010111000111000100011010101101101100101011110010111010111110000101
00000000000100000010101010000000000011101001011101010100000100010110000111011011111010110110101011
00000000000111000000011001100111101010010011111110000000100110100001110001101000110011001011100101
00000000000000010001110001101101010110101010101001101011110010110010000010101010000000010001001010
00000000000000000010010000001011001010100001100000001111110111011010100100111011101001011011010100
00001000000000001011000010101110000111011000001010111010101110101100100001111100011001101110011101
00000000000001010011101010111000001001010000010011011010011011110101110001000111000000001101110000
00000000101100001000001110101100011100100100001011010101101101101100111000111000110101010001011001
00001000000000000000110111000010000010011011111010001100101011101001010111100100011111001100111110
00000000011100010010000100010000101111001010000010000000101101010010100110101111100111010001000100
00001000000000010011001010100011000010101110001100111101011011111110000101111011100001101001100101
00000000000000000010001110011000010011010100001111111110010101100011110000001010110010100000010011
00000000000000000010000110010011100011100100000011011101100011101101100011000011101011100010010000
00000000000000010001101001001110100010011000111000000000101100110110011100001110011000110000110000
00000000000000001001101001011100111101110011111100110010000000010010011001011010101000100000010001
00001100000010000011010010001001011011101101101111111100010101110111000110110001001011111001110100
00010000000010001000001111001110101111110110001101000001000011000011111000100001010010110011100110
00001000000001000011011110110001011011000101001010000001000111100110001001110111010101011010010110
00001000000101000000110111101001101000101001011001010011010101010111001111011111001010011001110110
00000000000000000010011001001101111100010100011101010000100111011111010001011011100100000000000111
00000000000010000011011101100010010100101011001111001000101011101110011100011000001010000111010000
00000000000000000001011100101100001000000101011101110111011001001101010111011001100001110000100110
00000000000100010001010100101000100011001001001100011111000001011001001010101011001010010100100010
00000000000000001011011010101111010111001100010011110110000010001111000011101111111110101101010010
00000000001100000010100000011111110100011010001011011101011101011100101110111000100101001100111101
00000000000000000001000111101001111101000101101111111101011010011010011101100100010100101100001001
00000000000010000011000100010001010011111010011010001100101001010110001101011101111100010011100111
00000000000111010000101100001100111100100101000000111000110001001010100000110111101000110100111111
00000000000000000001110001111010100100110101111110001111001001000000100101001111111010001001010101
