000000000001000101011111111010100011011111001110101010110111
000000001000011011010001010010100111110011111010010101110101
000000000011000011100011111011001111111011111101010111001001
000000000000011101001101001001110101000011011101001110101100
000000000001011111000111101010101110100101000010001001001001
000000000000110101100001100111010111000101110010100000010000
000000000001100010011011001110000110100010000011011111000000
100000000001111101000011110111110010101111101001101100000001
000000000000110010001011000010111111111111001011100101111110
000000000001011010000011100100010011101110110111010011011001
000000000011010110101100101010101101100000101010000100010111
000000000011010100000111001010001011010000111010101001001000
000000000011111110101101000010111000011001011100010100000000
000100000011100111000001010010010100001100110010101111111101
000000000010011101011100001111100010010010000001001010001011
000000000001111010100110101011010011000101111011110000101100
000000000011000101001001001110000001011000100101000001000101
000000000000101001110010111001101011110000010100001110101100
000000000010011010010100100100011101100111001100001111010000
000000001001110001110010001010110101110110101100101100010001
000000010000101101111101011111101100011101110011001101000001
000000010010000111001101100110001001001101111110101110110111
000100000011111101100000111111101110101100001111110011101110
000000000010110110001000000100010001011011001101101101001001
000000000011001111010110100010111101100111011010001100001011
000000000000101001110110111111001010100001111001101111100110
000000000001111110110111011100101000010110101001100000001010
000000000011110110100000110001101010101111001101011011010011
000000000001111100110010101100000010010100000010100101011100
000000000000000101100110010111111100010100011001101011101111
000000000001010101011110001110000100111111101011001001100111
001000000001011101101000011110010100001111111011010111011001
000000000000001100011101100110111011110000111001101010101001
000000000011010110110111100100100011011001000010011010001011
000000000010011110001011001011110101100100010000000111100111
000000000000110000110101001101100100011101011111000101101011
000000000001010101010111010100011010111110100010010101101010
000000001001011011101111000001001100001101110110110111111001
000000000010111000100001001010100010111000100011011010100101
000000000010001110011101101000001111111101101000100000110111
000000000011101011101010101110110011010000100001000101110101
000000000010100000100111001000111111110100001010110110010111
000000000010001000010011100010110111100101010110011100010010
000001000001100110111011111010001100111001100001110111010001
000000000010100010100111110100010010000110101000110010110110
000000000001001010101010110011000101110110110110001110001000
000000000010011001111100001001010010001000100011110110010100
100000010000111111100000001100011001111110011110100010001101
000000000001011110100010010001010001010010010100001010100000
000100000001000101101101000101101000010001001110110111001101
000000000001110010011001101011001110100100110000101011111011
000000000000000111001101111110100111100000011111101001111010
000000000001000110011101010010110101011110110010011001001101
000000000010101001010100111001001011000010111111110111010100
000000000000101101100000111001011001001011111100001111000100
000000000001011111011100001101000001011101001010001101101000
000000000001111100010101110010111111011100110010110001000100
000000000011110001001100000101010000110000011001011111101011
000000000010101011110110111011110001110011101011001001011111
000000000000101101000000110000011100001010110001010111011111
000000000010010111010011000111110100100000101101010010010110
000000000001111010111001110101000111110110011010001110001011
000000000011100101011101111101110100100100100011110111000101
000000000001010000010100011000110101001101010000101110011011
000000000000011110000100010011011111111010011000001010100000
000000000000101111000110100010110111100101110101000101110100
000000000010110100110100010101101011000000101011011111001111
010000000011101111001010001011111000101000011011011011010011
000100000011110111111111010101011100000010111111111011010100
000000000010010111110101111110001100011000111010110000000001
000000000000001110100010100000111001100111000011010011010111
000001000001111100000111011100111000110100101111111111000011
000000000010010100111100110101001100101011100110101000101001
000000000010101001110100010111001001011011111000010011011001
000000000001100100100100000000001010110000111110000110111110
000000000000011111111010101111110010001111111000000110001001
000000000000010110101100000011100100100101111100100000010011
000000000000011010010001101010001011101010000010111010011000
000000000001101001111011110100111011110000001110011001000101
000000000010011110011110111001001011011011011110000010001110
000000000011110011001100011111101111110000100101011011101100
000000000010111110101011010101100000010001100101111111110001
000000000001111010110000001110101011101110010110100010001011
000000000001011101001000010000010110011101011011100001101011
000000000010011110100000101100111111001000101000000001010100
000100000011011111100110010001011001101001010100111100001001
000000000010001110101000111011111100101111100011110001001000
000000000010100101010011100111000100001101100101101010111101
000000000011100101000011010101100100101111001100010010100110
000000001000100101011001010010011100010101101001000010001111
000000000011111101110010011010111101001001000011010110000111
000000000010010110110000101010011011011011001001010111010011
000000000011000001101000111111000111110101101111010101000000
000000000001100000011111011111100011000100101101101110100010
000000000000001001100101000011001000101111101100010100011101
000000000010010111011001011001111010100111101000110010100000
000000000000110010110011011110010000110011001000100111100111
000001000000110111011101111100111111010000101111110110111010
000000000000010110010111111011011110011010000111100011110111
000000000011100001001110111101010111001010010000101000011101
