000100001000000010111011110011001000111111101001100001001100100100110011100100110011111101
001000010010111001100100111100000101110100010100011001010010100001101001010001001000110011
000100000011111000000111101000110011100001001011010111010011100010101110111010110001100110
001100000000100011111000000011010011001001010010110110011011001101101000100000011110100011
001000000001000011001101110111010010000010010101110110111010100110010101000110110011111000
000000001001011000011000000110110010000111010010101110101101110111011011010010110011101111
000100011011011111110001111001100000100011100001101011101100111010110101001001011010111001
000100010011111110001000110110111011010000010000101100111111100010100101010010101110000101
000000001001101001101111011010000001111001101100000001001100100100001011101101011110001111
000001000010001111011100010011101101001010000111011100110011000111001110000001011111000010
000100000000000101000111010011110111011011110010010110101110010111000000101000010101100011
000000000010010011000111011011001101010101001011101000010011000011110110001010000011000011
000100010000010011011100110111110101011010100111001110111100101101110111001100001011111011
001000000010011111101001001110011111111001100110101000110101100101011100000010110010010101
000100100001000011001011101011111011101110000000101010111101100100101101101100010100101101
100100001000011000101000000110010010110011111111011110110001110100001001011011001111000000
000100001011101111000110000011111010010000110101110000110000010011001000001101011101111000
001100101010101111001111101101111001110001001110101100011000100000000101110000111011111111
000100000000000001100010101111111110110100111110010110111000000100101100001100110111100110
000001000001010100100110001111111100110001111101111011101010001000000101010001101100001001
100000000000001110000010000000101001101010010011100011011011010110110110001100001001100110
001000010000101101100001010011010011110101001101010011111010011110011101011101110010010100
000000000001101101110001010110110001100101100101001101001011001101101101111000010000110001
001000011000101000001010100011000011010100111010010011001110001110111111110100101100010000
100000001010010100011011011101010001101100110010011110100100111111100111001111011101001010
000000010010011111010011100111011101101000011001100011110001010100011101001011001111011000
110100000011010110010001011001011001100100100110111010111011101001111010101111111101010000
000000010010010011100011001101000010100110111001111100111010011001000010110110000111111001
000000010000010101100010111010101001111000010011010100011011101001000000011110001011011111
000000110010000101100110101110111111011001101100001001111111001000101010110000001011101001
000000000010101001001010111111100111000111100101000100111001111001001000011110111101010011
000001101010000000100010000111100111001001000111000010000100111011110100010100110100110111
000100000000000101111010010110101001111010010101000111001001000101100111110011011111110100
001010100001000001110110011111001011110101111000100111010110100010011011100100100001011011
010000011001001110101010000100011001101111001100010010111101110000101001100001101101100001
000000010010010011011111101110101010111011110101111100111101111111110110111100000101101110
000100000000011000000100111111000011111011111000100110000101101001010111111110011101111011
010000100010101010010111100000011110010011110011010110011111111000000000110111010011111001
001000000011101011000000000010101111111011101010011000111110101111010110101011110000000011
100001010010000011000011011001111101110000001101001000000000000011101111110100101000111001
000100011010111010010101010011000001101110000000111110000101010011001101000101100010010001
100000010011110011010110111010110010001100110101001011110111100100001010011011001111111101
000000000010011100011001010011111110100100110101101000111100100001010000100111011011100001
000000001001111110000001101011111011000110011111000000011101110100101011100000111011000001
001000001001000000000100100001110110000100000101011111001100010001010101101000001101101000
001000010011011111000001111100101001111000000001110001101111100110111101101011100000000100
010000010000000101100111011100001111110111011000000101000011111001100000011100010001001010
001100100001100111100011101001100011000111110110000111001100000100010110001000000100111011
001100010001001111111100010111111000010010111001101100000000000000100011000100011010100000
001000000010010101101100100011001010100101111100011100100001100010011110110001100011010010
001100011010111110101000101110001011101101101000110010000100010010010011011111011101101101
000100011011101001100000011110011110101011000111011101111100011011011001010011001001000100
000100010000011001110110111101001000110101000010001010000010010000001110101100110011101000
000100000000110000001101001011011100111111110100000111111000011010011100010000000010111001
001100010001001101010110100111111000010101001110100101001001100010001010010100100010111010
010000001001001111010000000111100100100101100001010010111011110110011011110011010000011010
001000000000100101110110000101010000001011010011010111110111110000101001010011110000000111
001000001001010011011111010111000111000000001010100001100100100000100100101001111111111100
001100101000111101101010111111001010010010001011011110000111100100110011001001010000111111
001001000000111111000101100111100011111111010100001011000100100010010000101101011100101101
001100001000100110000110011000011010101111110111100000011100010101000100000010110000111110
010100001011011101110110100110101101011011100110000000000001010111101011100110010111000001
011100010000111000100010101010000100001000000011011101000111000100010001100101101100010001
001000010001010000111111001010010010010111011000000100001001001110101110110100011100110001
000100001011100010011101010100101111010000110100010010101000001110010100010011000011111010
011000101011000001000000001010000000101000101011101100110101111011010100011001000010111011
011000001011010010100011111111011101001101001101011010000001111111011010111010101101101100
001000000000111010001111001011010110010100101010111000010011001010000101011001001110001011
001000010011101010111001010110110110111101100011111011101100101111000101001100110101000010
001100010001001100000100111111000101000011111110000101011001000001001001100111110101100001
001000000001000100110100111101100010100111010111001000010110101110111111111100000111110011
001000010001010011011000010110111101001100000000101110110000000010000011011110011110000010
001000101001001100111000000001101011101000110100000010100101010000111000100111000010011010
000100111000001111100111110010001001100010001001100100010100000010111010110100011100011010
101000000000000010111101110001111011101010101110111001111111001001110100001110100010110011
100000000010101011101100011001111000100111101101011000011001110101101001100011001110110100
001100010011001001011101010100101011010110101100110011001001101000010000111111101010111100
001100010000011001111110000100110101010000110111101100000000101011001100101000010101101111
010100000010111011110011100010011010110101000000011001100110010111110111001110000100011000
001000000010100111100010011101011110101110110000000111101011101011011000101101010010011100
001000101001000100101110010011010110010101110011011010110001010010101101001010111101000101
001100110000100110011100010111101101100010100000011011011010101000011111110010001111001100
000000010010010011110001010000110001011110000001011110111001011110111110000100011110010011
000000000010101011010000101111000010110000111011001000011010001001001110000000011101001100
011000100011101100100100001000100100010010011010100100111010110101000100111100010111001100
000000001010000000101100100110011111101101000101111111011111100001110011000000111010010101
000100000011001110000001110001101101010010110000101001111010001111111001001110100111000000
000100000011111001111101101111100110101111100101010110100001011011000011101000101100001110
100000001001001011110011010001001111001010010110111111101100011001010011100000001111001000
001001011001000011001110011001011000010001111100100010101001100110100000010000001011010000
010100010000011011000110101100101100101111000010010000111100110011000000010001101001010011
000100000011111111010101101110000000111010000001010111000111000101100000111011101111011000
010001010010100001110001101010100001000011101101111110011001010011000100011001110111000101
001000000011000100000111010100011011111110001011000111110101001011010010111001100111010001
001000000001000111001001001000011011110000110001110111000000011101010001011000011101111000
000000001001010111110110110110111000101010100001000000001011010100111110100000010011001001
001100000011011100111100100100001111010111000001000111110110011101101000100010001100001000
001000100011110000101010010101011001101110101001001011010111011100110100001011100100100111
000100000000001110100011001101111001110011111011111001000001000010011011110110110100000111
000000000001010101001100010100010000010100001100001000100011000110111010111011100011010101
