0100110001000011000110000000101011100110111011110110011010010011000001011010111111001110
0100000000100110011011101110000011010001101111011001100110101000001000011000101101110101
1000010000100110010001011110111111111111000100010010100010101101111001101010010000011001
0110001011010110100111011011010110000101001000111110001011101000101001010001000111000100
0010100000000100110011011110100000110110010100101001001011000101000110110001010101100111
0100010000101011100101000010101011011101011011010101011000111101011011000011011010101100
0110010010110011010011001100110110100001000111111110010101111010010111001001000110110110
0000011001100101011101010111011010000101111010101101011111100010100110100000101000111010
0000001001101011011011010001111011111110011011010001111100111111111101100011011001101011
0010001000001101010010001000110000100011100000010001010010111100101000110000000111010010
0000010001100101001011010111001101110011000101010010001011100101011100001101110011000011
0110011011100000100110110110000010100100111000100100011111000011011110000110110110101110
0010000000001010000101010101100011100101101100101000001000110000000000101111101001100101
0110010011100100101100000011001100110110010001010101001011010010111010111011100111111110
0000010001011101100010110011111111000100111010100110001000101110010000110011000100100101
0110001000111111110111111011011011111100000110001111100001001111111011010101000010111011
0100001011111001011001011000010101010011111011011111101111111110110101110001001010101111
0110010011000011101010011100010101001011110010110011110111110011100101100101001001011001
0010011000000011111110101100101111100111000001011010011110111101010010110011000000001110
0000100001101001000000100110101101000101001110100100100101110001010100000001101101111001
1010010011001110101000110011000011111011011010011010010001110011110100001100110011110011
0101100010011110011010010100111111011001010111110101001101011011001000010011101101010101
0010110000011000011100010010001001010000000100000100000001001100110000001111111010010010
0000001110000101111000100101011000101101110110000101110000000100101111001110101011001100
0100011010010100010101101011001110111001101101011101011010010110011100100001100100010011
0000100011000100111110001001011101110101011101111011100010000111010010101001001000000000
0100000011011101011101011000111000011010010000000101111001000100110001010101010011001011
0010011011111110101111100110111010001111110101101101110100100100111100110011010001111110
0010010000001001110000101010000100011111011111111001101101100011100011101101011111010001
0000000010011111100110011001100100111010110001110110100110010010000100011101010001101101
1010001011000101010010110110001001110000110101100000000000001101001001111101000100011011
1000001010010101010110100110001110011000011010111110010010110100001011001011011011001101
1010000000000100010001001110101000010001011010000011010000011010111010101100000011010011
0010001000000101110100100000000101100010000100001110101111111100011110110110111110001000
0000000010000000000011010000101000000111101011110101000000011111001001011101010101010111
0010011011111110111010001111001001001111101000110101101101011110110111000001000010000100
0000001001001101110000001101000011000000110010100000111110000110101101011101001011000110
0000000010001001001100001010111100100111010100000111001111101100100000011100110110010010
1001000001010000100101101010010000001101101110110101100001100110010011001100000001010011
0100001000011111110100100110011101000111110110110001010100101011011010000111101100010110
1010010000000000100101000100010000001110110010101011111010101100001110000100100111111111
1100011001100101111101110001110000000110100001110101010111011100011111010010001100001001
0100000011111011011010001001011010111001001001000110011111011110011100101100100001101001
0000001001111110010100100001000100010010000000000010010110000010100010111011010110010111
0010010011101101111001111010000000111000000111001011110000111001100111111001111001100100
1000010010111110100011110111001000100001010111101011101111001110000100010011100001011010
0010010011100101000000011000101010100000110110010011111111011100000010001010100101100111
0000011010011011001110001101110000100101010010001100101011011101000011110011111101110010
0110001011010100001111000100111010110101011110100010101010011001001000101111010000100111
0011011000000100001100100000100100111010001111000101000001101001011001111001100100000010
0010001011010010100100111101100110011100100111000011101111010010000001010111010100000011
0110000010111101011001000100111101011011100110011000011001001000101011111101100011010101
0110011001011110100111001010111000100111111000100100000100001011111100101111101100000111
0010000011110010010101101011010101010001001001011011001010110001011010001000100010000011
0010000011101101101111011000010101110101101111011000011000001111010100011110110101000011
0100101000110010101111010111011001111100001100110111111000110100000010101010101010000011
0000011010111010100011110000100110000100100000101011110011001110010000001101010100110101
0010010000110000111011010111111011101110000110110011001111001011010111001100010101110001
0110010011000111000101110111111111101001010010111010101100011000000101111100000101000101
0010000011110100100111110001000110110100010101100110010110010010010110001011100000000001
0110000001000010011000111010010100010001100110110110010001100010011100011101000101010010
0000011010111110111101100001000000110010110010001101011111001100001111010111111100001010
0100000010101010100011000000101000011101011000010010101001110111100100100010001000001101
0000011010001110010100011101111110101011110011001011000110010101111111111001100101011110
1010000010111000000001011001101110000100011000111001011110101001011111000101111111000011
0100000011101100010000100110001110001111111000001011111000111100101110110010110111000101
0010000011001010011010010000110001011011100110110110101000111100101110000000000111101101
0100010001100000001010101111000000011001101011101001110001111000011110010111111010110010
0000010001110110111110001111111101101100111011001111110000010001110110110111111011011111
0100000010101100000010011111011010110100110100100111111010110000000001100110111011110111
1010000011101010111110011000011111100110000011010111100110011110000101110000010010101011
1010100011001010111100000000111001010000100010000000100010010000110111101110111110100100
0000001010111110010101000011111011011111001000000010000010100110100100001111101001101011
1000000001001101100000000000000111001001110011000110010101100001100010101000000001000011
0100001010110101111010010011001001110111100111110000110110100111110001100010101010001010
1110010000101011010001001101001100101010011111010011000010010001110100100101110110100110
0010010000010010100000001100100110000000111111011110000101100111001110010110100100101111
0100011011101011101101110111001011110000110110000011000110110110100011101110110100011000
0010100000001111111011111100010110111101100001011100000010011000000111100011001000000110
0100010011010010011001010011010001111101101011010011001011111100001001100000100110000001
0100000011101110010001000001111010110001011110111000111001100110101100110100101111000001
0010011011011000011100010110000010110001100001001100101101110011100101110100101101100001
0010010000010010010100011101001000101101101001111001011111001001011010000110100111101101
0100001010100010101001110010001010000100001001110001000110110000110110111111010000111111
0010000000000011010111000010101000011110000010001001111011110101000110011110100111101101
0110001000110001100000101011101011101110010100011101111001100100011000111101111010010110
0110011011000100000100011100011010000000001100011100011111100111000111001000011011011100
0000001001110010001000111100110111111001110101010001110101110100011100100000011101011110
0000001001111000000011100000101000110000110000111110111111101100100100101111111101011000
0100000001011001011110010111100011010100100111110111100110101101000001110111111000100010
0100001000111111101110101010111010000011101011001101101001110011101010111001110110001011
1100001011011011111001101000000001011011111010000010000001001111011001000100000001101100
0010000011101111111100101101101111101011001000011001001100010010011010001001101000000100
0000011001011000110001111010101110000111011101101100011111101011000100011110101000000100
0110001011100101001101000000011010101110000111110000001011111010100101001001100001100010
0010011000001000101110000111110011110010101100000100100101000111011101101100001110100111
0100001001011111111101101000000100001111000111010000100010101001011110001100010011110111
0100101000100111001011100100110011010101010011001101011011100101011101111011010001000101
0011001011111011111001101100001001010101111001010000011100010111010010100101001110101001
0000001000100110110001111001010111100110100100100000100110011000001100101010111010001110
