1000000001100001001101000010010110001100010001100110010011
0000000011100000000000010100011011000100111110000101011000
0000000010100110010010000010010100010010111100010111110100
0000000000011111111001110111011000110111110000001010111101
0000000011001111110010100010011001011001101101001101101010
0000000001100011111011101111010001010000011110100111011101
0000000011001011111111100010011001000110000001011100111011
0000010010011001000111010011001001111101001100011101110111
0000010000110100011110010110100110000100110010011111000000
0000000001100110000100100000001001111110000101001011101000
0000000011000100000010111000010110101110110010101010110110
0000000010101110011110101101101000010110110111010011000110
0000000010101101001010111011110111010011000110101111011111
0000000010000100010000000001001010010011111111011111011011
0000000011011000110111110101111111100001000111100100110000
0000000011011011000001100110001001010110100010001010010000
0000000011101101100001010110000110100010000000101101100010
0000000001001011000101111001011100110111100100011001000001
0000000000010111010111010110111101111001110100000010110000
0000010001010100101001011110010101011011101110000000111001
0100000011011000010111110111000101111011100000100101010010
0000000010100111010100110110101110100100011000110011010011
0000000010111001000110110011101011000111001100101001100011
0000001001100001110111100000111111111100100001111001000001
0000000010100101001111010010011101111100111000000000001110
0000000011010100100001101101000010010111111011101100110100
0000000000100110100010111011111010111000100011001100001101
0000000010100101100000000111000111010111111100011000101100
0000000011001011000111100110101000010111101001001010011100
0000000010001101100000110110101001100110110100001111101100
0100010010011011011111100011001100010001100001111000011110
0000000000010001101101011000100101110010110111101101011111
0000000011010110001111001111100010100000111110001111101100
0000000001011000010110100111011010101110100010001100101110
0000000000011001010011111001011110111111011001011110110010
0000000001100110101100100001001111111111111010000110011001
0000000010000000010110010101001010100001110101000101110000
1000000001101000011110010010000001001000001010011110001100
0000000011001111110001011010101001101100100000010110000111
0000000010110010000101001001101101001001100101011101111101
0100000000101000010111011110111001011111100011111101001000
0000000011110100011100111100110001010111001010001100111101
0000000010111101111000101101101100110111111110001001001100
0000000011111001111111110101010000100001000101001111100101
0000000010100110000010010110011100101111010000011001010101
0000000000000101100010011011100010100010011100010101001001
0000000000111001110011011001001101111111111000110111001111
0000000010100100111101011101000100100111000111101101001100
0000100001111001011100000110000101011010010101001101001111
0000000011110000100011111111000111111110001111010101011110
0000000000101100010000110110101011100011100000010101010011
1010000000000010010100110000011100100011100100001010011110
0000000001011001001100010000001000010101001000110110110010
0000000000100100101011101011101110010001111010011000111101
0000000011001110100111010001101010110001111101101011100011
0000000000111110100110010111011011110011111000010111110001
0000000000001110100010110101001110001001111100100010101110
0000000010101011110010010100111110010001101110111011101111
0000000001110001010111000111010011010011011001000101011010
0000000010001001010101010101100101001010001010110000110000
0000000010110010000111010110101000101011101101000000100101
0000000011111100101101011110110111100000111100010110110010
0000000011111000100110100101111000100011110011101011100010
0000000000100101110100001011101011101111111100010000111001
0010000001100001001010111110110010101000111000010010111101
0000000001110011101110110100111111010110000110000010110001
0000001000000010110011011100010111110000011101111111001111
0000000010101100100100110100111111001000110110000011110101
0000000011001011101010001010101110110111111000110001110001
0000000011100011100100000011111011000110101001011000100100
0000000000010110011100010101000110110011001011101000101101
0000000011100000000111000111100001011100101110101110001001
0000000000010010101010110011111110100000010001001011101011
0000000001000011100101011101111101010010001101001101110001
0000000010100000001001100111100011100111011110100010101100
0000000001001111100001010110101111001110111101101110100011
0000000011010001001000011011001101001011101110000001000101
0000000000011000010110110001100001101000110011110100110111
0100000001000111000001101110001100011101111111101000111100
0000000011100101100111101010110011001100010011011100000110
0000000010100100000101111000010011010001000111001111001010
0000000001001011010010000110010001101111001111010101001101
0000000000100100000111010001111101000011000011111010010101
0010000010010010100100111011000010111111100001011110110010
0010000010011001010001111001000111110001001001011100110111
0000000000100110001101001110000010110100101000010110011011
0000000010110011100010101101111111010111011100000100100100
0000010001111011000101100110101101111100000100001010100111
0100000000000110010010110101111000000101001100000010010110
0000000001011111111000000001010001000110100110101011101010
0000000000010000111000010111000011010010010000111111100001
0000001001011001110000100101011000000110000100010011110111
0000011001101100101010101110110001011010010101100101010100
0000000011011100110101000110110010001011100010000100111001
0000000000101101111000011001111101010010110100000100010100
0000000011110001000011000111000101111100001010110100111001
0000000011101000111101011001101010111001101100001100011100
0000010010101101110010010111110000010011001010011000110100
0000000001011100000000000110010010000100000101011000100011
0000000001011001011111000010101110000010100111101100000100
