0110001001110100010110001000000100000000000000000000000000010000000000
1110100000101111101000001000000100000000000000000000000000010000000000
0111010100111010011100001000000100000000000000000000000000010000000000
0111010001110100101100001000000100000000000000000000000000010000000000
1010011011101010110000001000000100000000000000000000000000010000000000
0110001001110110011100001000000100000000000000000000000000010000000000
0000000000101100101100001000000100000000000000000000000000010000000000
1010011101100010100110001000000100000000000000000000000000010000000000
0011101110100110001010001000000100000000000000000000000000010000000000
1000101010110010100110001000000100000000000000000000000000010000000000
1011000100111011000100001000000100000000000000000000000000010000000000
0011101100010111000100001000000100000000000000000000000000010000000000
0110001001011011101000001000000100000000000000000000000000010000000000
0010110001011001100010001000000100000000000000000000000000010000000000
1000101011000100101100001000000100000000000000000000000000010000000000
1011000110100111010010001000000100000000000000000000000000010000000000
0110001010011110110000001000000100000000000000000000000000010000000000
1110100001110111000100001000000100000000000000000000000000010000000000
1101001000101100101100001000000100000000000000000000000000010000000000
0010110101100011111110001000000100000000000000000000000000010000000000
0100111101001110100110001000000100000000000000000000000000010000000000
0110001101100001011000001000000100000000000000000000000000010000000000
0111010010110010001010001000000100000000000000000000000000010000000000
1111111011000101100010001000000100000000000000000000000000010000000000
0100111101001111111110001000000100000000000000000000000000010000000000
0000000010011101110100001000000100000000000000000000000000010000000000
1111111111010010100110001000000100000000000000000000000000010000000000
1110100001011011111110001000000100000000000000000000000000010000000000
1101001010011111111110001000000100000000000000000000000000010000000000
0100111001110111111110001000000100000000000000000000000000010000000000
1001110101001100101100001000000100000000000000000000000000010000000000
1010011011000101110100001000000100000000000000000000000000010000000000
0010110111111100010110001000000100000000000000000000000000010000000000
1110100010011110011100001000000100000000000000000000000000010000000000
1000101110001001011000001000000100000000000000000000000000010000000000
1101001001011000010110001000000100000000000000000000000000010000000000
0101100011000101011000001000000100000000000000000000000000010000000000
1101001101100010011100001000000100000000000000000000000000010000000000
0011101111010000010110001000000100000000000000000000000000010000000000
0000000010110001011000001000000100000000000000000000000000010000000000
0001011110001001110100001000000100000000000000000000000000010000000000
1101001100111011010010001000000100000000000000000000000000010000000000
0000000101001101110100001000000100000000000000000000000000010000000000
0000000011000110100110001000000100000000000000000000000000010000000000
1000101000000010110000001000000100000000000000000000000000010000000000
0010110101100011000100001000000100000000000000000000000000010000000000
1110100111010000111010001000000100000000000000000000000000010000000000
1011000011000111111110001000000100000000000000000000000000010000000000
1110100100010111101000001000000100000000000000000000000000010000000000
0001011010011101001110001000000100000000000000000000000000010000000000
0111010000101111010010001000000100000000000000000000000000010000000000
1101001001110100101100001000000100000000000000000000000000010000000000
1010011111111110100110001000000100000000000000000000000000010000000000
1100010110100111101000001000000100000000000000000000000000010000000000
0101100000000011111110001000000100000000000000000000000000010000000000
0011101001011010100110001000000100000000000000000000000000010000000000
1101001101100011101000001000000100000000000000000000000000010000000000
0011101001011011101000001000000100000000000000000000000000010000000000
1111111101001110110000001000000100000000000000000000000000010000000000
1010011100111011111110001000000100000000000000000000000000010000000000
1001110001110101001110001000000100000000000000000000000000010000000000
1011000001011000111010001000000100000000000000000000000000010000000000
0101100111111111101000001000000100000000000000000000000000010000000000
1010011100111010001010001000000100000000000000000000000000010000000000
0010110010011100010110001000000100000000000000000000000000010000000000
1111111111010001011000001000000100000000000000000000000000010000000000
0000000111111100111010001000000100000000000000000000000000010000000000
1100010100111010110000001000000100000000000000000000000000010000000000
1110100001011011101000001000000100000000000000000000000000010000000000
0011101011101010100110001000000100000000000000000000000000010000000000
0100111110001010100110001000000100000000000000000000000000010000000000
1111111011101001110100001000000100000000000000000000000000010000000000
1111111111111101110100001000000100000000000000000000000000010000000000
1000101001011000111010001000000100000000000000000000000000010000000000
1000101101100000101100001000000100000000000000000000000000010000000000
1100010000000010001010001000000100000000000000000000000000010000000000
0111010011101010110000001000000100000000000000000000000000010000000000
0001011110100100000000001000000100000000000000000000000000010000000000
0100111001110111101000001000000100000000000000000000000000010000000000
0011101001011011000100001000000100000000000000000000000000010000000000
0101100000101110110000001000000100000000000000000000000000010000000000
0000000101001110011100001000000100000000000000000000000000010000000000
0101100100111001110100001000000100000000000000000000000000010000000000
1001110110100110001010001000000100000000000000000000000000010000000000
0011101111010010001010001000000100000000000000000000000000010000000000
0000000001011000101100001000000100000000000000000000000000010000000000
0000000111111111000100001000000100000000000000000000000000010000000000
0011101010011111000100001000000100000000000000000000000000010000000000
0001011000101101110100001000000100000000000000000000000000010000000000
0110001100111010011100001000000100000000000000000000000000010000000000
0000000001110100111010001000000100000000000000000000000000010000000000
0011101110100100111010001000000100000000000000000000000000010000000000
0110001101100000111010001000000100000000000000000000000000010000000000
1011000000000000000000001000000100000000000000000000000000010000000000
1000101010011111000100001000000100000000000000000000000000010000000000
1000101110001010001010001000000100000000000000000000000000010000000000
1101001001011000101100001000000100000000000000000000000000010000000000
1010011111010000101100001000000100000000000000000000000000010000000000
0010110100111010100110001000000100000000000000000000000000010000000000
1001110101001101110100001000000100000000000000000000000000010000000000
