11111111111111111111111111111111111111111111111111111111
11111100111100111111111111110001000111110000011001101110
10011111001011110100001000000000010010000011100001111011
01111100111110111111111111111111111110000111111111111111
11011011111111111111111111111110111110111111010011101111
11001111000111101111111111111111111111111111111111111111
01110010111000111100111011011100011101111100111110111111
11011111011111111111111111111111111111111111111111110111
11110111111001111110111110011111111111100011111111111111
00000010000000000000000000000000100000000000000000001001
11111111000111110011111111111111111111111111111111111111
00010100011111001111100110100000110000011000000110111000
11011000111111101011011000101111110111111011111111111011
11111101111111000111110001111101110010110011000001111000
00111001000000110110011110001111001111110110111111011111
11111111111101111100011100001111001110111111111111111111
00101101010011101111100111111011111111111111111111001111
11111111111111111111111111111111111111111111111111111111
01101001110001110001111000011111001110111111001111100111
00001111100111000011100111111011111111111111100110111100
11110000110011111000001111001101100100010111001010100000
11111111111111110111111001111100111111111111111111111111
01111110111110101100111110001101110011111101011100101111
11100011100011111101111111111011111000111111111111111111
11111111111111111111111111111111111111111111111111111111
00011111111000111110111111111111111111111101101110111111
11111111000111100001100111001111111111111111111111111111
11111111111111111111111111111111111111111111011111010111
11111111111111111111111111110011111011111111111111111111
11100111111111111111111111111111111111111111111111100011
11111111111111111111011111010111111101111111111111111111
00111101001110100000100000000110000011101101000000111100
11111011111111111111111111110111111011101011011001111100
11100110101111111111111100110110011111110111101011110001
11100001000001000000111111110100110010110000011111101111
11100011110001111111111111111000111010011000011101000000
00111110111100111110010011010000000011111010111110011111
11111000111100111111111100111110011111111111111111111111
11101100111110010010011110001111011110011000001011000011
11111111111111101101010110111001111111111101111101111110
10101111111111111111111111111111111111111111110111110011
11111111110011111100011110111100011111011100111111111111
01100111110000101111101100001111011110011111111111111001
10100111111111111011111110111111111111111111111111110111
00000100000011101110111111111111111111011111110110000011
11110011111101111111101111110111111011111101111111111111
11111111111111111111111111111111111111111111111111111111
11111001111100111110011111111111100111110011111111111111
11111111111110111001100110000111011111101111101111111111
00111101111111111111111111111111111111111111110001010100
01111111111111111000111110011111111111111111111111001111
11001111100011110111111111110111110001111011111111110111
11111111111111111111111011111100111111111111111111111111
10001111000111000011000010000110001000000010100100011000
11111111110111111111111111110010011000001000000000000010
11111111111111111111111000001101111100110010101011111111
01111100111111111101111111100111111111111111111110111111
11011111100011111101101111111111011111111111101111100111
11111111111111101111110111111111011111111111111110011111
11111110011111111111111111111111111111111111111111011111
01000110000111101111110111111100000100011111001000110000
11111111111111111111111111111111111011111011111001111111
11100111111001111110100110011111111110001111101111110111
11111111111111000011100110111111010111111011111111111111
01111101111111111111111111111111111111011111101011111111
11101111110111111011011111011111000111110111011110100110
11101111100011111000111100001100001100001111011111111111
10100001110000100001000001101111110111111100111000000010
11111111111111101111110011111111111111111011111101111111
11111111111111111111111001111100111111111111111111111111
11111111111111111101111001111100011111111101111100011110
11100011100011111111011111111111111111111111111111111111
01111111001101100111111111111111111111111111111111111111
11110111111111111111111111111111111111110111111101111010
10111110010110000001111111010000100000110011111111111111
11100111111011111100111110011110001000000111001111000011
11011111100101111011110111111011100111111111111111111111
11001010000011110001110001111001101011011111100000100000
11111111111111111111111111111001111111111111111101111101
11111111011111100111100011100011111111111111111111111111
01111110011011110000100011111111100011100001110000111000
11111110001111000000011000011111111111111110111011111101
00111010000001110000111110011111000111100111100000011111
11111010011111011111101011101100011011100000001110010011
11001111101111110111011100001111111111111111111111100111
11111111111111111111111111111111111111111111101111111111
11011111001110111111111111110111111101111111111111101111
11001101000000100000000100001000111101100001110001111011
11111111111111111100011100010111100011111110111111011111
11111111111111111111111111111110111100011111111111111101
11111111111111111111111111111001011110011011101111110111
11111100011110111111101111110111111011111101101000111100
01000001110000111111110010111111111011111001111000111100
00010010001011010110101011110110000001000100001111100000
01111100011111111111111111111111111111111111111110111111
11111111111111110001101101111111111111111111111111111111
00000000100011011000000000100000000000000101100000110000
11111111111111111011111111111111111001001111110111111111
11111111111111111111111111111111111111111111111111111111
11111111111111111111111111111111111111111111111111111111
