00000000000000000000000000001000000000000000000000000000
00010100011000001100001100100110000010000000000000000010
01100001110010110000111000011000000100000010000000000000
00000010000011000001000001000011110011110010111000011000
00001100001100001110001110010111000011000000101000001100
11000101101000000000000000000110001011001001100001100010
00000010000000000000000000000110010011000000000000000000
00100000000000001000000100000011101011110011111100111010
00000000000000010000011000000001000000010000000000000000
01110001110100111100011100010000000000000100000000111000
10001010010011111011110100110110000111000011110101010000
00100100000011100001110000101000111000011100000110000010
00101010011111001101101100011110001111101100111111011111
11100011110011110001111001111000001000000100000000010001
00001101001110101110010111011001001001011000001100001100
01011010011000000000000000011000011000101100001100001100
11010111100111111111111011111101110111110011000001110001
01100000110000011000011000000100001000100000100000000000
01100000100001000000000011100001110001111011111111111101
00001100000100010000000010000000000000001100001110000111
10000100000011000001101110100011010001001000001101000000
11101101100101110010001011010011101011000001100000110001
10010111000011100000110000011100011100011110000111000011
00100000000010010000000101000010011011011000001000010100
10001010000011000000000000100000000001000001000001100000
10001101001000000000000000000100010000001000000100000010
00000100000100000010010011011001100000100000010000000010
00000000000100111100011110011110011011011100001001000000
00000100000111001001000100001010101010001101000110000010
11100111100001100001110000110000011000011000011101001001
11001111001111011110101110110110010010011011011111000111
00111100011110001110000110000000000001000000000000010010
00110000011000000111000001100000100000000000110000111000
00111000111100011110001111011110001000000100010000011000
01001000100010010011000010001011000001000100100000110000
00000110001111111100111101011100001110001111000111100011
00000010000011100001110000110000010000000000001000000000
00011111001110100000010000100000000000000010101110100011
00001110000001000000000000100100011000001100000000000100
11000111101111110111111001010111000010000001100001100001
10110010011011011111101111110011111011111101111000111000
00011100111100011100001100010110010010011001101111101111
00110010110001000000100001110000101000111101011010111001
00011000011100001100001100001010001110000111001101001110
10101110001111001111100101000010100001000110100010011011
10000000000000001000000100011000011101111110100010000001
10000000000001000000001000001100010100001010000100000001
01011001111100110000010000010000001000010000001100100110
11000011000001100011100100110000001000001001000101100010
10000001000001100000110100011000001100000110000011001011
10010110001110000111010011001100101110111111011111001011
10000011000001100111101011111111111111011100101000100101
11110000111000011000011110001001000110100000001000110000
01101110110111011101101100100100010000101100001110000111
01100010110000011000101000100100000000000000100010110111
01001000010010001000001100000110010111011011001001100100
00000010000011010001000000000000000000000001000010000010
11101111101111111010111011000100100110010011001011101111
11011001111001111100100110110010011000011010001110001101
00111000011000011110000111000001111001111000111110011110
00000000000000000101000111000011000001010000000000000000
11010001110001010010101000000100111100111111001001100000
01111110111111110011110011110000001000001100100110000010
10000011000011000000100100001011000011100111100011100001
00000010000100000000010110001101101101110111111011001111
01111100111100011110001100000110100011010001110000111100
00100110000011000000100100100011100101100011111010110011
00111000011000000000000000000000000000000000000000000000
11001111101111111101001110000111001111001111111111100111
00111110111111001111001111000011100011101100111110111110
11100001100001100100110000011010000011000001110001110000
11000011000001100000100000110000011000111000011100000000
00001110001001000100000000000000001000010100001110000110
01000100000010000010000001000010100011110100000000100001
10011110001011010110110010101001100100100110010011000111
00000000000010001101001010000110000011000001100001000000
00000000000100000000000010001101100100100110000001000001
01000000001100010100000000000011100001100000111100010010
10000011000011100011110010110001011111001011100011000011
00001100000110000001100010010000111000111000011110000111
00000000010100100001000001110001111001111000011000011000
01001000101100001110000111000001111001111100111100110100
11110101110001101000101000011100001110100111110011110010
10111000000001111110011110001111000111100010110000011000
00010000001000011110001111110100100110110001010000001000
01000000000000000010000000000000100100110100001000110000
10000000000011100000100100010000000110000011001001000000
00110110111010011101001101000100000010100010010011011011
10000000000001000000100000000010001010001101100000100000
01000000100000110000011000001111000111000000100000100000
00011000110100011110001110000111000111000001100000000000
01000010000010000000100000001110011100001110000110100011
00001000000110000000000000000000000000000000001110000110
11001101101101011001001111100001010010001001000100100001
11011111000011100001100100110010100111100111100011100001
11101011111111000110100011111000111000001100000110000101
00000000000001000001100000100000011000011101010010010001
10000101000010000001000001000000000000000000000000000010
01000001000000100001100000111000111000011100100100010001
00000100000100000000100001000000100001100000010000011000
