00010110110001010001111100101100110001001101010101110000
00001000000011100010001001000010101011011000001000000000
01110111011011001010111001011111110101000111100001100000
11000110001100110110000001001001101010100011001010100000
01000111111011000101100111001110100101011011110100111111
10100001011000000100111000010000001100001000000001001101
00000000100000010000001000010110000000100001000000001100
00000000000000100111100000000010011100010111000111011011
01001101111000100100010010001000000000011100000101101010
00001100001110011110000100010011101010100010000000110000
00011100010001011100101001101100000011101011011100111111
01001111100000100101100100000000011110010000111010011000
00001010001011101101100011010100100101000001010100000010
11000001000000100011011011011111101010100111000110000000
00000000000000100000000000110110101010010111101001001100
01011000101100100000010101001010011001111010101110011000
11000000000111011000100110110000010100000111000010001001
00010001101000000001100001010001101011111011010110100000
00111000010010011110010100111001010000100010101000011011
01001101110110100101011110001001010101110000010000000000
01001000100100100000001110011110110010111011010110000010
10000101011011111100011111101110010000011101011000101000
00000000000010010011000010111000011100001100000000000000
10000001000101111100000000010100010010110000000010000110
00000001100011101100110111001111010011000000100011000101
00000001100001100000000001100000100100001101001010101000
00000100101100000001001111100101100001100101110010010000
00101100010000001010011001101101111001110100101000000010
01100001110001101000001100010100100110100100110000000000
00110011011111110101011010000001010000111000101100000001
00011010000000110001101000010001100000001011000001000101
10000001011100001100000011001001110011001010110110001000
01001110100000011110000001101001001000011100110100110110
11010001111000111001100000011010011011001110100101000010
11001111101100000100011010111011100101110011011000000000
00001000001100000110010011111010100100000001001000011000
00100000100000011100001100000000100000000110110000011101
11000010000100100001000000000000010000010011011111110010
00100100000000101000010001000000011000110001000000010000
10010010000000010010110000010100010101001011111011000001
10100110010010000100111010111010110111010011011000000100
11010110101110011010010000011000011111111110000110000000
11011010100001110101110010110110011100111011110010001110
00000100011010000010100110101100000010000011010001100000
00111100000000010110000010010011011100100010010011000010
00000000100000000001000001000011100000000011000000000000
00000000000001000000100000100001101010000000110100000010
10110000100000000110000011110011100101110100000011110001
00101000011100101000111110101001001111110011000001000000
10000010000001100001110110111011011010011110000001000000
00010000001000010000111001111010011001000011000001100000
10110110011011000000011000100000001000000011001011000000
00010011001010000100000000100011100011110001100110100000
00111000011111000010111101111110010100111101000000100000
01000001101110010010011010001001010000000000011111001100
01010000010010110000000110000001110011111000101010010000
11111001100100001111100001010000110000011000110100000000
11101101110001011101000000000001010000011000101101000100
00000000011010100001100110110001110100010010101101000100
00100110000011101101101111011010001100000110100000000000
10000001000100100001000100000000100100000101000001110011
00011110100011110101011000100011001001101011100001000000
00000000000000000000000010000000000001011011001110100111
00100111010000101000010000111000101100001101101000000100
00110100001111000000110000011100001000000100000000000001
11110110101010000011000001000000000000001011010101110010
01010101110110011010000111110001111110001100110110110000
00000001010000000110100000000000100000010100010011101000
10000001000000011011001111000000100011110000111100001000
10000000110001111001100010011110001000010000001100000110
00111110011110111111010110101000010100000101100000000000
10100011000011001110100010000001000010101101000100000000
10000100111111000001010001100000101000010100001000001100
01000000101000000000000010000001010000000000010001101000
00000000000011011100100001111000100100001100100110000011
01000000100001010110000010000001001000100111111010000110
00000111000011000111111001000100000010110100101010011100
00000010000010001001000101001010000010110110110011110000
01100111010000001010100101110010110100111010010000011000
00001000000101000000010010000000100011101110100100010010
00010001100000000000010100111111110001101010101100000011
10110001110011100110101101100100111000010101000100000000
10001011111111101010111111100010110010100001110000000000
11110010010001011010110010010010001000011100011100000110
11000101011011010010001101000110001111001100000000000000
10001100011100000011000100110110001100011000011100000110
00111100000000010001111010101010110000100000000100001100
11100001010000011100000110000001011110111101000101100111
00001101001101100001001010111001011100011010001100000110
10011011111110000110101001100000010000001011000001101110
01111100111100110101101100101011000010100111000010000000
10001011000100011100001011101111110000110100011100000000
00000100000010100111000000101000000110000001100010100001
00110000111000000000000110000000101010101100001110000110
10101010000101101100111110010010010000010101000000101101
01110010111000001101000100000001110110000111000111000011
10000110011000000001000000110001110011110000110000110100
00000001000001010011111110001100010010101010110111010000
00000000000000000010001110110011000000010000000100000100
10101000000101011000000010100010010000110000000000001000
