00001100000100100000011000000000100000110000011000001010
00011110011111001000101001000110000011000100101000101000
00001000001000000000000000000000000000000010000000000101
00001010000001000010000000000000000000001000000100000101
10001001000100100001100001111000100100100100000110000100
10000001100000110100001000001100000000000100000010000110
11111000100111000010000001000100110010011001101100100110
01100000110000011000001100000100000100000001000000100000
00010000000000000000001000100000010010010001000000001000
00110000110000011000101100000110001011000100000010111001
00001010001000110111010010010001000000100000010100000110
00001110000010000000000000100100010010011101000100100100
10110001010000100111010101111000011100001010010100011000
00000001000000100001010001110011001001000001001001101000
00101011010101001001101000100110000000010100000100000011
01110001111000001000001000000101100011100001100001111010
11000000010000001000000000101010000011010000110000110001
10110010001010000111000000111000110100010110000010001001
00001100000100000110001011010101111011011101001111101100
00000000000100000001001000101000011100000110001010000010
00000000000000001000001000000100000000000000000000000000
11111100100010000110000000000000000010100101110100110111
00110100010110001000001101000110100001010000101100111010
10000001000011010000000000000100000110000101100110100101
00001100100000010010000001100000000011001001100001100000
00000000001000100000000000100000100000000000000000000000
00000000001000110100010110001001000001000010000000000001
00010101000010000000000001000000000000110000000000001010
00000000000000100000100000101000010001100000000010000010
00100100000000000000000000100111000010100000010001010010
00000000000000000000000000000000000000000000000000000000
00001100110010000010000101001010110000011010011100001110
11100001110000001000000000000000100000010000001000101000
00000010000000001000000000000000001000010100000010000001
00001000001000000000100001000000110000011000000000000000
00000100000110000000100100000010000000000100000100000010
00110000110110011011001000100010000010100001000011010010
01010100100011111000011000011110110011111100010010010001
11010011101000001010000110000010000010000011111101111101
00000000000000000011000101000000110000100100010010010010
00001000000100000001000000100001010000001000100100000100
10100000110000011100010110000001000000000001001001010000
00000010000001001000000100010110000001000010100000100001
11000000100000001010000101000100000100000010100000100001
00010100011000000001110000111001010001001101100100101010
01110001001010000000011000000111010111100000010100000100
11100101110110111000011000001100011100000011000001100100
10110001011000011100100100001000000110000011000001100001
10011000110000011111000111100000111000100101011001110100
00000000001000000000100000100100000000000000000000000000
10000000011000010000001001110110100000010000001000010001
10100000000001000000100000010000001001000000000000000000
01000000000100000011000000000000000010000001000100000000
00000010100100010010010010001000000100000010100100001000
00000001000000100000100000000000000000010010010010010010
00100000010000001000001100100110111010111001000111010100
00010000110010010101100101110011010111000010001101000110
00001000001000000001000010000000111000001000000010000000
00010000001000001100000100000110000011000001000010001110
00000100000011000000100000110000011000001100000000001000
00000100000110000000100000100000010000001000000010000010
00000000000001000000100010100000000001010000000000000000
00101100010110000011100001010000101000010000101000111000
00100000000000001100000100000000000000000001000001001000
10000011000001000010100011011001110000001000001111001111
00001100000110000011000010100010111000110100101100000110
00000010001000100001010011010001111000000101001010001000
00000101000110100000010000011000010000010000001000001010
11000001000010000001010000101010010101011100000101000010
00000000000000000000000000000000000000100000000000000000
00000000000000100001110000101001010000110000001010000001
01010011101000111110000110000110100010010000001000001001
00000110000010000000000000010000111000011010000010000001
00000110000111000011100001100100110110010001001000000010
00000100000100011000001000000100000110000000000001000010
01100011111000100001110000111000000100000000100010100001
01000000100000010001000100100000010100010000100000010100
01000000100000000000100100000010010001011100100000100000
00100000000100000011000000000001000001000000000000000000
11111010000000011000000000000010000000000111000001100101
10000000010000100010000100001000100100100010000001000001
01000011000001000010100000100001000000101000110010111001
00010000001001000100100100100010000011000100010000011000
00000000000000000010010000001000010100010010000000000000
01000110110001001001001000100000010010101000000100100010
00000110000010000000000000000000000000010000001010000110
00000000000000000000000100000000000001000000100000000000
00100000111001001100010100000000010000010001101001101000
00101000000000000000000000000100000010000000011010010110
00000000000000100000011000000100100010000000011000001100
00000000000000000100000000000010000010000010010001000000
00100001100001111000011100000111000010100011010000010000
10000011011000000000000000100000010000011000011100000101
10110100000000010111000010000001000001000110000000011001
00000000101010011000000100000101000011100000010001000000
11110000010001010010110001100000010000000000100001101000
10001000001000000001001100100110001011000010000000001100
10010001000001100000000000001000110100010010000000001000
00000000000000110000111000111001010100001000000100000100
00100001010000101100010100001111000100000110010000010000
