01111111000111001110001101110001010101111001100100011001
10001011000101111000111111101101010000111001111100011101
10000011101101100100101011000001100000100011011010111001
11101110000000011100110110000111001011000110011001110100
10100101101100011111110111011110011000010100100110011100
11100011001110101001011111111000010010000000110010100101
10111000010101111111100110010000001100001110110010100101
00110100010101010010001010000001001011001111110010001010
01110100011111010101010111001000011001000101100111110000
00011110111100010100100111011010000100100010101011101100
00010101100001101100010111001011101110101010011011100001
11101010010010000111110010001000100000110111100001000001
10011011010100111000101101000000000011011001001000011111
11011010100010011010011100111000100011001000000100000101
11100000100101010011011101101010110110101100111110000000
01000111111100111110101111011111010010101001101011110110
00000101101111011010000100000000110010111000000101111001
00011101010100111111001100010110000000011011010000110110
10101011111001001100011000010001001101000011000010100000
10000101111110000110001011011110000010000111011000101010
00111000100100010011101010111100111101000001000111111011
01011000001110100111111110010000000010111011000111100000
01110010100001000101010000111000100101110001100111100001
00011100110100001111111100110011001100011100100010101101
11111001001100011100101110111010110001110011000111010100
11100000000111110110100010000001011011001101110111011110
10111110000101111111110000001101110110100001001111011101
01011100011111111111100001010111101010101110100110110111
10110100001111110110011111000010101101101000100110010000
01011111010000111011110000100101001000100010011101001010
11001001100100000010101111001010000101000110001001100110
01001011011011011011101101111101110010000101010101100010
01101111010001101001011100010101111110100010110000011000
10110101111010111111110110000100011000001011001011101011
01111101011100110111000100000011000000001100001101101101
01111101011000111011001001111110110110101001001011010110
11000000100001100100110110011101110010001000001011001010
10110111111111010110001000110110111010010000110000000100
01110100010111110011110110000010010110111100010100000101
01011010110010101111111000100100001000100000111101100101
10000110101001110100101001001011110111000001000010011111
00110110110101111110101111100001011101111111101110010100
11100011010101101111001100001101010111111101100000111001
00110101001100011011111010000111100001101101011001000010
00110011011100010101010110000111110110110110000011100011
00100010001101000110010001111010011111001111110001101010
00000101100000110101001110000001111000111000000101011001
10101000111111011111011111110001110010010101010111001110
11000001011000111000111000011100011101101101000010011011
00110110000001000111110101110000010111111011101111111100
10100110010000100001011101100011111000101010100110000001
01111101100101111011111111011101100001000011000100001011
10011011011110111111101111101110111000001111001000010010
00111101110100011110101101000111111111111001001011110011
10010111001101000111101111101111110000000011010010100000
11011111101000010110001010101011101100100011100111010100
10011001101100101101000010101111101100000110100001001001
11111111111010101011110101100110000000101011110101101010
10000010110010011101111100100010110000000101101011001110
10001011111101110100001000001100100110100010111110000101
11111001100010011001101010100010000011111100001100011100
01000111111001111011110001110001100110110101110110010010
10001010010011101111001010100010101101110111110111111110
00111100101111111101000111010001110011110001110100110111
11111111010001110000101001110000111001110010000111001011
11100101011001101110110010011111111000010000001001000100
11000001110011011001001011110000010111111100101100010101
10011101001011010010111100010111001100010110101111001000
01100010011111011111000110010011110001110011001000001001
01000100000011111001000011001011111101111010100111100111
10011010011000010101011111100001110001110110110111011001
11000010110111110101011110010110100110100000110101111001
10101001110101110100101010010110110001101011010110100000
11000110001010011000100110101100100001101100111001000000
10101000001100110000110011011110001111111010100110011110
10111110001101111110001011011100101111011001111011110001
01000111101001000010001011101100011010001010101110001011
10101010110100111100111111111011111000111111011001111001
01110111111011110000100001011101101100000000011101010110
10000011011010111011101111100111100111101010110000001010
01111011001110111100000111101011111101111000011000110011
11011111111000011111100011110111100111111110000101111111
00000101000010010001001001111110011000000100000001101010
11110001110101101100100101011110000000001110100110111001
11100000111101100011111000010100011001011111000001011010
11100100100100000001010011111001000110011100010100101100
01010001010110001010010001010100100110010001101101110010
01100111011010100111011010100010111011110100101011101000
00110111010000010000011000001110010010111000011000111011
00100001001111001110110011100001010000101111100101101001
11111111000110011101100110000100110001111100010010001111
10101011011101110111011111011100100110100100110010111110
00101001011100111101100100011010100011000111110100000001
01010011101010001110101100000100001100001001000011001111
11011011001101110101010001100111100010111101011110111001
11001010111110110011101110110000101101100011101111100111
11100011100111001000010111101100010101011110011111101111
00110000110000010000111100000011001110000110110001111001
10011010001001110111111110100110111001000011110001000001
00100011101111101110100001110000011100101100110011100001
