11101001000001001000011110000110010010001001000100000000
10000011000011101000101010000111000011000000000010000010
10000000100000011000111010101100010100000010010001001010
10000000010000001001000101010100111100111110110011110000
00110010010000000000000010000001010001110000111010111101
00000010110001000011000000110100011000001000000010000000
00000010000011110001111001110101000111000011000101000011
01000010100001000000100011000000010010001111000001100000
00100000000011010000000000000001000110100000011010001000
00000100000010110000010000110101000001001000000110001111
11010101000010100001011000110100001010000001011100101010
11101010110010010100101100100100000000000000010111010101
01101101000000000000001001000100000100000000110010110110
00000000000000000010001001001100110111010110100000000000
00111100010110000011000000100000100000010001001100010100
10100000001001001000000100001011100111100101100010100000
10101100011101000100010100000000001000000100000010000001
00100000101000110000010000010000001000001001111101010100
10000100100011110010110111010111001111001100000010000000
00010000101000110001011000101011000001100101000000001000
10100000010101100101100001010100100000110000010000011011
00100000000011011011010000001000000000000010100000110000
00001001000000110000010010001001010000101111000011000010
00001100100110010001001000010000001100000100000001000110
00000110001001010110100100000000000001010010000111000111
10110100010000111000001000000100000000000000001010100011
10101010001101100110110110100000001000000001100000001000
00101000100100000001001001001010100100110011001111000100
00000010010000001000000001010000010000001000000100000000
10000000001001100000110000011001010101000100000001010000
01000011100000010101000111100100110100110010010000010011
10101110010011010001001001110110011101000110111011010011
00000010010011001010100001100000010011001001101100101011
10100010000101000100110110011001000100101001000101010010
00000000100001000000100000100000000100000010000100000000
10000100000100001110101011100100100110001000000101010111
00000000000000100000010010110011001001000100011000111000
11100001110010100010010010001000000100000101000000100000
11001000100000111101000100010000001000000100000011100101
00100110000011010100100111000000110000011001011110011110
00100000000000000010100111101000100000001011110110010010
11001101100000000100000010000000101000101000010100001100
00000100000100000000000000000000000100000000000000100000
01001011101010101110000001100100111000111000001001000101
00000101000110100010110010100001000001000000101100000110
00101100000100000000000010000000000110100010110000010000
01100101100001111000001011010000000000000000010000011000
00110000011000001000000100000110000010000000001000101010
00100001010010010001001100001010010001001111000100000011
00010010000010000000000001011101101010000101101000001100
00100100000110000001100100111010010100000000000000010001
00110001011000100101110010100001001000001000000000010000
00000000000000010000000001001001100001000100010000010000
01001011001010100100000110111010001011000101000000000001
00111000011010000001000000000011000001100000000000000100
11100011101010000100000000000000010000000000000100110000
00011101011110000000010000000100100000010000000000001100
10110000110101011010011001000100101110000011101011000110
00011010011000101100011011011000001000000101000000101000
00000001100000000001000000100000010001001000110110011001
01110110111011010001111011001111101101010110011000011011
00001001001000000000100101000010000101010000100000010000
00101000011000000000000000000100000000000010010100101111
00010100101010010001001010010101001100100010010000001000
10000010001110010101011100001000000000000100000010100001
00100100000110010011011000100111110011111011110100010101
10000100000001101110110110010011000011001000101000100010
11011101011000000010010111000111100010100000110010011011
10000000000000001001010010001000101000010110000011000010
00000100000000100011010010001001000100000010110000001011
00000001000010000100001010000000000000000000110010010011
00101010100000100101010100101001001001000111110111111111
00000110101111010010100100000010000010100001010101001010
01000000010000101110011111000011000010000000101010010010
00101100111011010001101000111110011010101100011010001101
00110010010010000001001001000100100011110000110110110001
00000000000100000001110001001100000110000001100000010000
00100010101001000100110000110001010000110000111000010000
00100000010000010000110000001001101000001001100001001000
10000001000000100010000010010001000001000011000000100000
10000000000001001000100011100001110001010110000010000001
00000001000000111011101001110000111000011000001100100001
00100000000001001001000100110100011000101000100000010000
00111000001100001000101000000110110111001010010001011100
00100000000000000000001000100100110010010000001100000100
10000000001100001111100111110111111010101100001100100100
00000010000000000010000010000101000011100000010000000000
10010110110011010000001000000101010101001010000001000011
01011000001001000000101000000000000101000001100010100011
01001100000101001100101100000011010001000000000000000100
11000001010000101010010100111000101100010011101001110100
01001010001010000111010010001000000000100000000100000100
11010001010000001101010110100110010010010000100000100010
01001110000110010000000000000011100001101000011100001000
00010111001101000111000101110010011100100110110110011101
00000000001010000101000000000000101000101000110100000111
10001100000011000100000110000001000100000000100000011000
01101010110101000010110011011001000101100101000010100001
00010100001010000110010011010001001101000001001010000010
00001111000000100100010100011010001000000000000100000001
