11000000000000000001000000100000000000001100000010000010
00001000000100000000000000100000000000000100000000000000
00000000000000000000000000001100000110001100000111100010
00000000000000001000010000000110110000000110000110100000
00000100101100000000111000000000000000000001100000110000
00000100100000010000101000000000000000000001111100011000
00011110000101000000000000000110000111011000100010000011
01100000000000000000000000000000000000100101000111100001
00000000000110000000000000000000000000000000000000000000
00000000000000000000000000010000101000011100001110110000
00110000000000000000000000000000010000001101111101011001
00010000000000000000000000010000000000000001110000001100
10110001000000000001100001010000000000000000000000000110
00110000000011000000001000000000001000000100000010000001
00000000100000111000001111100000000000000000000000000011
00000000000000000000000000000001100000010010100001000000
00000000000000000000111000010000000000011000011010001100
01000000110000000100000000000000000000000000000000000000
00101100110000000000000000000000000011000000000000000000
10000101000000000100000000000000100000100000010010001111
00000001100011010000001000000000000000000000111110010101
00110000000000000000000011100000100001100001110000000000
00111001101111011111010100011100000000000000000110000101
00000010000001000000001000001000000000000000000000000000
00001100000000000000100000100000001000000000000000000010
00110000011000011000000111000000000000000000010000001000
00000000000000000010010001001000011000001000000010000001
00000011000001010000011000110000000000000000010000001011
01000001110000111000000000000000000001000000111000001000
00000110000111000110000000000000000000000000000000000000
00011000001000000110000001000000010000000000000000000000
00000000000000000000000010000100000000000000000000000000
11100010100001011011000001000000011000000100000100000000
00000100000001000000000000000010001000101110000101000000
00000111000000100000000000000011000000000100000000000001
00000010001000000110000101010000001000000010000001000000
11000000110010000011000000010000000000000000000000000110
01101000110100000000000000000000100101110001100001110000
00000010000001010000011110010110010000010000000000000000
00000000000000000000000110000001000001100001000000001000
10000001000000000100000100000010000111000010010000010000
10000001000010000000000000110000001100000000010001111000
00000000000000000000010000000000011101100000000000000011
10000110000001100001000000000000000000000001000001110000
00001100000111000110001001000100001000001100001110001011
00001100000000000011000000000000000000000000000000000000
00000000000000000101000111110000100000000000010000011100
01110100111100001111111111000100100011000001100000010000
00111111001111110010010000001101110000101000000001000000
00101100001000000011000000000000000100000010100000001001
00000001100000100000011110001101100111110011000111010100
01000000100100000100000000000000000000000000000000000000
00011000011110000110000001000001000000000000000000000000
00001110000111000000000000000100000010000010000000010000
11000110000001001110000011000000000000000000100000110000
11110000100000000001100000000001000000100000011000000011
01110010011001000010000000000000000000011000000110000111
00000000000000000000000000000000001000000110000001000000
00000000000000001001101110000000001000000100011000000000
00000000000000000000000000000010010001101100000100000000
00011100000010100100010000100110100100101100001110000111
01110100110011000000000000010000000000000000000000000000
00000000000000000000010000001000000000000000001100110101
00000000100000010001110000001000000000110000001000000000
00000000000000000000000000000000011000001100000000000000
00000000000000010000000000000000000000000000000000000000
00000000000100000000000000010000000000000000000001100000
11000000000000010000001000000100000001000000000000010000
01111000000100010000011000010100010000001100000000000000
00000000000000000000000100000010000000000100000110110001
00000000000000000000000000000000000000011000000000000111
00000000000000000000000000001011111110110100000000000000
01000110100011000000011101000101000110000010000000000000
00000000001000001000100000110000000000001010000000100000
00001000000101000001000000000000000000000000000000000011
00111110000111000000000000000000000000000000000000000000
00000110000001000000000000000000110000000000001000000100
00000000000000000000000111000000100000001000100000000000
00010000000010000101100001110100000000110001110001001000
00011001101100000000000100001010000111011100110000011000
00000010000001000000000000001000000100000000000000000000
00000000000000001110000001000000001000000000000110000011
00001100000000000000000111110100000001100000000000000110
00000000001000000001000000110000001000000010000001000000
00000000000000100011011000100110001011001100000110000110
11100000110000110000000010000000000000000100001010000001
00000010000001000000000000000000000000000010000001001100
00000000110000110000000000000010000111000001110000011000
00000001000000100000000000001000000000000000000000000000
00001100000000000000000000000000010000111000001110011110
00000000000000100000011000001000000000000000000000000000
00000000000000000000000000001111010111001100000000000000
00110000001000001001100000000000000000000000000000000000
00100001000000000000000000000000011010001000101000001110
00000000000000100100000011000100000000001100000000000000
00000000000000000000000000000000000001100000100000000100
11000000110000100000011100101100011000000000000000000000
00101001000000100000010000001000110000000000000000000000
10000111000011000000000000000000000000000000010110011110
00011000011100000100000000001000000110110001111110000011
