11100011010101110101011101111011100110101110011101101010
01111100111101011111111001100011001110111000011101011101
01110011001011001001110111001011011101111100101000111101
11100010001010001110010011010101100000010010000011001101
11000100011111000111111000110101111110011110101111111010
01000100110100010110111010111011001000001010101101010010
00100000001000111100100111011011101110110110110111010000
01011110001101110001110010011111100011010001001011010001
10000100110100111101100100000110000101000011011111010001
10010111111001000010000000000011101011010010101110000110
01110011100011000000110010101010100100110010000111001111
10010011111110010000101100101000101110010101001011111100
00110011010100010100100101100110100010101000011110110101
10010010101001001011100110110100000101001011110111011000
11011010011101100110000010000110111110101110001011111111
10011100011010101111010101001111001001110011101000111000
10000111110010101001000111111010101011110100011000110110
10111110101010011101111000010010000011001100101110111000
11101111101101001110110000000101110001000011000001001011
01000111011101101100000000111111101101101100111001001011
11111101001010101001110101100110001000010101001001111110
10101100111111110001110110010011101000010011000111001100
11110011011010001110110111111001101001011100100110110101
00011010001001110011100011010100010101011011110100000111
10110010111101000010110111111010110101111111100010101111
01011110110001001100100110001100111100011100010010101111
00001001111001111010001001000101001000111011111111011001
00010010101001010011110111000110000010111100111110001010
01011111010010011100100101000011100100111011011011100011
11110000110101010001110011000001010011001010101100100110
11011111110011010100000010000111110011011001000110111001
11110010110000101110011001010100100000010000111101011001
10101100111101000111001011001010111001000001101000011010
10011100100000000111011110001000010100011011111100010100
11000011001111000011110110100111100011111110110100110110
01110111101101111110011101001011100000110111110101010010
01110001011001100001111110000100111111100111011100001011
00101011010110100111110111010100100000001101010100001110
01001110111101010111010010000101111010100101111100100001
01100011001101101000000010111101111000010010010001001001
10000010111101111110101001111010001101100011000101110101
01000010011110001111011111001001110010101100000101001001
01000010001100101101000100110110000000001111011111000101
00100110001011001111101110101000011111011000000001000100
11111101100100110011100100000100000010100010111000110110
11100111111100111101101011000000100100000010110101001110
00011000110011100101000011000000001101111011111110100010
00110100010000110001100111000110010001100011011001100110
10000110000100111000110101010110011010000000011011001100
10110101100010100001001011111000011001100010011111111001
11110110001100111111001000100111111101000010111010000111
10001111111101010101110001010100000101110101111000101001
11110000110101100110100001111100111101011110101011000001
11011001110101001000111011111110100110001110011110110001
10110101010010001011011100110100110010100110011010011011
11010000011010101001000000011011000101010110011110100101
00011001001110111001011010010110111001010100011100110001
01101111010110000001111100100110101110111110101011001101
11101100001000111101010110100001010011100011110011001000
10110010101110000001011111010000101101010110011101100001
01011110010111010100101111101110011010000011011001111101
01001111100110000110101101011100011111110010010011000010
00011100111000011100000000011100110001011100100011000011
11110000100101100100000010110111001111000001101111101101
11011010010101000011111010010001110101000000010100011100
10101001101011101101110111011111011010110101001001000111
10000101011011100011111011010111101101000111111101011001
11101001000111001110011011000101001001110110101100000110
00000011011100110111101000011000011101011101000110001101
00000001110111000110101100001101000011010101010000000011
01000000001001001000010001101000011100111100010010111011
11101110001011111011110100001110111100010110101001000001
11010011001001111111111110011101111000001001011000101111
00010110111000001000001100000111100001100010101101001010
10001110110000001100011011100000101000010101100100000000
00001000110101010001111000001010000000000010100100110001
00000110010000000011000001000111000000100000001100010101
01011011011011111010110110101110111001000101111100011100
00110010111001010010101101011101011110110010101000001111
10111110011110011100101000110001001000100010010100000001
01001010100111111111101010101000001011111110001110010001
11100111110001001000110010100011001000101101011100111110
10110001011010000011110000100010001111110001110110101110
11100010100111111010101000010010001100110011111011000101
11010011001101100101001010110101110001101110011101001001
11101000011110000010111011110000010010011010000101110011
00010101101010011001000011110010011101101011101100101011
00010010001100000111010110001100001110111010101110010101
00001010010010011011001010011000101110000111110011000001
00110000000101111111011011001001010001100000011110000100
10000111001111000011001100100000100000001101010100001111
01001010100111001101100111011100100110000101001000111011
11100110011101101101001110101100101000111100000101001111
10100001010100110011001011011111110001000100101101011100
11100010011111100110100100000000101001001101110011000010
11110110100011001001110100111101000110011100000100010001
10011001100110000110000011111101001001000111011001000010
10101110000001111000101100110111001011100110110110010101
01010100111100111001001010101011000111101100101001001101
00110001101001110001010100011100111010110110110110110110
