10000001100001100000010000000000000000000000000100110100
01101110110111001111101111110100111100011100001110001111
01001110101101001110000101000010100011101000100100110111
00101010011111000111101111111011010111110011110001111100
10000100000100000010001000110101110000101000001000001010
11111111111111111111110011101011110011011101111111110110
00000000000000000000000000011000001100000110000011000011
10111001001000000010010000001000001000000101000000000000
01110000110000011010001110100111000101100010010001010000
00011010011010001100011110001110100010010000111000011100
00100010011001001101100100010011110011111000110100011010
01111110010110001000001100001110000110010011001001110000
01110110110111000011000001011000111110111101111010111011
00000000100000010010010000001000000110000001001010000110
10000100000111100001000001101000101100010100011110011010
00001110000110000111000011100001110000110001111000111100
11011111011011101111111101111101111101111111111101111111
01100010000001110000010100111100001100000000000010000010
11101001100100110000010000000000000000000000000000000000
01100001100000110000010000000100000000000000000000000000
01100111110001111000111001111000111100011101001110100110
11111101111110111111111101111100111100000110111110011110
11100001100000100000000000000000100000110000011100001111
10001001000000100000110000011101001111100011111101111100
00011111001111101110110111110111111111111111111111111110
01111101111110011111111111101111111111111111111001111110
00000000000000000010000001010100001100000000000000000000
00111000011100000000000000000000101000010110000011000001
01101100110111111110000110001001001000000101000010001010
11111101111101111111111111111111111111111101111110111111
11110011110001110000001100010111001011101000001000011100
00000000110000000000000000000000000100000011000001000000
00010011001011000000101010111101110111010010001100001110
11111101111011111111111111111111100111110111111111111110
11011101110100010110001011000010101001100111101111100010
00011100101111011111011111011111110111111111111000111101
01100010100111110011111001101000111000100100000110000011
01100001110000111100011100001100000110000011000101000011
01000001000000000000100000010000001000001000011100011111
00000010000011000011101001110000011001000001001000010000
10000010000001000000100000011000000100101110011110011111
10010011000001101000100000110000011001010100001110010111
11010001101000100100110110110011110011100001110001010000
00000000000001000000100001100100010000001000000100000110
00001000000000100000010000001000000100000000000001000000
11111111111101111110010010001111100111110000101000011000
00110100011011000011000011001101101100111100011111111111
00000001000001100000110100011110010010010011101000111000
01111100111111111111111111101111110111111011111101111110
10000011000010100101110000011000001000001100000010100101
10000100000000000000000000000000000100000000000010001001
11111001111000111100011100001110000111000011001001001100
11000011000011000001000001000000000000100000010000010001
00111100011111111011101111111011011001101100001111011110
11011111111110001111001011100101100111110001111011010001
01001101000000000110010010000000000000000000010010000000
00111110010111001011111111110111111111111101111110111101
10000010000011000001100001100010000011000010100001000000
11110001111001111100001101000110000011110001001001000100
00000010000011000001100000101000011110001011000110000011
10001011000111101111110110111100011100001110010010011011
00011110001111111110000000001000001100000110011001011100
11011110011100000100010110001001001111101111010001111100
11110001110101011111111110111111111111111111011111101101
11100011100111100001110001001101000100110110111110101111
01111101100111110111110001111110111010000101001111001101
11100011100011111001111101111000111010111100111011101111
11110001111001111100001100000111000011000001100011100001
01100011010101000000000000000000101000110000010100001110
11100001100000110101011101001111000011000010000010000001
11000101100100110000011100000110000000000001000001100000
00000000000010100000010010000000101100111010011000001101
10001111111110111111001111101111110111110100011001011110
00000000000000000000000001000001100000101000000100000000
00000001000110100001100000110100000100000000000000000000
00000010000011010001110011110001011000101100010100001110
11010011101101100011001001100001111010111100011100111000
00000000000000000000000000000010000010000011000001100000
10000001000100111000011100001110000111000011000001110000
10110100010000110000010000001000000110000000100000010001
01111001111000111000011000001110000011100001111101111110
10000110000011000001000111010011111011111100111010111011
00000000000000000100000110000010000000000010000001000000
01110010110011000101101100111110011110000111101111011110
00111100011110011110000111000111110111101101110100111111
11101100100011000011100000100000000000000000010000010000
11000001000000001010001010000100100000000000000100000011
00011000001000000011000110100001100000100100011010000111
10001010000000000000010011101001100000110000011010011111
11011111000101100011110000110000001000000100000010100011
00001101001111101011101011100001111000111100001110000111
11000001001000100100010000001101000111100010011000000001
01110001110000110000011000001111000011000010000000100000
10000110000011000011100101110010111000000101001001001010
00000010000010000000000100001101000111001110100111110000
00000010000011000000000000000001011011001100111000110100
10001000001000010100010000000000000000000000000000000000
11000001100000110000010000001000000100000010000000000000
01000001000000010000011100001000001100001110000100000010
11100001100000110000000000001100101010001000100100111110
