10000000000000000000000000000000000000000000000000000001
11111111111001111111111111111111111110111011011101111111
00110000110000010000001100000000000000000000000000000001
11111111111111111110111110011111011111001111101101101011
11100001100000000000000000000000011000001001010001001000
00001010000101000010000000000001001000000100010000000010
11001101001111101111011111101011100011110101011011111111
01111111111111100111011111111111111111111100101111101111
00100100010000000000000000000000000000000000001000000110
00100010100101110011110001110001111000111100001010001100
10001001001100001110010101000000000000101000011100111001
00100000000000000000001000000000000000000000000000000000
10000001000000000001000001000000000000100000010000000000
11001101100110000011000000000100101101001111010110111111
10000100000010000101000001100000111000011100111110111111
01111111111111110111111011111101101111111111111101111100
10010001001000010000011000001000000000000010000000110001
00010001001010111101001110010110001110000111100001100000
01111110111111111110100101010111101011111101111111101111
00000000100000010000001000000100110000110001010011001001
01111111100111010101101101110010111110110010111100011111
00000101000001100001110001110000001000100100000000000001
01011110001111100011110001110000001001001100100100000100
11001111001111000111100011110011111001111100111110111110
00111000111000111100011100111110001110001111000111100111
00000100001101000000110100011000001000000010000001000000
11111111111111011111101111110111111001111100101110111011
11010001011000100000011000000010100001100011000001000000
11010001111000101000001110001110000110010011101001110001
10111110011111001111100111101111111111101011111011100011
00000000000000000000000000000000000000000000000000000000
10011111011111100011100011111111111111111110111111011101
11000011000001100000000000001000000100000000000001100000
00010000011000001100000000000000011000000100000110000110
01001110100110011011000101100011110001001010100000000000
00010000000000001000001001100111111001111000010000100100
10001101000100000000000000000000000000000000000110000001
00000000000000000000000000000010001010001100000100000000
10100001110000111000101000100100011100011011000101000010
00100010100101110010111110011010000011000000100010100001
11001011100001110001010100001110000110000001000001100000
10010111001011110011111011111110110110001111001110011001
00110110110110000011000111100000101000111000011100111100
00111110011110001110001111000111111111011011100000111010
00111111111111100111010011100111111001111111101011110111
11111001111000111000011100001111010110001000000000010000
11111011111110111111011111001111101011100111110001111001
11111110011011000100100100110111001010000101000111101110
10001001000100000000000000010000000000010100001000000000
01100001100000110000010000000000000000000011000001000000
00000000000000000000000000000000010000011000111100111110
00011100001100100000011010001100001110000111010001100000
00110000111100111010111100011111101111101011011001111000
10011111001110100111010111110011111001111011111101111110
00000110000111000001100000110000011000111100001110001111
11011001011100001100011100001110100111100011110001110000
11100101111100111011011101100100100000000000111010111011
00001000000100000000110001011101000010100001001000101100
01101111100111100110110010101111111101111111111101000001
11110011100111010010101011110101101000001100001100001100
11100111010011000000010001001000001110000101001111101111
10001001000001100010010001101000100000110110111110111010
11111101010100100110000111001001100110110011111001011000
11100001100001000000100000010000000000110000011000000000
10110000010000100000000000000100001010001100010010010010
11111110111101111110111111011110111110111101001010100011
11000011000010100000011000000000001000100110110011010010
00000000000010000010000000000011010000010000011000011000
00001010000001000110000110000000000000000000000000000001
11110011111010110000010000001110000011110001000000111000
10001011100110110100010000001101000111000011000001000000
11111110111111111111111111111111111111111111111111111110
01101010101010011101111110111110011101001110001111000110
01111111111101111110011110001111000111000011110001110010
11000011000000111011011100001110000010000001000000100000
10001000001000010100101000011110010110011100000110000111
00000000010001000001100100110000001000001100000110100001
10110011111011111000111100111110000110100011110001110000
00100000100000000000000000000000000000000000000100000100
00000000000000100000010001000000000000000001000000110000
10100111000111110111011111011011101111111011111111111111
11111001111000111000011101011100101100010010001001000000
11110001110000100000010110000110000011011101111110101011
11000111100011110011111111111111111111111001111111111100
01101101110100111010011110101111000111100011100001110100
11111110111011111101111111111111111111111111101111101110
00001110000111000001100010110001011011011101100100111001
10110000110000000000000000000000001000001010000001010011
00001000001000000100000000010000001000010000000010000111
11110001111001111100111100111100001100101100010110000111
00101110000100101110001111111111101011000111110001111000
10000010000001000000100000010000001100010110011100001110
10001001000100000000101010100101010000001100000010000000
01110000111000111100011100000010000011000001100000111001
11100001100000110000010000001010000100100011010001101000
00011100000111000011100011110000011000011100101010100101
10101110110101101000100001111000001101101100100110010011
11110101111010111110011011101100110110001011000001110101
10011001001000110110000110000000011000001100011010001111
11110001100010001101101000010011000110000000010000001001
