01000100000100011000111000111100001000000100001010000110
00011110001111001001100101110110111010111000011010110111
00000000000000000000100000110000000000000100000010000001
10001101001110100001000000000100000100000000000110000111
00000010000011001011101101100110011001111000100010100000
11101001100000111000011000001110000110000011000001010000
11011111111111111111110111000010100110000001000000100000
00100000010000000000000000010000010000001100101110100111
00100000010001001000111000001100000100000011100001110000
00000010000000000000100000000001000001000001100000110000
00000000000000000000000000000100000010010000010000000000
01100101111110101010010010001000000000000000000010100001
00011111011111001111110110111001011101011111101111010111
00000110100010011101001110010101001001100100100000100000
11011111011111111111111011111001111001011100101001011100
10011110001111000111100011010101110110100001101000101000
00110100101110001100000110001011000010000000000000101001
10111010111001001010000000000001000011000101010011110001
10001100001110000000000000000000001000001000110001110010
00000000000000000000100000010000010000001100000110000111
00110000011001011100001101001101100101000011100001010000
11000101000011100010110010101000000100000100100000110000
00000000000001100000110000011010011111010111101011111010
00100111110110100010010100000010100101000000100000010000
01100000101000010100011000001100000100000010000011000011
00100000000100000010000011010000011000101101010011101001
01110101111100100000100010111001111100111111111101111110
01100001111000111100011111101111000111010011001001010100
00001000001000000000100000010000000100000010000000000000
00000000000000000000101000001101000100000100000000100000
00001010011011001101100111100000100000110000111010011001
00010000001001000100100110010001001001000101101110110111
01110001110000101100010000001100000101000010100001100000
01111101111110011111111111111111100111000011100001110000
01101110111111001111100111110001111001111100011110001111
00001010000011000000000011100001000100010010010000000000
11000001100010110001010100100010110000010100001100001100
00000100000010000000001000011000001110001000000000001000
00011100001101000010000000010000000100100011111101110100
01000110000010000011000010100000100000100000010000001000
00100010100001001000101000010000001000001100000110000111
01110001001001000000100000110011010111101111111111111111
01111110000110000011000000101100011111011011111001111100
00000000000001010000101000010100111110011011100001100000
00000000000000000010000000000000100000011000001100011110
00001110000010000000000000010000001000000010011000011100
00000000010010001001000000001000000000100000000000000000
11111001111100110000011111001110000110000011100101100000
10101000100100111110011000000110000011000011000000000000
11110010111011111000111110011100011110101111111111111111
00111100011100011000000000000000100010000001000001100000
11000011000011100011110011111000111001111000011110011111
11000101100100010000001100000010011000111100001111101110
10111000111100011111000111000111111011101101111110011111
01001101001100100000010000010000011000011110000101000010
00100000010001001000100110010111011011011101111111111110
11110100010010111000000000000000000000000001001001001000
11000001000000000000000000000010000001000000100011100001
00001100001110000111000011000001000000000000000000010000
11000001000001100000010000110000011100011110001111000111
00100000101000001100001100000111010011110100111110101111
11000011100001100000011000011010001110000111001010001010
11111111111111111101011010001101000100000010000001000000
10000100000000000000000001000000001001000101111111110111
10011011000111100000100000000000000000000100000000000010
10000001000000100000000000100000000000000000001000000100
11000100100011000001100000100000000000000010000001000010
11100100100000010001101000111000011000001001000000101000
10111001111010110100011001001110010111010011101001110000
01100000100000100000010000001000000000000100000010000011
00000000000000000100000010000000000000000000000000000000
11000001100000110000010000001000000000000000010110010011
00000000001100000000000000000100000010000001100011100001
01000000100000010000011000001110000011000000000000000000
10000111010111110001111000111110000110000011000011000010
00000000000000000001000000100000100000000010001001000000
01111101011110100001010000001000000100000100000111000111
01000000000000000000001000000110100100000010000001000000
00000001000000000000001010000100000110000010000001000000
10001100000110001111010111101111110111110100110010111110
11100011100000110000111100111100011110011111000111000110
11110101111100111100111100101110000101000011111001110000
00000000000000010000010000000010000001000000000010000001
11001001100100100011100001100001111001111100111110000011
00001000000100000000100000000000111000011110001111000110
11110001111000111100011110001111001111101011110001111000
00011110001010100100010111000101100010100011111101110000
11111111111110011101001111001111110111101011011001011100
00101100010100000010000001000000000001100001010000001000
00111010011011000011100001100000111000111100011100010101
00010010000010000100001111011110101110100011010100010110
11010100000101000000000000011000110000010001000001100000
00000010000010000000000000000010001010000100000010000111
11000011000001000000000000011011001011000111100011100001
11111101111100001100000100000011000000000000110001111000
11000111010110101110000110000110100110010011001001000000
00001110000110010001110000010000010000000000100000000000
01000000100000000000000000100000011000010110000001000010
10100001000001100000010000011100011100001110000000000010
00000000000000000000000000000000000000000000000000000000
