00000000000010000010000001010000000000000000000000000000
10001000001000100100000001000000110000100001010010111001
00110101011000000000100001011001011001001000100000001100
00010000000000000000000100000000100000100000000000000000
00000000000000000000010100000010001010000111000001100000
00010010001011000101100001100000100000001100000100100111
10100101010100111100001000110100001100001000010001010000
01001000101100000010000000010000000000001000000100000001
01010001001000100000001000000000000000100000100000000000
00000010000001001100000100000010010000000110011001000101
01101001010101101000000100000000000100011000001110001010
01000001100100100010010000011100000100001000000110000101
00001000000100000000000000000000000000000100010110001010
01000001000000000000000000001100011101010101100011100010
00011000000000110000000000001000000100000010000001000011
11000000100000010000100000000000000100000010011101110010
00100000010110000010000011000000100000110000110000010100
11111010111110101100011110001101000100000100000100000000
10000001000000000000000000000010000010000000011010001101
00001001001100100110010010001010110111111011000001111100
00010100010000000010000000010000001000000000010000010000
00000010000001010000001000000000000000000010001001001000
00000110100101100000100000000000010000000000000000000000
10010000010000000000010000001000000001100010010000010000
00000000001000010100010000001000000100100010110001111000
11000001000000110000010000000010000001000000100010010010
10000000000000000000010000001100000000001101000111000011
11011100000110000011000001111000001100000000000100110110
00001010000100000010100000000011010001000000111000011000
01000011110010101100000100000010000011000001110000110110
00011000011000001000000100000000001000000100000110000101
00010000010000000001100011100011110010100001011011000000
00000000000000000000000000000011000001000001100000100000
01000101011110000010100000010000000110000011000001100000
00000000100000100000000000000000001000000100000000000000
10000011000001100000010100000000100000010000011000011010
01000000100000110000001000001000000100000000000011000010
01010000111000111000011001010100001100001000100000010000
00000100001111000000100000000000000000000001000111000011
01101011110101010000001000001001100000000000010000010000
00000011000000100000100000110000010000001100100100100000
00000000000100000110100111110001010000100000000000000000
10000000000000101000010000000000000000000011000100000100
00000000000001100000100000100000110010000100011000001010
00100010100010000101100101011010111001000101100010100001
01000010000011111001111000110000010000010100101110010010
00000110000100000011000100100010010111000011110001110100
00010000000000110100000000100011010000001000100100100000
01000001000000010000010000000000000110000000000001100000
00000000000001000000100000000000000100000010000000000000
01000100100011010001011000001100011101000111101111100110
00000001000011100001010101010010000101000000111000011100
10011011001001100100010000001000000000000010110000011000
00010100011100100000011101001000000000100000100010001001
00000000000000000000000000000101000010000011000101001000
01011001111000010100001010001100000110000011000001000000
10001101001000000010000010000001101000101100010100001011
00100000010000000000100011110011110000010000010000010000
00010110011111001011000100000010000010010000101000001000
00000010010011010101111000011110000101000100100001110001
00000000000000000000000000101000100100111000000110000010
00101000011010000100000000010000001000101100001010000001
10000111000010101000011100000000001000000001000001001000
11000011100001010000010000000000000000000001100000000000
10100011100011000000100000000000000100000010001110001011
01100010110000011110100000010000000000001100000110000010
00000100000000000000010001011010001001000110100111100100
01001010101010110001111010110000111001010100100000100111
00000010000001000000000000000000000000000000000000000000
00000000000000100000000000000000000110100011010001000000
00000100000110000001100000100000000000000001100000110000
00001100001100000110000001110000001010000011000000100000
01001111101011100000110100011000010000001010000001100000
00010001001000100000000000000000001000001110000111000010
00111000001000000000000000001000000100000000000000000011
00001100000010000010000000010100000010000001000101000011
01100000010000001000011000000010000010000010000001110000
10000010000010000000001000000000000000000010010001010000
01000000100010000010000000110000111000011101000111000011
00010100010010000100000000000011000001000000010000010000
00001001001000100000000000000011000101100010010001110000
00000000000000000000000001110000111000001110000011000010
00010010001001000000000010000001100000000000000100101110
00000000000000000000000000000000010000001000000000001100
00010000010000001000000000001010000110000010000010000001
10000011000011000001000101011001000110000101101000100000
00011000011100001110010100001000000001000001100010110001
00001000000001001000010010011001000000100000000001000000
00000000000000000000100001110000111000101100100110100110
01100000100000000010000010001001000000100100000100000000
10001001001100000000000010000000000000000100001110001010
00000000000000000000000000000000000000000001000011000111
00000010000001000000100000110001011000011000001110001101
00100000000000100000000000000000010001000000110000011000
00100000010000000110010010000000000101000010100001100000
01001110100010000001000001110011011000001111000010101001
00011000010000000000000100000000000000000000110100110010
01000011100011110001110001100000011000011110000101000100
00000110100000010000000000000100000110000010100000100000
10001111001011000101000011000000000000000001000100100010
