10111010000110000000000000000000000000000000001001000100
00001001000000110000001011000011100000000011110001101001
00000110000000000000000000010000001000000100000001000000
01111011110101110010011000011100110110001011110101111000
00010110001011000001100000110000010000000000000001000011
11100010101101010011101101100000000000100000110000111000
00011110100100000111010000001100000100100011010000001000
11111110111111001001111111111111111101111111111111111111
10110000001000001000000111110010001000000000010001000101
11100000000000000000000000001100011111100011111100001101
10101000110100010000000000000110000010000011111001111100
00010110000111000100100011000000000000000000000000000000
11110001111111111111111100110000000010000001000010000011
00011110001111000101100011110000100000000001000010100001
00001110000000000001100000010000000000000000000000000000
11111001111111001010010000001100000001000011100001101110
11111111011111100011110000110000000000000000000000000000
11100011110000111000011000001111000110000101000101101011
00011000100100010000000000000010000001100000000000011000
00011110000011000011100000010000000010000001000001100000
00000000000000000000000110000000000110001010011100000001
11000101011000101000010010001011000011100011111101110010
11001101100100000011000000010000000000011110111110000111
00000000000000000000000000000111000101110011110001110000
00000001000010100000000000000010100100111111000110000011
00111001000100000000000000000000000000000000000000101111
00000000000000000000011000000000111000000100000000000000
00001010000111000000000000000000010000000000000001100000
10000001110000001000001000000000000000000000010000001110
11101111100000110000000001100000000000001100000110000000
00000110011111000001100000110000111100010000111001010100
11000110001001100001100010110001011000001100000110001011
00000000000000000000000000000000000000000000000010001101
01110001111111111101111100001111000111100011100000000000
11111111111111101101101110101010000010100011000001000000
00000110000010000011100100000001111011001101010010001001
10000010000111000110000000100000000000000000000000000000
11111111111110111111011111111111110110100010101101111100
00000010000000000000000000000000000000000100000000000000
10000001010000010000010100001100000010000011100000000000
00110000000000011000000000000000000010000001000000000000
01000000000001000000001000010000001000011000001110000011
00000000000000000000000000001000000000000000001110001111
00001100000000011000000000000000000001000000100000000000
11111111111111111110111110001100000110000111100001111000
10000001111001111000011000001000000111100011000001111000
00000000100000100000000000000000000000000000000000000000
00111111111111101011100001110000000110100001110001100000
00001110000011000101100100000000010000011000000110000011
11111111111011000011100000000000000000000000000000000000
11111111111100111110111111111001111000011000001100000011
11100011111001110000010000000011000100000100000010000001
11111001011000111000011001000000000000000000000000000000
00000000000010100000000000000100000000000000001001000100
00001110000111000010101000000000010000000001000000100110
10000000000000000001000000010000000000000100000001010000
00000100000000110001000000010000000000000100011111111000
00001110000011000001100001010000000000000000000010000000
00000000000111000000000000001001000000000000000001000000
00000000000000000000000000000000000000010010001001000011
11000000000000000000100000010000111000001100011110000111
00000011000001100001010000101000000100001101101110010111
11100001100000110011011111001001001000010100011000101111
10000001001000000100000000000000000000000000000000000000
00001110000110000011000000000000011001100000000000000010
10100001000000000000000000001100000110000011000001111001
00001000101000000101110001000000000111001010000000000100
10011011100000100000011000001000000000000000000000000000
00001100000000000000000000000100010110000000000100000001
11000010100001010000000000001000000000100000000010000001
00000001000000000000000001100000001000000000000000000000
00000110010000100100011000001101000111100011110111011010
00100100010011000000000000010000001000000100000000000000
10010001001100100010000000000000000000000000000000001000
00111110011111000111100011111000111100011111111111111111
01110111111111001101101001011000000111100000101000001111
00000000000000000000000000000000000000000011010001000000
11010001100000000000000011000001110010100001101101110100
10000011100001000000100000000000000000000000000000000011
10111110000110000100100111110011001000000100000010000000
11010001111000111000001110000000000100000000000000000110
11000111100011110110011000000000101011100110011101100101
10000110001111000000000000000000001000001101011110101111
00000010000001100000000001000000000001000000010000000000
00000000000000000000000000000000000100000011000001000000
00000010000000000000010001000000100000000000011000000000
00000000000000000000000000000000000000000000000000000000
10000001000000110000000000001100000010000000000001110000
00110001101100111010010101000100001000000100000000000000
01010000001011010111000011111101111111111110011111001111
00010000000000000000000000000000000000001000000101000000
11111111111001011000111110011111101111111111111111111110
11111111111101111010111110010000000000000000000000000001
00000000000000011000000000000000000010000010000001100000
11100110110011000000000000001000000000000000000000000000
01000000100000100000001000001100000100000011110001111001
00000000000000000000000000000000000000100011110111110101
00000000000000000011000000000000000000000000001110000001
00000010000000000100000000000000000110000011001000000100
00000000000000000000000000001010000000000011000001110001
