0000000010011100001101111111
0000000011000100010110000000
0000000011101010110001100010
0000000100010101001110101100
0000000101100000111011110100
0000000101100011101000011101
0000000110100110101010110001
0001011000000000111010101100
0001011000101101100011100010
0001011010011101001101100010
0001011100111000000000011101
0001011111010001100010000000
0010110000101100000000101100
0010110000101111001100001011
0010110001011001011000110001
0010110100010101110100110001
0010110100111000101101001110
0010110101001111000100100111
0010110101100011000101101001
0010110111111100000001101001
0011101111010000010110001011
0011101111010010110001010011
0011101111010011010011001110
0011101111111111010011010011
0100111000101100010001010011
0100111000101100111010001011
0100111011000111101001000101
0100111101001111000101111111
0100111110001001110100110001
0100111110100111110000010110
0101100010011111101000100111
0101100010110010110001111111
0101100011101000000001001110
0101100100010100010110111010
0110001001011001110100001011
0110001100010101000011110100
0110001100111010001010001011
0110001101001111010010011101
0110001110001001100010001011
0110001110100111111110101100
0111010000000010001011111111
0111010000000011111110011101
0111010000101100010111010011
0111010001011010110110010110
0111010001110100111011010011
0111010011101010011101100010
0111010100111000000000001011
0111010100111010110000111010
0111010110001000010110101100
0111010110001010011101110100
0111010110100111011101000101
1000101001011010011100100111
1000101100010110001010111010
1000101100010111010010111010
1000101110001011000101000101
1001110010110001001110001011
1001110101001111000100001011
1001110101100001001110110001
1001110110001011100110100111
1001110110100110001011001110
1001110111111101011000000000
1010011001011000101100110001
1010011001011011111110011101
1010011001110100100100110001
1010011001110111101001111111
1010011011000100010010101100
1010011100111011111111110100
1010011110001011010010010110
1010011111010010000111111111
1010011111010011001111100010
1011000000000000000000110001
1011000001110111010010011101
1011000011000110100111101001
1011000100010101011001010011
1011000100111000010111010011
1011000100111010011100111010
1011000101100011001001010011
1100010001011001100010000000
1100010010011110110001000101
1100010010110000000001110100
1100010010110010110001001110
1100010101001110110000001011
1100010101100001001110010110
1100010101100010001010101100
1100010110001000111010001011
1100010111010001100010100111
1101001010011101110101101001
1101001011000100111111111111
1101001011000110001010000000
1101001110100111111111101001
1101001111010000111010100111
1101001111010010110000010110
1110100100010100111000100111
1110100100010110110001001110
1110100100111001011000011101
1110100110100111010010100111
1111111000101110011101010011
1111111001110111011011000101
1111111010011110011100100111
1111111100111010100010010110
