0000000000000000010110010011100001011100001001011010101001101010101000010010001011111
0000000100110010000100110110001011101000010110110101000010000010011000001110001011000
0000001110111011110011100011101001000101011010000001010100111000010110001001110101001
0000010100000110011011001010101000111000111100001000101101011001000111001000101011100
0000010101101000001000000001001101101100100111000011101111010110101110111111110110010
0000011010111101100001001111100111001111101100110001100110011110100001011001011100110
0000011111100001110100100011010110100000000100100100011011000001101100100111111101111
0000110010011011110000001011110110110100100010111000011011000001101111001110011111011
0001000110010100010011011100101010111000010010010110101000010000000110101000111100001
0001001000101111100001101101010011001110010100001110010000100100100001011010110010001
0001001101110011110101011001001010111011011011111001101110101100000001100000010111101
0001010010010010011010000101001111000100001010011000010111101011000001011010110010001
0001010110100000001010010000010010101011100100110101011011100011000111011001001110100
0001011000011011100000001010111000111110111100101111000010000010011000011000000010011
0001011101000111110011011100101010100010110101110101101111010110101100101010010111100
0001100001100111101101101111101110111110010100001000000101101111010000111111100100000
0001110000111101100101001111001011111111000010101001100000101011101110101111011111110
0001110101100001100011110101101000111011110101100110001110101100001110010011001110101
0010010000100010010001000111001101010000010111101010110011110111111011111111100100011
0010011010101011101001111011010001101001111011111010001100001100111111100000000101111
0010011010101011111110010010101100111110101001011111110000000010111101000000010010001
0010011011000101111001010010010011001010011000101110010011111110111100011000000010011
0010100010111001110010101100001110011001111011111100001011000011011110010001101100110
0010100110001011110010111011000001101010100001011100000100010101111101110100101000101
0010111000000100001101100110001010101011100010001100001001000101111110100111101111101
0011000011011110010110101100100010101001101000110010010011111110111111010000110010011
0011001001010111110000010110000001100111111010000101010000100000011010010001110111010
0011101010010110010011111110011110111101110011111001010100111000010110000011100111001
0011101011111000000011111111010000001110010010110110011100101000011111101110011010111
0011110001000101111110110000011000001100001101111001111100101000010011111000011100000
0011111110010000000011011101100100101111000000110011110110010001100000110110000011011
0011111110010000011100100001000111001010001011100111100011111100000011111101011101100
0100001011000001001001111000001101001100001101111000001110101100001111010000110010011
0100010100100000110011110100100110000001000011010001001111011111101000110100111010100
0100100111010101001010010011001110111111101100110110111010011001100100111001000100111
0100110111100001010100111101111101101010100001011101011100000111000111010100111111011
0100111001011010100011101000011111010010110101110011001101010100111001010101111010001
0100111001011010110110010000111101000110000110011110010101001011110010011000001011101
0100111100000110101101001110000110110101001111110110001010011111100010110101100100010
0100111101101000111110011011001000011000111110010101111110101110110001000010101011110
0101010011011010110001111011010010110100110111001000111011000101011000011010001011111
0101011100001111010111100000011001001011100000010001010100110101100111110111010100000
0101110000011011011000010111001100000110000110011111100010100000111110001110001101010
0110111101111110110001010011011110000010001100000110100000100010100111100001010010111
0111000011111000101101001101011010000001101011110110110110110011001010001011010111010
0111001101000011011000011110101000111001010001000110010000000010110000111101011101111
0111100001010111011000101000001111110111111000011111010111001001101000111111111111100
0111110101010001001101101100110010011000010000001010000111000010010000000001010111000
1000001010101110101110101100100001000110010101010111011101110000011001011010101001101
1000010100100001010101011010010110111011100000010110000100011000001101011111101000001
1000100010001000101100000001100001100101110110000011110011111110110001001111000001101
1000100111010100101111001000010110110111000101001001100110110101000001011110111111001
1001000010000001010111011111011010001100011110110000111101111101100110110000100101110
1001011101100000101100010110101110101010100111100100001011101000111110010101111010010
1001101111111011000000000000000000011101011001000011100001011100110001001101111000010
1010001110001010111101001100010100010100001000000010110000101101100110000001011110110
1010011110111110101100000010111101000010100100100001001011001010010111001001100111000
1010011111010000101011111101000001000100110001110111110011111110110010000000010010010
1010101000010111011100000000101111011000010110110010001100101010101111000110101111000
1010110010101010100000010111001111000001010000011000101000010000000100011111100001100
1010110110011000110111001011001001100111111010000101110101000110001111100110101010100
1011000010010111001110110010001010001010110110110001110010000100011111001001100111000
1011000111001011001101010011110001010001101111010100011010010000100010000001000101010
1011001101000010111001110011111011001100011110110001000000101111011011011110101101011
1011010011001101011100000000101111001011001110001110111011000101011001011111101000001
1011010110010001001011000001011110000110101000000000110110111110111011111000011100000
1011011101110110111001101101010000100011100011010100000111001111100000001100100110111
1011101110000011000010100100100100101001101000110011111000110000011111101110000001011
1011101110000011001101111000100001111001111111011000111001101000011010101110001000110
1011101110000011011000010111001100011111111101100010111111111011000110100111101111101
1011101111101101010100111101111101110101100111010000000110011110101101001010001101100
1011111011101011001010010011001110110100011001010110101110000011011010000110100110101
1011111011101011010100000010111110000011011010100111101110001010010001011001000111010
1100000100110011111000110110100100010111000001101100110110111110111000010110000110111
1100011011010010010101001110000101101011011111011011110001111000010011111010100101111
1100011111100000001000001011110101000101011100111001100001111010100001111000001110010
1100100010101110000110111001111111010110010111001100011011001100011101100011100010110
1101001001000000000011101000011111111010011110010000110110110011001000010100100100100
1101001101110010011111101000110000000110010011101111000011111000110100010111010001111
1101010011111101110111111110110010101100110100001010101011101100001010000011100011000
1101010111001111110110010011100001101001111011111010101101011001000111001100100110100
1101011100101000000010010001011111100001000111110100000100010101111101011110111111001
1101100100111010010111101010100001010100001110111011100110011110100011001010001001111
1101100101010100011011100010100100110001000011010111111000110000011111010101101000011
1101101011101111101110111000110010010001111010100101000101000000001010000100011111010
1101101110110011110000101001000010111000101001111001001110001110100111000001001111100
1101110001010010000000100001101000100100100110011011000010101001111001001111000001101
1101110001010010011011000011001100011001000110101010110011111010000100101000101110000
1101111010110101100111001010000111010100100000100101010100010011110100110100111010100
1101111110000111111001011011110111011001101000110101000110111100000110011001011100101
1110000100100101111001100100110100111001111111011000110011110111111000010110000110111
1110100010111000010011111110011110100110101100100100100001110011101000001110011111000
1110100011010110000101001111001011111001000010001111000001011000000111110000101100011
1110101101101101100000111111000011101000000101111101010110111110110101010111000011110
1110111100110111111001010001001111101010100111100100001000010100110000001011000101000
1111000010110001100000000011011100110100100100000001100010101101001100001110011111000
1111000010110001100001101110001111111001101010101000001101111011100010001011010111010
1111011000001100010011110100100110011011011001100101010100010011110111000111100011100
1111110100011000010011001011100101000111101101101000000000101011100010001101100011101
1111110101110110011010010001011100110101100001101001111001100001010011100001001001011
