000000000110000101101000000011100110
000000000101000001010100001100110101
000000000001010000101110001110001111
000000100101011000101110001110110000
000000000100000110001000000101100101
000000001011000110101000000011011101
000000100000100011000000000010100000
000000100010111111101000000111011101
000000000010000000110011001011100110
000000001011011000010111000100110011
000000001110010000111111001001001000
000000000001000001001011001101110101
000000100100001010001001001101011100
000000001000000011100001001100111101
000000011001001110111011000100111101
000000010001010000000000100101100001
000000100101001101111100100011000001
000000011010000000110010101011100111
000000000100100110001000100100110000
000000001000001010011000100010101100
000000111000010110100110101001011110
000000001011010111110010100101010111
000000000101001000001101100001100110
000000100001000001000101101000110111
000000000001100101110101100100001000
000001100001011101110101100101111011
000001000101010001001101101010110010
000000001000010110011101101000000010
000000000101000110000011100011010101
000000110000011010111011101100111001
000000000000001111000011101100011011
000000010010000011101011101010011111
000000000010000111110111100100000111
000000000001000101001110010101100110
000000000000000111000100010101011011
000000000011000111001100010010101000
000000001000000111001100010100100010
000000000001000101110001010010011000
000000100100101101100101010010111010
000000001001000001101111011011011011
000000110000001110100001011110110100
000000000000000010110001011110110110
000000100000011011000001010011100110
000000010010011110000011011000010110
000000000000000011000111011100011110
000000000111010100000000110110000000
000000000100100010111100110100000001
000000010100000110111010111001111000
000000000000010010110110111000001110
000000000100010011110110111001100100
000001100111011000010101110000000100
000000000001000101000001110100001000
000000000100010101111001110110011110
000000011010010101000011111001111110
000000010001000101000111111001001001
000000001100000010100001111100111011
000001000100011110110001110000111101
000000000000000110111101110010010011
000000000000110010111101111000110100
000000010100000111110101111000011010
000000101010011010011011111100000010
000000001110000111111111110100110101
001000001000100000111110001110001001
001001000100011101110110001010001111
001000000011001000100010100010011111
001000000001001001000110101111111100
001000000001001000100101100100100111
001001100000101100101010110010011001
001000001001000100111110110011100110
001000000101010111000000110110000000
001000001010010011000110111100111100
001000000100010101100011110111000110
010000000110010111111000000101011000
010000000101000000001011001110011010
110000000010100000001111001011001111
000100010000001101010100001010001010
000100100000001010000100001110110010
000100001010100001111011101000010000
000100010011000001000111101010110111
000100000000010010011111101000100011
000100101000001010011101010001101110
000101010111010010101111010100111000
000100001000000101111110110010010010
000100000001000010011001111011010011
001100001100000001100100001100101111
001100110011000001100110000111010001
001100000001000001110011001010101101
001100101100000101101100101101110000
001100000010010011101111101101000010
001100000000011110010110010010111110
001100000000010010010001011010010011
001100000001010001100100110011100100
001100000011010100101001110111110000
001100011110100101101111111000101000
001100000001000110000101110010011100
010100000000010010100101001001111111
010100000010010100000111100111010110
010100110000000001100011011010010000
010100000000100101101010110001111101
011100011010000100000110100111111010
