0000110000000000000010111101001101001111001001111011110100001011010011010101100010101111110111101011
0000000000010000000010111101110111111000100110101111111001001010001100010000110100000111100001011101
0000000000000000000011010000000100000111000110100111010100011101000101101010011000110010000100100110
0000000000000000000011010100001000111111110001100111000111101010001010010011111110010011000010100111
0000000000110000000111100000011110110011110101110001100000001101100010100000100101001001110000011000
0000000000000000001010111100000001110111101100111100010100011110100011111100111100100111110011010100
0000010000000000010110000110000011011010100001100101101111110111000000011111110100111011010011100011
0000000000000000010111011100100001011000111100000001101000100110110100111101110011111010001100110011
0000000001000000011010110101110011111100110111001111111110010010101000101100011001001011100100011110
0000000000000000011010110111100111010010011001010101101110100101110010000110110100101001100111011010
0000000000100000111111000000111001110101000100000010111000111100010011111111010111111000011110011110
0000100000000010000000111111101001010110011101001111000000011101000000000101001001110010011000010010
0000000000100010000011111110111010011011010111001000110001111101101010000000101101111011111100111011
0000110000000010000111100000100110011000001000001011010001000011110011010101101101010001101001011010
0001100000000010001111110101110011100101000110010011011101110000010001011101111011111101101000100000
0000000000100010010011101111000000111000011011100101001011001000000110101110001000010110100100111010
0000000000000010010011111100011111101000011100011100111000001111010110111101000011001000100101111010
0000110000000010010111011110010001010010110010101111011111011000111011111001110011001111011010000100
0000000001000010011011110111001001011010110111001001001101001111010000000000100010001110001101111001
0000100000010010011111011001001000011011111101000110111110010101010001111100110011101010010001010101
0000100000110010100011011000100111100011010101010001000110101000101000000000001010100111110001110001
0000000000010010101000011010000110010110100000010100101010110100010011111111110011111000011110010011
0000000000000100000001110001100011011011111011100011010111011101001111100000110000110001010010011001
0000000000000100000010001010011110001111101011111010001011101100001111101110100111010100110110001100
0000000000110100000011110001000111110001100111110111111101101001100010111111010001111110111100001111
0001100000000100000110101010011111001111010110111101110111100101010101001100011100000011101111010000
0000000001010100001001110011010101110111000101110101110111110000011010000101101011100000110100100001
0000000001010100001010001000001010000101100101000000101111101001001100001000001011100000110011001100
0000010000010100010001100110101100111010000000001101101001000110101000001011010001001110010010100000
0000000001100100010101000111101111111111001111000000100010101000001110011101000001000001111000010110
0000000000000100010111101000110110000010010000110101111011101000101100001011000001100100001111000010
0000010000100100101001111110011010011101011011010010100101011101001000100100111110000111000110101111
0000000000100110000001011000001001001001010100111000101000001001111011111011111001001010011101111000
0001010000010110000011100101001010111110111110100101100001101010111110011110011010110101110011001100
0000010000000110010011101010010001101101101010001101110011111000010011011001110011001000110101111000
0000010000100110011101100111010100011000011001010111101101001100111110001110011001010110101000000100
0000000000010110110000010111111110000111011111000010011011010101101010110100111111101010101101111001
0001010000000110110011111011011110101100110010011001100000011001111011100101010110010011111001010100
0000000000001000000111001101101010101110010000000110110111110111001011000000111110110100110001011100
0000010000101000101111011111110011111011100000101101010110001100000101010110010011001100011010010011
0000000000001010000001011001101101111111101001000011110001011100011011011011111111000110001110101101
0000010000001010010000101010011111011011010110101110010011111001111000110011101110010011010011100100
0000000000001010010000111010001110101011101001110010101011111010001110001110001100111001011100110100
0000000000001010010011111110001000001101000011101100001011010110111111001111001010000111111011110100
0000010000001010010101110110110101100011110111010111000001000111110100000000011010000010011101101101
0000000001011010010110000100101000101100111101001010011110111010001000100111111001000001011111001110
0000110000011110000011011001011010011011100011100101011000101010100101100001100011000100100111010101
0001110000001110000111011100101010001011001011010011001011000010111010000110110000011000111011110000
0000100001001110010100110001111011100101111101100001111011000000100010011000010000100110111101110100
0000000000000001000000111011010001111011100110111100011111101011011000001010010110101000000101001101
0000000000110001000001000001111100100101000001010000011001010110111001010101011011101011101000011000
0000000000010001000001001000011101011100001001011100001100010100000100100000000111011111001000100111
0000010000000001000001010101001011011001000000000000110001111100101111110111100101100011000001100110
0000000000000001000001011001101001001010100100010010101111011101100010100000101111010111011111101001
0000000000000001000100111011001111001001011001111101011101010100010101000000110010010010000101000111
0000000001000001001001001100001000001001000000110011011111111110001100101001000110100110000100111010
0000000000000001001001010101110001011000100110101110100011100001110100110010011010100000010101010010
0000000000000001001100111111010101011000111101010000010110110000001100101010100011101010001011000101
0000000000000001010000111101011011000010111010100011011001000100001010110100110110100010011111011010
0000000000000001010100110001011110110010111001111111000110000110100000001000011111101000011111100110
0000000000000001100001001010110000101101111110100111000010111110101001100111110111001101000111100010
0000110000000001100100011110001011101100000110100100011111010110110011111000001100011110111000011000
0000000000000001100100110010111011001011110000111101001011000110000011001101100100100001001000101101
0000000000000001100101001001101000101111011011101100010110000001111111110101010100011101100111001011
0000000000000001101000101100101110000100110010011010000000010110000100010011100111001000001010111100
0000000010000001101100110011101000101000100100100100011010100011111110101010001110000100101000110001
0001010000100001101101001000110110111101001110111010001100000011000000000101010100100100010110001100
0000010000000001111110110100011000100010011001001011011001000110000100111010111110111100011001110000
0000010000000011000000100010110101000011101010100011010001011010000001101110100110111110111010111010
0000010000110011000010111110100011000000111110110001101001111001100001100010000110001100110110010110
0000000000010011000100011000111101000000011100001111100111100101110101011001100011010111110101111101
0000100000010011010000100001010011000100101111110101010011110101001000111011111111010010001001001010
0000000000110011010100011010010111111111011010111101001010001110000111000011001101001111001101000001
0000100000110011010100110010101000000001001111100110000100011001110011101110101111011011100110010001
0000000000000011011100010010111111101001001101100110001111010011000010100001100111111101110001000110
0000010000100011101001010011000010011010011000111110011100110010100011101000110110100101011111000110
0000010000100011101001011000100101000111110001001000110001011100000101010100110111000110001000101010
0001010000000011110111000001110001110001100010100101001000010110011100110001100101100101011011110111
0000010000000101000110100011001110010011111001100111111011000100010111010011000011010101111001100111
0000110001010101001110011111110110011101010111100101110000111011010000000001010000100111010111010111
0000000000110101010001011111010011010110011100010001101011010110100011001000101001101000100000110111
0000000000100101010001100110101000001001110101001111011010111000110010110101101101000011010010110111
0000010000000101010010000101011001000111011001011110100110101000101010110100101110101000000100011101
0000000000010101010110010100110110111010100100100111101011111011100010100011010010011000001111100010
0000110000000101100010011100000000110001010110000111010110010111010010000110100101100001001000101010
0000000000000111000000011100111000011011011001000010010110001100001000000111001001100000000001010110
0001000001010111010000001111111110011110101100110101110001110110111000000011100011101010110000101001
0001000000010111010100001110110001011100101011100111110000101011011110111111101011111010101111101001
0000000000000111011010100011010010010011100100101111011001110110000110011011000110101000101101001100
0000010000000111101010001001110001010011101110010010011111011101110111001011100000111000010011110010
0000000000111001000101011100101100010000110010101001101000000110001110100111111110001100001111101101
0000000000011001000101100011110110100010100011100111011101100101111100111000101110011111111001001110
0000110000001001010000010101111110101000101001010101001000001000001110110000010010100101110101110111
0000000000001001010000111010010000000101010111101000010100101110100001101101100111010011111010010010
0000110000101001010110000000111011111010111101000111000110101100111101010101010000010001000100101001
0000100000011001011100000001011100111001001100110110101111011011111011111101111100010111111010010110
0000000000001001101000101110101000001111101101111110010100101100101011011110000100101001001101110100
0000100000101011011000111111011101100010000101011100111100011100100100001000101101110111101010101010
0000010000101101001010001010111011101001000000100101101010110010100110111001001011101000001100101010
0000000001001101100001100000110100000101001100001110100010011111000010100011010101100111110001000010
