0000000000001010000000001101101000101001100000001111010010111011110011010001010100001011011110000000
0000100000000000001000001110100100001110100010001101100000101101110101001001010010011110111000010110
0000100000000100000000010111000110010101010000001101111101100101000001000100110010100010110101000111
0000000000000100010000011010010100000110011110111111001000000110111001011011001000010001011111000111
0000000000100110011000011110111001110011010010100010011001011100010000010111010100101001001101100001
0000000001000010010000100001100010100111000000100110010110000000011111101011110111110001111011110000
0000110000000000000000101001001110001100000110101000010000110110101101101011110100111111010101111000
0000100000000010000000101001100001011100110111011111010110101010001011011000000110001110010010100100
0000000000100010000000101100101101011001101111011101000011111100111110111111000000110110010010010011
0000110000010000001000101101011100100101010100111111100000011000001111001001111110001000000000000110
0000000000110110000000101110010101011011000011110101001011001101011010011010010001010000000001101000
0000000000000110000000101111011101100100111101001000010101000110000010010001100101100010001110111000
0000000001000100000000110001001101011101001011011101011110001100010101110100111010111001011111100011
0000100000000000001000110010101100011101001010001000000000011010000101000100010001010000110101000000
0000100000000000000000110100001000010111010101111100111110011000101100101001101110001101101001111001
0000100000000000000000110101101011011111011100101001001110100110000110110001001000001010011011001001
0000100000000000000000110110110111011100100101100000000101001001100010110100000011010000011100111100
0000100000001000000000110111110100100010011010101000001011100011101111001000010000110001010111001101
0000110001000010010000111001100010100100010010011101100001110011101011010011101101011111001010110100
0000100000000000000000111010101001010000101010000000111000101000010110000111111000111100010011111111
0001100000000110000000111100011001011110100000101000110101100110000010001100111111110100000001101110
0000100000000110000000111100100000110111011111101011100111110111110000111011111000011100001010111010
0000000001010110010000111111000100101011011111010111111001010001010010010011101011001111100000011110
0000000000100000010001001011010100001101110000101010010011010110011101010111010111111100110111100111
0000000000110100000001001100100011000101011111001101101111001101110001101000110011010101100110101000
0000010000000000010001010010010010110111111100110010110101110010100101101111101001011011100101010001
0000000000011000010001010100010011111110010110110101011101110001010101111110111101010100011000110111
0000000000000000000001010101101001011101011110011111110101110111101110101000110000010101010011101010
0000000000110010000001011010100001110000100010100010000000100110111010000111001100000111011001001000
0000000001010000001001011110000000101110011111100100000111111111000001001100000101100101111011100100
0000010000000100000001011111010010100001011110011110111010111001001001101110111101111000111000101111
0000000000000000000001100001011100011100110001000111001010111001111110101110100101101000010000101000
0000000000000000010001100100011101011111101110011001100001110100011101111110101110100101001111100110
0000000000110000000001100111010001001100001011001001001011100110101000101100011110111100000101110000
0000000000000000001001101000111000111111001110000101100110111111000100110101111011111110010100000101
0000000000000000001001101001011011100100100110110110011011001110010111011000100111110000001101001101
0001000000110000000001101100101111101110010100010110111010101011111101010110011010101000011101110100
0000100000000000000001101101011100111011110111000010001011001000100111011010000110000101001111111101
0000000000000100000001101101100001000101101010011111011111101111111111100101000100011100110110110101
0000000000010000010001101110001001011010100010011001101000110000110111111101001011001000010101000010
0000000000100000000001101111111000110010101101111011110010110100101110011010111111110101110010100110
0000000000110000000001110010001101000111010110101111001100111001100101001000111001111110001001110011
0000000000000010001001110100011101101100000000010101110101100100101011010101101100110100110100100001
0000000000000000000001110101010000011111000110101110000110100111001010110011100001001111000000111011
0000000000000010001001110101010010101001101000011000011000011110111111110010101001011111011000110001
0000000001000000010001110101110011111100010010110100100011001110000100111111011100111011001110010111
0000000000000000000001111000111101111100100000101000111101111000101000110110111010011101000000110110
0000000000000000000001111011010110000100110010110100100111011010101011001101101000011100001000110010
0000000000000000000001111111001101010111011001001101000101000100111101111100111101110101100011100010
0000000000000000000010000011100010000011010001011000100011000100001110100111111001111010000110011111
0000000000000000001010000011101111001100000011110000101011111111111111101000110001110101111010011111
0000000001100000011010000110101010011000001111100010111000111101001101111110010111000110011001001101
0000000000000000000010001000111101100100010011101000100010110101011111101100101010010001011011110011
0000000000010000011010001011001101010110010010101010001100111100011110001000111100111001110100001011
0000000000000000000010001011010001101000100010001000100100111000000101000000110001100100010100111100
0000000000000110011010001110110100100101100110010011001110001001011011011000101000001011110110010010
0000000000000000000010010001000100010110001000101011100010110110100001101011100000101100000001010001
0000000000000010001010010001011110100011100000011001111000011001100111100100101011001010001110111010
0000000001010010010010010001100010001100000111110101110101100001100100101010011010010000011111011110
0000000000000110000010010100000100101101010000100000001110010101011001111000011000001000011101011010
0001010001010110000010010100011010101000010111000111011111110011010011101110110000010101011001011101
0000000000000000110010010101000011100011110111100001011011011101110011010000000110111000011111010110
0000000000000000000010010110010110111110000011001100010001101001010001010010001100111001101100010100
0000000000110000000010011001010001111100011110011101001000000110110010110010010111010100110000110001
0000000000000000000010011001011001000001101100001010001000101011110111000011011111001100001111100000
0000000001000000010010011010010100100001101110000011001111101010110011111101010000110010000111110010
0000000000000110001010011010011011001100101011010101101010011110001111111010101101010000110110110011
0000000000010000000010011110011001111111010100111110101010010101001010001111100100111011101011111110
0000000000000000000010011110110010100011100110010101100101000100011010101111111101111011010111011001
0000000000000000000010101000011000110001000110101111001101000110111101001111111010100101011010000011
0000010000000100000010101110100111000001110101101111100111010111010100001011110100101010001001011011
0000000000010100000010110010011101101111101001110001001111001011001111011110001001001111111110111100
0001100000000100000010110011110100111111101110111000101000000111001000110011010000001010100001011100
0000000000000110000010110100001101101011101100100110100001110101011111111010101001010000001111111101
0001100000100110001010110110110001001000100000010001110010001111100010000010011111100101100000010110
0000000000010000011010111000110100011000111000010010100000101011111110100011010101101110000000000111
0000000000000100001010111010111000000000000111111011110011110000000011011111001101011000001111010000
0000100000110000000011000000011110100111101010000010010010110110011110010000011111000101100111111101
0000000000000100000011000001110100001110110000100111110101111011011011101101100011110101101000111111
0000000000000010000011000100000111100010000001101000100100100111010010001111010011100111011101010100
0000000000010110001011000101011101111000101000100111011110000101010100010100111011011001011111110001
0000000000000010011011000101111000100111110100011110011100100010111100001011101010100101011010101100
0000000000000100010011001000011010110000010111000111001011000010011000001111100100001110111001100011
0000100000000000000011001000110100100100101000111100000100111000011100001001000010000010100010100110
0000100000000000010011001101111000001110011101010001010010101100010000101101101111111000101011101110
0000000000000000000011010001010101000011100101010110000100001010110101111101110100101101101011011011
0000000000000000011011010011000100111011111011100010100000010100111111101101000100110010010110000000
0000010000000000010011010011011010000010001100001101001001011010010001011000001001010010010000010000
0000100000100100011011010100011100011101010100010010000111101100001010101001101110011001101111011010
0000000000000110010011011001100111001011110101010011011010010011011011010101001001011101001001010001
0000110000000000000011011100011001011110101010001101100011111001101000101111001101110100110000010100
0000000000000000011011011110111000110011001101000011001010010110100110010111000100111001000100111101
0001000000000100000011100001100011101001000011110100110111111001001010100110100110101111000011101011
0000000000000010010011100010001111000001101001000011011111001010000011111111000011000110101000100011
0000110000000100000011100101000000100111101101100101101110010110001100000001001111010101001100000100
0000100000100000000011101011001000101100110010110001011100010011010111010100110110000110011001100111
0000000000000000000011101011011111011100100101011010101111001110110001110010001000110101111110111111
0000000000100010001011110010111000100111000100001101010010010011110111011111011111001100010010111001
0000000000000010000011111011001100010001010001001100010101000110100100010001011001101101101001001100
0000000000010010000011111101010100010101000111101011100011011011110110110001100010100101000100111100
