00000000000001000100000011011111100110100110011000111101011100011000
00000000000001001100000101001111101001011000001010111000011111010110
00000000000011000000000101010101110110101011001010011000001100011110
00000000000010000000000110111000001011110111011100001000111110010101
00000000000001000000000110111010011100010100110011010111010101010111
00000000000011000000001010101100111011101011011001100010111110110001
00010000000010001100010001011000100011110000001100011110000011100111
00001000000000000100010001101000011000111101000000110110000111011100
00000000000001000000011001011100001100011001010000110100000001011010
00000000100001000100011100010111100010000001100000101101100111000010
00000000000001000000011100011011100010110101010100110111100111000001
00000000000011000000011101011000111010111011001111111111110111101100
00000000000001000000100000000001010000110010110001010010100011101100
00000000000001000100100001000001101110101010101111110100011000000010
00000000000000000000100001100111100100001111011000000110011100000110
00000000000001000100100011111010101011011110101001101011000010100111
00010000000011000000101001010101001000000011111011010111101110011110
00000000100001000100101011001010010011011111100010111110010010110110
00000000000001000000101100010110010101110011011100011010101011010101
00000000000000000100101100011001000100101000111001010011101000100001
00000000000001000100101100100101000010101100010011010110101111010001
00000000010001000100101101011100011011100001010001101011001111011000
00000000110000000100101110010101000111010010111111011101000011010111
00000000000001000000101110101010011000001001011011111100001111101011
00010000000000000100110110000100010000000100101000111010011110000000
00000000000001010000111000100011000011011101111000011111011000110010
00000000000001000000111010011000001110010101100011001010001101010100
00000000000001000000111011101000111001000111010001010111001101101111
00000000000001000000111100101011111111101111110010110001111111110100
00000000000001000100111101111000111101100110011000001011010011110101
00001000000000000001000100010100111100111011110111001101110001110011
00110000010011000101000111111100101001110011010010101011010101100100
00000000000001000001001001001001011101000111011110000011111110010100
00000000000001000001001100110011110000011001111111010110001111000001
00000000000000000001001110100111100110011111011011000101101100100111
00010010000011000001001110111101011010001010010000011010101000000111
00000000000000000101010010101110000001100110101011111100101001100100
00001000110001000101010110000000111111111011001001011010110111001101
00000000000000001001011000101010101010110110001001101011001110011010
00000000000000000001011001011001110000001001100010011010110010010000
00000000000001000101011110101100111100010100100001101011000111110110
00000000000000000101100001000010010001000100100100011011010011111010
00000000000001000001100110000000011100010000010100001100100001111111
00000000000000000001100111011101000010100110110110111100010110111110
00000000000000001101101101000011110010100100001001001111000101000110
00111000010000000001101111110010101110110110111111100011100100100000
00000000000000000101110010000111010010110100000000100100011001101100
00011000000001000001110100001100011010111110101001101110000111000000
00000000000001000101110100101000101010011010110100101111110000010000
00000000000001000001110111000110000101011101010010000010011111001110
00000000100001001001111000010001011110001111100011101111001010111101
00000000000000000001111001101001001011001000010101100001001011101011
00000000000000000001111101100011101001110100101100111110000010001011
00000000000000000101111110110110111100001000101011011100100100000100
00010000000000000001111111100000010111111001100110101111111111001101
00000000000000000010000111110000001010001101011100001010111111011101
00001000000001000110001001001010010001011100001111010111000110010000
00000000010000000010001010010000100001100110100101100110101100100111
00001000000000000110001010010010100001001100010000111111110011010011
00000000000000000010001111011001011111011101011001111111100010101101
00000000000000000110001111101100110100110100110101001001110010111111
00000000000001000110010101001101101111111100001110110101101010001011
00000000000000000010010110000101010000000001101011001001001001011101
00000000100000000110011100010010101011110000011001001001111001110011
00001000000010000010011100011111011011111011011001101001111101100000
00000000000000000010011110111110101010000010100110001110110010000011
00000000000000000010100010101110011011001011000111111010011011010001
00000000000000000110100111001101010001111011000111010111000011101101
00000000000000000110101000010001001001100000010000101011101110000110
00000010000000000010101101101100101111000001111100011010111011010111
00000001000000000110101111000011000100100101110000010101011000111001
00000000000000000010110010011010000000001000100100110101001110000010
00001000000001000110110010110011100010011010000111001101001000100100
00000000010000000010110010111011101101100000111100100011000111110110
00000000110000000010110011110110110110110100110111001101100011000000
00100000010001000010110101111000010100111000100111011111111100100011
00000000000000000010111100010111100100110100011101000110011001010111
00001000000010000110111101101010001001010100001100100101110001100001
00001000010001000110111101110011011100110110111110001000011001110000
00000000000010000111000000111110110000110100000000100110100001101110
00000000000000000011000001110011100110001011110001010011000010111011
00010000000010000111000101100001111110101100101111111110110001111110
00000000000000000111000101111000011010011000010010110111001111011001
00010000000010000011001000000001001011011101010001110011111010000100
00000000000000000011001000100001010001001001000100010000010000101100
00010000010010000111001100010100011010111001001001000100000001110110
00000000000000000011001111111100000110010100101111001111000111000000
00000000000011000111011010101110100010001100111011100111011010000001
00000010000000000011011101100101010100100110010111100101100011111011
00000000000010000011100000010011101101111000101101101011111101011100
00000000000000000011100001000111100000111010010001101001010100010110
00000000000000001011100001011110001000000011101001000011001010000001
00100000000011000011100111100000010011100111101110001100101101010100
00000000000010000011101110110111010111110111011000101001101101011001
00000000000000000011110010010010000010100111111001100011011110000111
00000000000000000011111000110111101100111100110101101110000001101001
00110000000010000011111011111111100100011101110011111111100110101100
00100000010001000011111100100011011000010000100000001010001111000000
00000001000000000111111101111111010100100011110010101011011110100000
00000000000000000011111111010111110001110111100000000011110101111101
