0000000001100100000001010000101110
0000000001100100000010000110011111
0000000011100000000010111100000001
0000000001100100000011000011101110
0000000101100100000111101010010000
0000010001110100001000111001000101
0000000001100100001010010101100011
0000001001111100001011100001011101
0000000001101000010010010101100011
0000000001100000010100111101101110
0001000101100000010100111010000001
0010000001100000011011111111111100
0011010100110100011011011111111110
0110000001101100011101000000011011
0000000010000000011110101000111110
0010000001100000100011001100001110
0010000001110000100110010111010111
0000000000110100101001000110001101
0010000101101100101010110100001010
0011000001110000101011001000101011
0000000000100000101101001000001101
0111000001110100101111101100101001
0000000101000000110011101000001011
0000000001001100110101000001111010
0000000010100100110111100110000101
0000000000101100110111010000011111
0010000010010000110111001001001110
0010001010010100110111111100010110
0000000001000100111000100010110100
0000010000111100111100100001110010
0000000000100000111101011010000110
0000000000100101000001000110001111
0000000000110001000110100011001111
0001000010001101001111110000000001
0001000100000001010000000101110111
0000001000110101010011101100101110
0001000010011101010101000000101100
0001000000000001010110011101110111
0001000100001101011000000101001101
0000000000100001011010111010110010
0000000001000101011101010110100110
0101000101100001011110010111010101
0011000000000101100000100011001001
0011000010010001100001110111110010
0011000010010101100010010010010010
0000000000101001100110011111010110
0000001100010001110000000111101110
0000000010100001110001101010001101
0000010110100101110011100110101110
0101000000001101111011000000100110
0001000100000101111100101010100010
0000000000000110000001010100110010
0101000000100010000001101101100000
0001000000100110000011110010011110
0000000110101110000101000100001110
0001000000101010001100110010010111
0001001000110010001111111100000010
0000000000000010010001011101110000
0000001000100010010111100110111001
0001001000101110100001100011011000
0001000000100010100001101000101111
0101001000100110100100011100100111
0001000000100010100111001100110000
0000000000010110101001111001101111
0001001000100010101100001110101100
0000001100000010111010011001011011
0000000000000010111100111001110011
0001000010100110111100010111101101
0000000000001110111110110001010010
0000001100011010111111010001000111
0010001001011111000010110001100010
0100000000100111000100000011010001
0000000000000111000101010000101011
0010000111000111000101001000100000
0000010000010011001000010100111100
0000000000000111001111110101100011
0100001110100111010000000110110011
0000000000010111010111011001101010
0000000000010111011000011111101011
0010000001000011011100101110000100
0000000100010011011110010100011110
0111000101000011100001001010100001
0011000001000011100010111010111110
0110000101000011100011000110101110
0011000001000011100101111011100111
0000000001100111100111000011000111
0011000001011011100111110100001000
0011000001000011101001101010100100
0000000000000011101010011011000101
0000000011000111101101101000000001
0000000001100111101111010011111010
0100010100000011110000010111111011
0000001001001111110011000011001011
0000000101000011110011000111101001
0000000000010011111000010010100000
0110000001000111111000010011111001
0000000001000011111001011010110001
0100000001000111111011100010000101
0000000101000111111101010111000110
0000000001001111111101110000101010
