00010000000110000100111100000011100001010000100000111111101010101101
00000000000011001111100100000100101000000001101111011001101111101110
00000000000011010011001010000100001001111100111100100001111111001111
00000000000100010010011110000101100011111011001101111011011010001011
00000000010110010001011000001000000101100000101001110110010111010011
00000000100101100101110000001110001100010110001001101101111001000010
00111001100001000110110100001000110010101000110110101101010000011000
00100000000000001001110100001101111011100111111011101000001111011001
00000000000001100100110010001101010001000000010100001101111000101010
00000000000000000110111110001011101101101100110101011111101101010011
00100000000000011111100000010001000010011101011111000011010100101010
00000000000000000110101100010101100111010000010111101111010110010010
00000000000000010011011100010101100010111100111100011100001110010011
00001000001000011010010110010011010011110010101100111101111001100101
00001000000101000010001110010101000111100101100000110111100010011110
00000000010101010101111000011001011000101101011101010011111001111011
00011000000001001000011000011111011100110001111101010011010101110100
00000000000001000101000100011010000001110000011000001111111011010100
00000000011010101111010100011011101001001111011100000100010111010000
00000000000001000101000100011100101100010100100011011011010010100110
00001000000000001110001100011101010101010111110011110101000101101001
00000000000101010001101100011111001000010001001000110010101001100001
00010000000001000100100010011010101111011110110000000010001101110001
00000000000110000011111010011001001111000001101101001001111110001110
00000000010011000111011010011011001101010000110101111001011100110110
00000000000100000110110110011010000000001010100110101100001110001000
00000000000110001111101110011000000001010100001000000100000000001110
00001000000100011101001100100010000001101011011100011001010110000000
00011000001010000100011100100101101011101100011011000011110101111011
00001000000001100001110010100011000110111101001010000101110011001010
00010000000001010100101010100001010010001110000110111111111111110011
00001000000000110110110110100010010111010100101110001111000001011111
00000000000011011011001100101110010110100101111111110100010000010101
00101000000001000001011000110011011000111111101111001100111111001001
00010000001010000011001000110110001010101111101011001011110111101110
00000000000111000000000100110000000010110001101100110101000110110010
00001000000111011001001100110010011100110010111001000111100110110010
00110000001000101110011100110011100000000010000000001011110111000001
00110000001110010000111100110101100001010110111000011010100110001010
00000000000100011111100110110001000101101010000100000100001000101101
00000000001010010011011000111110000001110110111101111011101111101000
00000000000100000010010100111111000100001111011100110001101111010011
00011000000011001100101100111101110001110000000011001001000111001111
00010000001001010000011100111111101001101001110111110100100111101001
00011000000110000111100010111011111110011110100111100100100110010110
00000000000110010101001010111001011110011110110000100001100001101011
00011000000010000011010010111101001011000101011001000010010001101001
00010000100101000010011101000001000101101111101111011110001011101111
00000000000011000100010101000101000111111110110000011111110110111010
00000000000011010000010101000101011001111111001001010101010101000101
00100000000111000000001101000101000110000001101001111111010010001100
00110000000001000000011101000100010100010011100010100111010110000111
00001000000111000110111101000111100111110100010110101110010110111110
00001000000111110110001011000000100010111000111000100011001100001000
00110000000011010100001111000111001010110110100101100100000010000100
00000000000111111001110001001011110001000010100111000101010011110110
00000000001101010010001001001101000000110111000100110110100101101010
00011000010000010010111101001000100110000110101110001100111011001110
00001000000111001110100101001101000001001100001001111010110100111111
00010000000111100011001101001100100111111000110001001000010100111001
00000000101001010101110011001000100110111101100111100110000100011000
00000000000011100100001111001100101010100000010011101100110100000111
00000001110001001001010011010011001000110001101100101100010000001101
00011000000000010011100011010101001000000100111001100100001001010000
00100000100010001011110001011101010101010111101100101111000110001001
00000000000100000011100011011110011101100101011011110101011010110111
00000000000100010001110111011110011111110011001011101111100011000000
00011000000000010010010111011111101011001001111100000011110000010010
00001000000100011101010001100010111101000000000001010101100010111001
00000000011000100001000101100010000001100111001010000010011000101001
00001001000100011101001101100100110101110000000101111110100011001100
00000000001010010000101101100111000111110100111001110101110110010001
00001000001110001101000011100010111011100110001100001101011111100000
00010000000101000010110011100101010000110001011010110010010000100010
00001001000000000110100001101011100011010111100011001111001000010001
00011000010001101010011001101000110001001100100001110101011110010010
00111000100000011001111001101001011011101000011010101100000010010000
00100000001010011101001001101101111011001001100001000001100100101111
00010000001000101010000101101010110100001110110101100100100011001010
00000000000111010100000101101100010111110110000101100101110001101110
00000000000001010001011101101101000011101111110100100111101011111011
00000000000110010001100011101001111000100011000110011110110110011000
00001000001011010100101011101110000110011010111100100001100110010101
00001000100111011110001011101111100100100111110000001100011100100110
00010000110000001110001111101000110110110111110100001011000100010100
00000000001010101111100001110111010110011010001000101101110011111010
00001000010101000010101101110101011101101001011101111011100110101111
00000000000100011001111101110101001010010010101001111110010101101110
00000000000101011100001011110000001101100111010100011001000100000111
00100000011000011100001011110010100001100111010001011110000100000111
00001000000101101010110111110011110111010011000011110001010010110000
00001000000001010110001111110001111110000111110110101110110011100110
00000000000000000110111111110110110001100100010110100010110101011010
00001000000000101010100001111100111001011010111110000101111010011101
00000000000001011101010001111111110111110111001010101111111111010111
00001000000100001101011001111111110011001000000100101011010000001101
00000000000000000011000101111000000011111101011111111010100101010011
00000000000010100111110011111011111100001010110001110100110100011110
00000000010001010000101111111001000101000101011011110101001011100111
00000000000000100010111111111111101100010011001100011010000001110110
