001000000000011110100001111100100000010100000101110110010010011100
000000000000000110101110101110000001000010100111101000100110010000
001100000100000101111100010101100001000101011110101100111110010110
000010000000000001010000001110100001001111100001001011011111111111
000010001100001110000110110110000001010100001001110010000111101011
000010000001010011101001110000000001011111000110111100010111001100
000000000000100101010101110100000001101100110111010100111010011000
000010000100100010011110101010000001101111000111110111000100110001
000000000000000110100110110000100001110110010111001001011011000101
000100011010010000110000111001000010000000001010110101101001001010
000000000001000100000000010111000011000000011110111101001100000000
000000000100100000110010010111000011010010100101110101100101000010
000100001000001100110010010010000011100000011010010110110110101011
000000000100000110110010110010100100001011000110011110001101010101
000000001001101100001101011101100100111000010111110101000110101011
000000010101010101001000101111100100111001100011011101110101100011
000100000001110100010001001010100101001001001001110110100010001100
010000000100001101100011110011000101010100000101010000101101001110
000000001001101100001001000000100110000100011010001111011001111111
000010000001000100010000100011000110110010101101101101110000111000
000000000000011111010000011010100111001000000001110010011100011011
000110000000110101101001010100100111011000111000101110010001101000
000000001101100000000010100010100111100001001100010010011100010001
000100000000100110000101010100100111100010011001101001001001010001
000000000100000011010010111010000111100101010010111110001000100111
000000000000001010111000101000100111110101111010110011011110111101
000110000000100101100000101001101000000010101110101100111001111001
000110000001000100011100111110001000110110001001101010110010111111
000000000010100101101100100010101001001000101010000011011010110110
000000000010100011100001000100101001001011001011111100001111000101
000110000001000011011000110000001001010111000111001000001001101100
001000000000010011111000101100001001011010111110111111010011000001
000100000101110100110110010101101001111001011100001011001100010100
000000000110010001110111100010001010000110101000111010111101100110
000000000010000101100110110101101010001010011111000001010011100101
000000000000101101011001111101001010101001100110011110101101111101
000110000001000011101111100110001010110111101011010111100011010010
000000000000000010011101011000101011001111100000110000001111101011
000000000001101100000100111000001011101111001000010001110001011111
000100000001001000100001101101101011110000011100010011001000001010
000000000100011110011001010110001011111010100000100111011100001001
000000000000000111011110111011001011111100101101011010100100000011
000010000000000101100010000011001100010100111110011010001110011011
000000000000000011000010001111101100100101011010111100001101110001
000010000010100010110110100011101100101101001110011010011101111000
000110000010000101000100001000101100110110011101110101111101011111
000010010101000000010000000011001101001100101100000000010110010100
000000000100100100111111110100101101010011000101101100010110101010
000000000100100000111011001111001101011001010101100110100110101011
000010000000010010101011000001001110010011010101011100101011100000
000000000000000110011000010100001110010100010001000011001100011000
000010000100010001100001100010101110100100100011001011111111001010
000000000110100000000111010011101110110000111100000011010000101110
001000001110001100000011011110101111101100100010111001010100011010
000000000100001110011111001001101111110110101100011110010001111111
000000000000000011001001111110110000001001100111001100101001100101
000010010000001101011001101110110000011110000111100010010010111101
000000001110110001111000011100110001001001010011010000000111100010
000100000001000011101110111100110001100101100101000011101000011101
000110000001101100100000101100110001100110001000100001100000111100
001000000101100000001101100001110010010111010001011011000101011010
000000000011100000000010111111010010111101100101101011011101111110
000110001001101001101110011111010010111101100101101010000000100111
000000011000111101000000100101010011001000001111010011010001011011
001000000101110000101011111100110011101000101000101010111001001100
000100000110100111001100111100010100000101011101000001110110100110
000010000000100010010011110111010100001101100011101101111100111100
010100001001011111000110000110110100011000011010000001000011111000
000100000001000111011100110110010100100110110110001111111110110110
000000000101000100111101010000110110011001000100011011000111100111
001000001001100100001011111110010110101011011000110101111000011010
000010000010000001011111000010010110101011011110001000001010011110
000100000100100011001001110100010111011010111011101111001100000101
000000001101010011100100111000010111011101011101100100010110000110
000000010010001100111001110101011000000010000110111101111111101011
001110001000010011110110101010111000010010011111100101101001011111
000000001001010111011110111110011000011101100100111101110101010111
000000000000000001100101111100111000110000111011110000010000100000
000000001001101100010010101111111001001100010100011111000000101010
000000000000011011010110110011011001010111110001011110110101001111
001010001110001101101010110001111001101100001111010101011011011110
000100000001110000100001000000011001101111010011101110110110110100
000010000001100001010001111110011001110001100100101100111101001010
000000001100100000111011001110111010000110110110000000010010001101
000000000000110001100010100010111010101011010100110110110101101010
000000001001100100000110111011011010111100111011110001110010101000
000000000001000011111010111100111011001001100111000010111011100100
000000000010100110010100000011111011100010101010000100001010100000
001010000000101110010101111111111011100010000111100001100010101000
000010000000000110100011110000111011101000010010101010111000100111
000100000000101111001001011001111100000000000001101110010100001110
000000011010110100011101001011111100100001001001100001001111101110
000010000010010101001101000101111100110101010000001111001011011111
000000001100000111010001111101111100111000110010110111111111001101
000000000001000111110010110111111100111110101001110110101101011111
000000000010000010101010110010111101110101100001000010001101001000
000000001100000011010011100011111110000010110000100100011000110001
001000000000101111100010011110111110101000001110011111001111001110
000010000000110110111101101101111111010100110001001000100010001010
000000000000101101010000111011111111111000010001110001011000001100
