000010000000000001010000100101001000101011001100110010101111
000000000100000011100111110111010111011001111011010000000101
000000001000001000000000100110101011000000011010111101101110
000000000000001001111001000110011001010010111010001110000111
000000001100001010101101010000111001011101011010010110101100
000010000100001100001101111010110011011111011010010011101000
001000001000010001010100011000101111011011011010111010110101
000000000000010010110000010000000111010011101111101011111101
000000000000010100010010100110001110110100110100100001001101
000010000000011001001101011001010110111011011110010010110001
000000001100100010100001010001000111000001011010110001010100
000000000100100110001100011101100011000100000001101111011010
000000000000101000011100111010110010011100001011111101010001
000000010100101100000110010101110101010011011101111011101110
000000001000110000001000110001011001001000010000100011110010
000000001100110101111010001100010101100111110101010101011000
000010000000111000001010000110010110100100010111001100001100
000110001100111011110000101000000110010000110111101011011001
000000001101000010100101100001010110110011010101101100110011
000000000101000011110110101101100110110111011000001110011110
000100001001000101101010011101101001000001011000001001111000
000010000001001100001101101010100001101000101111000111011001
000000000101010000101001011101000011110000011110010010111011
000100000001010000110111011110001110101111010001000010110101
000100001101010001110000111110011110011010100100100110010001
000000001001010010011101100001100001000110101001000010000100
000100000101010101101001101111100001011001001110011101001100
000010001001011001110010100000111101101000010010001000011010
000000000101011100001010010100100101110111001000100100001111
000000001101100000010010000111100100001101000111110110101110
000000001101100000100010000111101011001000110111011110100001
000100000001100001001111100101110110011010110101101001010100
000100000001100011111110110011101100111010001110110000011011
000000001001100111101100010111001010101110100110001110101001
000000001101101000011000110101001000101001101010010110001100
000110000101101011111101000100101001100100001101101101111000
000000000001101100111110101110011010011111011001110001111111
000000001001101101000101000011000001110100011001001001101111
000100000001101101111110111110001000010101011010111010001111
000110000001110010101001001110010000001010110011000010110100
000000000101110011100110011101001011010101000011111010101001
000100001101110111011100010101000011111011101010101110111111
000010001101111000011100101000001010100110011100010110101001
000000000001111000110000000001100010000010001100110000011101
000100001001111100010100110100101101000011010011011000010111
000110000001111101001001100011000100010010000111000110110101
000110001110000001001111000111010111011010110011100100011100
000100001010000100101100000100010110100101000111100101001100
000110000010000101000010100001000000001010101000101000100101
000100010010001000111101010010101100001010111011110001001011
000100001110001010110001100111000111010111100011110011111110
000100101110001110001001110101110101010101101001011010100000
000110000010001111110100101001000110101101110111000001111011
000010001110010101011000001101010001010001001001100110111010
000000001010010110101110100001101011011001010111001010010001
000110001010010111100111110110110001010010110000111100101001
000110000110011000011100001101101011000001000101000011100100
001100000110011101010110101111101001001101111001111000010000
000100001010011111100101001100100001011000110011101100010001
000100001110011111111001011001011111000111001110001001001000
000100001010100001001001001111110001111010000110100111011001
000010000110100001111011011001111111001011110110111110001111
000000001010100100100001101011001101110000000110011000010100
000010001110100110001111001111001101110010001101101111100111
000010001010100110100000100011111000011011100000111110001110
000100000110100110100101001100010101100011100000000111001110
000010000110101011111100110111010011010111110000010000110101
000010001010101110110101010111110110010001001100111101111010
000010001010101111101000110010101111100001000110000011011101
000100001110110010011000011011001101101000101100110001010000
000010100110110111101110001011111101100110100100010100000000
000110000010111101010100011011011110001010001001000010100110
000000001010111110010010100011001101110001110010110100100101
001000011010111110100100100101110111100110010110111101110111
000010001011000001011010100001100111101111101011111100011001
000100001011000101100100110110001100110110111111001000100110
000010001011000110101001111000001110111011110011110010011100
000100001011000111000110001111111111011010100111001100101001
000100000011001000010111100100011010001111011011010101001010
000000000011001001010100110001110110010111001001111101010001
000000000111001010001011010100111010110000100000011010111110
000110011011001010111101101111110110100010100100100101101001
000000000111001110010111110101000010111100000110011000100111
000010011111001111011011111111001111001111110000010011010110
000010001011001111101101000010101100101010110101101100101011
000110001111010001001011010100111001010010001001011110111110
000100001011010001101100010001011011001010000000011110000011
000110000011010101001111001101111010010011110101101010110110
000100001011010101100101101001100101100100100000001011100111
000010001011010101110001110100001101000110001111111110000101
000010001111010101110010100101010101011110101100111100100010
000010001011010110011000110000111110111100101101100101100010
000100001011010111011011000010111011001001010010001001011010
000000000011100001001010111111111001001101010010110011000010
000010000111100110011110100001111101101010111110011000110010
000110000111110011110110101101100111100101010110110001100000
000010000111110111010001111010100101011111111010011001000111
000000001111111000100001101100011011011101001010001101011001
000010000011111101000001101111110000101110011111011111100010
000000000011111111011101010100000001111101011010101100110001
