000100000001000001111011111100000001
000000000000000011000100100110000000
000000100000001100101111110010000011
000000000000000010001110111000000110
000000000000000010011100001110000101
000100000001000010101101111000001010
000000000001000000000001101010001000
000000000000000001010100111010001001
001100000001000001100000011010001001
000000010001000101010001101000001100
000100000000000110100000010010001101
001100000001000110011000011101000010
000000000001000000111001010011000010
000000000001000001000111010011000010
000000010000000111001001010111000101
000000100010001100000011100011000101
000000110000001001010111011001001011
000100110001001110111101111001001011
000000000010000011111100101101001100
000000010000000011111101110101001100
000000000001000001101100111011001100
000000000000000011101011011111001111
000000000000000110111100110100010001
010000000001000100100110100010010000
000000000010010011100010110100010110
000000000001000101010010010100010110
000000000000000011011101011100010111
000000000001000000101101101100010111
000000000101000001011110010110010100
000000010001000110110000110110010100
000000000000000010011001000110011001
000000000000000010010000110110011001
000000000011000011111110101010011010
000000000000000010011100111100011101
000000000001000100010100000010011100
000000000000000001100001100010011101
000100000001000010001111001010011101
000000000000000010000100001010011111
011100000000000010001100010101010000
000000000001000000001110010111010000
000000010000001111100010100111010001
000000010000000001010010100101010110
000000000001000100010101010011010100
000000000000000011011110001111010100
001100000010000110111001100111010111
000000000000000001100000111101011000
000000000000000011101000011101011010
000000000000000010111110110101011011
000000000000000001101000010011011011
010100000001000001011010111011011100
000000000000000011000001111010100001
000000010001001001000010001010100011
000000110000001001100001101110100011
000000000001000000000110110110100100
000000000001000000001101111010100101
000000000010000000101011000000101000
000000000000000011111111111100101001
000000000000000101001100001000101011
001000000001000111001101001110101000
000000000000000001110100001000101110
000000000000000010100101000100101110
000000000011000000010111011100101111
010000000000000010001011110110101100
000000000000000101011101100101100000
000000000000000000010110001101100101
000000000001000001100001111101100101
000000000001000101100110010101100110
000000000001000000000100110111100100
000100000001000110100110000111100100
000000000001000110011111111001101001
000100000001001101101111100001101010
000000000000001001010111011101101011
000000000001000010010010011101101100
000000000000000101110100110101101101
000000000000000110101110100100110000
000000000001000000110000011100110000
000000000000000111101111000100110011
011000000001000011111101101010110001
000000000011001000111101111110110011
010000000000000010001110011000110101
000000000001000111111011110000110110
000000000010000000111000100110110101
000000000000001011001010010000111000
000000000000000111101001010100111011
000000000000000010000011101110111010
000000000001000000110010111110111010
000000000000000100001010000000111101
000000000010000000001011101000111110
000000000000000011110100000110111100
000000000000000010101100111001110000
000000110000000111010010111001110010
000000000011000000011110011011110000
000000000000000111101111110001111000
000000000001000100000001111001111000
000100000001000110101000011001111000
000100000000000001011110101101111001
000000000010000000011010001101111010
000000000000000001111111111001111011
001100010000000100100011100111111010
000000000000001011101110011101111110
