0100100000000100110101110111
0100010000001110110001100010
0010000000010100000111001100
0110000000010110000101110110
1010100000011000010101011100
0010000000100101100111100010
0110001000101011010101001100
0100000000110100110110001010
0000000000110100110111101000
0100010000111100010011101111
0010011000111100100101000001
0000001000111110010000011110
0100000000111111000110011111
1100000001000010000101110000
0100010001000110010011110010
0110001001001001010010110100
0000000001001011110110111001
0000000001010001100011111011
0110011001011000100011111000
0100001001100100100001100000
0010011101101110110110110010
0000000001110010110010001010
0000001001110101000010000011
0000001001110111000001110100
0110010001111010100010000001
0010010000000000101101110011
0100100000000010101010100000
0100000000001000101000110101
1100010000011001001101110010
0100001000011011111100000101
0100010000100011111001110100
0110000000101111111010100100
0010111000110000001001111001
0110000001000110001011110011
0000001001000110101111110000
0000000001001100011000000110
0110010101001101101101100110
0100011001001110111011100000
0000000001011010101010000011
0000000001011110001000100111
0000000001100111011001011011
0000000001101100011000110111
0000000001110100111001110110
0000001001110110001110101101
0100000001110110101001001010
0000000001111100001000010000
0000000001111101001010111110
1110011010001001010011001101
0000000010001010110010111001
0110010010001011100011010010
1000001010001101110001011111
0000000010010111010111001011
0110001010101101010010001101
0110010010110011100001101010
0000001010110101010000000011
0000000010110110010101101011
0010000010111101110100010111
0000110010111110100000011000
0010000010111110110101010001
0110010011000101000011001001
0110000011010001100100001010
0010001011011100010010100110
0010010011011110010001000110
0010010011100000110000011000
0010010011101101000001100010
0010000011101101110110111010
0100000011110000100100011011
1010000011110000110110110111
0100000011110100000110111101
0000010011111001100110010010
0000001010010001001111011001
0000000010100000001100001010
0100000010100010101000001001
0100000010100010101011011011
0000100010100100101000001110
0000000010100101011001111111
0100000010100110011000111111
0110000010101101001010010110
0100010110110000011111001001
0100000010110010101000000101
0000010010110011011010101110
0110000010111011011001111000
0100000011000001001001100000
0000000111000110111011000101
0010000011001100011001011100
1100000011001101011011011100
0100011011010000111000110101
0100001011010101001110010100
0010001011010101101100001100
0110100011011010101000001011
0100011011011010101011100101
0010001011011101111101010001
0110010011011111111011100001
0100010011100101001011000111
0110100011101011011010101101
0010010011101110001101111100
0100010011101111111101101110
0110010011110001101011011001
0100000011110111011001111010
0010000011111100111001010001
