000000000000000001100010100101000000
000000000100000010111111100100000001
000000000010000000100100000000000010
001100100100011000010011000011000010
010000000100010011010000111111000011
000000100000000001010100000011000011
001000110000000011000011010110000100
000001000110010000100010011110000100
001000000100001000110100111100000101
000100000000000001100100010110000101
000000000000010010001110001101000101
001000100000011000111010001100000101
000000000000000001010000101011000110
000000010000000001101100111010000110
000000000000000010011110101000000111
000100000000010010101000001011000111
000000010000000001001010001011000111
001100100000000001000010010011000111
001001100010000000111100111110000111
000000000010011001011001010100001000
001100000100000011100010010110001000
000000000010010000111110100011001001
000000000000000010010000101001001010
001000000110000011011001011001001010
000000000000001010011101100000001011
000000000010000000010110010110001011
000000000000000001100111011001001101
000000000000010010100101100100001110
010000000010001011100111111101001110
010000010000000011110010010100001110
000000100010000011010101001000001110
000000100010001000001001110010001110
001100100110011011010110000010001110
000000000100000000100011110110001111
011000000100001010001110001101001111
000000100100000000010100111000010000
000000000000010011000100010000010001
000000100000000010111010111110010010
000000000000001010011011001111010111
000100100000000010101001001100010111
001100100010000000011011111101010111
000000000000010010000000010010011000
000001000000010010010111111111011100
011000000000000011001111001001011101
001000000000000000100110100101011101
000000100010000011100111111100011101
000101110000011010111001100001011101
000000000000000001100110001000011110
000000000000000001110010110111100000
000000000000000010011011100111100000
000100000010111010111010101111100000
000000000010001010001101110111100010
000000000010010010000010001111100010
000000010100000010111111100101100010
000000110010011000010111011101100010
010100000110000001011001110111100100
000100101000000010101010100010100100
000000000000000001110010110110100101
000000000000000000110101001110100101
000100000000000010101111110010100110
000000000000010001111000111111100110
000100000000000001011100111000100111
000000110000000001111101010100100111
011000000100011010101100101011101000
000100000000000001011101000111101001
010000100100010000010010010001101001
000100110000010001011001011110101001
010000000110000010101011101110101011
000100010010000000010000001010101011
000000000000010001110111011101101100
000100000000010001101001001100101101
000000000000001001111000001110101101
000000000100000011110101011000101110
001000100000010000111001000011101110
000100000010001010100011100010101111
000000110100000010100110101101101111
000001000100000011000101010101110000
000100000000000010100011111010110001
000000010000000010010101100100110001
001100010110001000100100001010110001
000000110000011010000101111100110001
000000000000000001010101010110110010
000000000100000000101000000110110010
000000000100010010101110000011110010
000000110000010001110101010001110010
000000000100010011000000101011110011
001100010100000011010011011011110100
000001000010010011111010100000110101
001000000000000011001001100110110110
001000000010000011100011010111110111
000000000000000001111100111010111001
001001000100010000110000100010111001
000100000010000001000000100111111010
010000000010010001010011111101111100
000000010000010010111001011010111100
000000000000011000111010111010111101
000000010100010011010000011010111101
000000000000000001100011001100111110
001000110110010000101111010001111110
000000100010010000010011010001111111
