0001000000000001100000111000
0001001000000010001010110111
0000000100000011101010011000
0001001100000100001001101100
0000000100000110101001001001
0000001000000111101010000010
0000001000001000111001101100
0010000000001010001111001000
0101000000001100000101011000
0000000000001101000011111001
0011001100001110001010111101
0001010100001111000101011111
0001001100010000010101111010
0000001000010100101011000111
0001000000010100101100100101
0000001000010100110101001011
0011001000010110011010010100
0001000000011000000001000100
0001000100011000100110101101
0000000100011100001001101101
0000000000011100101010001110
0011000000011110100010100010
0001011000100111010110000010
0011001100101000101110101100
0000001000110010101001010101
0001000000110101010110110011
0000001000110110010110010101
0011001000110110011011011000
0000001100110111001000110001
0000001100111000100010010111
0000001000111110011101110011
0010000101001000111010010101
0000000101001100111101100001
0000001001010000011011001111
0000001001010001001010100010
0010011101010011010000010110
0000000101010100101011100100
0010000101011001010111110110
0001000101011100001101100111
0000000101100000101010000010
0010000101100011101101010111
0000000101110000101101111111
0011000001110000110011101111
0010000001110000111011111001
0000001001110110110111011100
0011001001111010100111011101
0000000110000001111000000011
0010000010000010110100010001
0010000010000110000101100100
0000001010000111111101100100
0011000010001000100100010100
0001000110001000101000111000
0010001110001010101001100010
0010000110001101010111011100
0010001110001110001101100110
0010001010010010010011011111
0010001110010100100110100101
0011000110010101010000010110
0010000110010111001111010100
0010000010011000101010110111
0000000110011000101110000010
0010101010011001001011100100
0010000110011100111000100000
0010000010100010000000010111
0010000110100101001101111110
0010001110101101110010101010
0011001110101110111000001100
0011000010110000000010101110
0001000010110011110000110110
0010000010110101110100001110
0010001010111001000100000111
0010001110111001001110100001
0000100110111001011111100010
0001000110111001101111111001
0010000110111001110111100101
0011000010111001111000011111
0010001010111101011010001110
0011000010111101110001101011
0010001111000000001010011000
0010000111000010001001110101
0000001011000100100111011101
0001000011001001000011110100
0001001111001100010011111100
0001001011010000111010001001
0001000011010010100100111001
0011001011010101011100111101
0000000111010110011101000011
0011000011010110100001100100
0001001011011010110000010000
0011000111011100010100110001
0110001011011110001001011011
0001001111011110001100100001
0010001111101110010100111011
0001001011101110010101000110
0010001011110001001110101011
0010001011110101111101111100
0010000111110111000011000010
0001000011111000000111011011
0010000111111011101100001010
0001001011111110000011110000
