00000000000000000001100000001010101001100000111100100101100001000101
00000000000010011000100000001111111010000101001000010000101000110100
00001000010000000010001000001101000110101101011101100000111010001101
00010000000000001011001000011000111101010001111101110011010101001110
00000000000010011001001000011101000001000000101100001011010111011011
00000000000000000001111000000000111010011010111110111000011000011000
00010000010000011000111000001101011001101011011110000111110110011010
00000000010000000010000000111001100110110111010101001110001001001110
00100000010000000011010000100011011011001010100010011100011010110001
00001000000010000001010000100101000110000001011011101110100001000101
00001000010000001010010000110000101110111010100110000010011011111010
00000000110010000011110000111110100011000000100111100000100110011001
00001000000000000010101000101000111000101010110101110100110101010001
00000000000110001001101000110111001010110000010001100110011111011011
00000000110000000011000001001000111110111011011100010110100010010011
00010000000010010001000001010111000111110101101001110011010000111000
00100000000000000010010001000010010100101001000111101100001101100000
00010000000000000001110001011000110110100000110101101101010000111011
00011000010000000001001001000111100110011010101100010001011001001001
00101000100100001001101001000111100111010111100011011000110100010000
00010000110000100011001001010001010101010011001101111010110010100101
00000000100000000001011001010111001111000110011011000100001001010101
00000000000000010001100001110010001011001110010010100111101000011011
00010000010000000000110001100101101001010110100000010100100100010101
00001000100110011000101001110011011101000011101001101001101001010010
00001000000010000010011001100001011111110111011010011101110011101000
00010000000010011000111001110010001000111110011010000101000111001001
00000000100110001000110010001000011000110000011010111101100110101110
00010000010000000011010010011100101001101101011100010101011001011010
00000000000000000001101010000001001011010111000011001010000010111110
00000000000000000001001010011000010011111111001001010001011000110110
00000000000100000000101010011110101000000111001010110101010001011000
00000000010100000010111010001000001000000010101011001110001101001111
00000000000010000010000010110001000110101001100000101100000101000101
00100000000100000011010010111001101100101110110100011001010001100011
00000000000000000001001010110011100111100011001000100011001000100101
00000001110000000010011010110011101100001110001010111100111000111011
00100000000000000010011010110010110000001000111101100011000111010101
00000000000010000001011010111010110000000010010100001001110110000101
00000000010000000010100011001110111000010001011101111111001010110100
00000000110100000010000011010101111000010011001100010000010001011001
00001000100000000001000011010110111111111111100011000010101110001101
00000000000000000010100011010000100110111011010111101101101001000110
00010000110010000010110011000101101111000011101011100010111001101010
00000000000000010010001011000100101010001100101001111001010100111100
00000000000000010010001011001000101100111100010010010101101001001000
00011000110000100011101011001101010000111010100110111101001100000110
00010000000010010011101011011110101011100010011010001000000000010100
00000001110110010000011011000110010001010101101011000111101001110100
00010000000100011000111011001001010101110110010000011111000000010001
00000000000100001010111011001100100100100010001110001101000001001001
00000000000010000000111011011101000011100011000010000111011101011101
00000000100000000001000011100000010001110101110001110010100101111010
00000000000100010001010011110100110011010011100001100010110110011011
00001000000000000001010011111110111011110111001101100010101010110110
00000000000000000001100100010010100011000000111110101110010110110110
00001000000100010010100100010101100010011111100010100010010110101001
00000000010010000000010100000111011101100111010110100000111010000011
00000000000110000000010100011001011000111111001101000000001001101111
00010000011000000000111100011100000111011001011101101100010000000110
00000000000000000001000100101010001110101001000110011101001101110101
00000000000100010000101100110111001011100011100011101011100100100010
00000000000000000001111100100101101011011001001101010110101100000101
00001000000000010010111100101101000000110000010110001101010110100111
00011000110010000010011100110000111000110111110101110100111010101010
00000000000000000010011100110101101100101010110101001100110011010100
00000000100010010010100101000001000001111100010001101011100100111101
00000000100010001000100101001011101100010001100101110001001000010101
00000000000010011011110101001111100111111100111000101100110001000110
00000000100100001001000101101010101001110100011111100101100000110111
00011000000100000000010101100110111110010111011110101111110111101100
00000000000000011001110101110001000000011001001100001011011101100101
00000000100110010011110101110100010110001100010101100011010101101110
00010000000000001000101101101001111000110100010110001110011110011111
00000000000100011011001101110000001101100001101000111010111100111010
00000000000010110011111101110001000100010000011101110000110001101101
00001000000000011001100110001011111000001101111011000011110101000010
00000000010010000011110110000100101001000111001010101011001101111110
00000000100010000000010110010001111111101001000000001101000101100001
00000000100010011000010110010011100110000000011011011001101111100011
00000000100100011001001110000100101000111011000000011010001100000010
00000000110000000010001110001011010111110111001100101001001101111111
00000000000000000010001110011010100110111001001100110011001101110001
00000000000000000010001110111101100010000000100111010101101000010111
00000000110010000011000111011111111101100110100100100011001110010101
00110000010000000011010111001110111001010111011001110100110111100000
00000000001010000000010111010001110010111001011100100000100101011100
00000000010000000001101111000101110000110001011111111010101110101011
00000000000000010010001111011100111011101101011000111001010010110101
00001000000000010010111111011111101111101001100101110100010011111011
00000000000100000011000111101110010110011101001111110111010011010111
00010000000000001000100111100011111010101001111001101011100110111010
00010000000000011011000111110100000001100101110010010111000111111110
00000001100000000010100111111011011010110111101100001101001101111000
00000000000000000001010111100000001001010101010101110010101100111011
00010000010110000000110111101101100001100000111101110100001010010101
00000000000100000000110111110111000100101110110000110011001000000110
00000000000000001011001111101011001001001100111111010001100001001111
00000001010010000000101111100000110011010001010000001100001001110001
00000000000000000001011111111100100110101001010001100011010001011110
