000100001000011100111101100110011000010000001011010000110010101110001110001010001100010110
000100001000111100110111010110010111110111111110100000011111000111001010100111110011001001
000000001001011111000001100101001010000111001101100000000001111110110011101001000111010101
000000001001100100110110001100001101110101101000010000100101001001000111110000101010010000
000000001010000000100011101000001001011110001001100000001000010011100100111010100110110111
100000010010000001110010000000101111001010101000100000011011000001111001100101111011001110
000000010010011110001011010011100111001100001110010000000001000111101011001010010001111000
000100010011000001000000010001000010111010110110100000100111011101101111101110100101010000
001000001011000101111010000111011110011000010001000000111110101100101100000111011110111001
000100000000011100011011101010101011111001100010011000001101101111010110101001111110000011
111000000000110110011110010001101010000011110011101000011111101011001010001110110111000011
000001100001010110101101001101001101000110011110101000011011111010011101101110100001111110
000000000010011111010101110000111111100000011010011000010010100010101101001101100110100001
000000000010100010111011111000101101110110110000111000101001000011101111000100010101001001
000000000010101111010101101001100111011000000110111000001111001110011111000010001111111111
001000000010110100101000010001000111001001011101111000001010110000001010000011000100011001
001100000011011111010010000110001011000101001101111000100100010110111110001010000100010101
001100011000011000101110011000001100011011101110110100010101011000111111011110111110000111
000000000001011000010011000111101011111000101101100100000011110000010000010101101010010110
000000011001011001100110011101000001000111111101000100001000110111111101011010011001111011
001100000010011101010111011001001101010101111001110100010010010100010001000011000110111111
001000101010100001101101010111001011111110000001010100110111100110100001001100000000001000
000100001010100100101111011011011000100110010110000100001111101001101000110110000000011000
010000000010101010000101111101100111010000011100000100001111001111001101010010111010011101
010100011010110101001001110010101111001000011011100100001100101011001110101111011111000100
011100001011010000011100101100100110001101000000110100001001100000011100011100101010010011
000100010011100110101011000000110111010011100010010100011000010010000011110000010101001011
000100010011101011011111100001110011101000111010100100100100110100010011001111101100001100
100100011000000100001011100110000010001001111011001100001011100001100011100001011101110111
000000010010001101010010111001100000001010001000001100011111110011110101101111010010000001
000100000011010100101011011100100010100011011100011100000110100010111101001100111100011101
001000000000011111111010011010110010011100110110000010110111001000011100100111110000111100
001100011000110000010100000011110001001110100001010010001100001011010000100110001101100101
000100011001001010101100000010101100000010111110010010000100110000101111011001111000110010
000000001001100110011110011111110010101101000000000010100111110001110011010010110011100100
000000010001111011100000101001000011010110100100100010100110000110010001110101101101000001
000000010010011011100101110101000101011101000111110010110101111110010011101011101001110111
001000010010100011110101011010011010011000100010000010111000001110010111010001000111011001
001000010011000100001001000000001001111010110111100010010100111111101101101000001000101010
001100011011011010101001000000111101100001001000000010111010010010001000101011111110111000
000100010011101110100101000011101011001100101001100010101000000111110001111111100100011110
000100011000111010100000110000001000010110000001101010110111001111001001011111101101000101
001000010001001100111011111111111001111010001111111010001000000100010000011011001101000011
000000000001101100110100001101111010001100001100101010001000100110010111000101110101000100
000000010001111111001000101000000111001000011101101010000100110000110111100010001101000000
001100000011000010010010100111011110000010000001001010111100100010110101011111000010001111
001100000011110101110010111000000001000101101011011010110010010111001000110110010011101010
100100000000011101111001110000011100100100100011100110111000000111010100101010101000110010
000000011001010111001000010110111000000101100001110110110100111111101001101101101001010011
001100000010101000011001111111100100100100001101100110101110101011101100001010001001011100
000100000011111010000101111011001000010110110100010110100101110011011111001011011111110000
001100010011111110010101001100011001101100001001010110010000111000110000111101100100011000
001100001000001011111010001000010000101111111000111110100001100110011010011001000110101100
001100000001001110110110110101000110010011011101101110101110100011110101101000101000001111
001100010001100010000110010101110101110000000110111110101000011011100000111000011100011011
001000010011111111000111110010000100011011111110011110101100010110110101111011000110000001
001100001000100101110000101010100100101010101011100001010111001000111101111101000111010000
001000001001001111111011000100000000010100000111110001000001101000110000110111010000000001
000000001001100101000101100011000110001101111000100001101000011111011001001011111101100101
000000010001110111110011101000110111110010000011000001011001010000001100100011101011101110
000000001001111010001100111010010010100010110010110001011110011110110011110111011010100000
000100110010100010101001111001111000010110011111110001011010110010100001110000111000011110
011100000000011011110110001100010000110000010101101001101000010100001110010111000110010001
100000000001011111011101011011101010110010000001011001111011010000111100110010110000100010
000000000001110001110000011010110011010001010110011001101000011110111101011010010101001110
000000000010001011110001110010011110100100001110011001110010011010011011100010110010110100
010000000010010000000000011000001000101000010011101001000101110111111000010101010010110001
001000000010010000101111111010000011011101100100001001100101111000111001001001011001111100
001000000010111111101001101010010010100001110011001001101000000000100001010100011111000101
000100000000000001001011000101010111101001101000110101100100011111111010010011010110111111
000100010000001100111000000111011011001110011000110101100011000101111101001111111100111100
000000001000111010111010011110101110111100101000100101000011011010000110000111110001001000
011100010001001001001010001010010011100001010011100101010010011111101000010011011100100111
001100011001001101110000010000100111100000011011110101000001100011010000010000001100111100
001000000001011010001000010110111010101010011110000101100010110001110101100001100110000111
100000010010000100001111000011001110010010011110010101011101111010010110011001011011011001
000000010010010000011101010111011100011110101110010101111101001000101101100001110011110001
000000000010110010101001010111001101111011010011100101110110111000010010101001011001001011
000100011011001001011000100000001000000001101011100101101000010010100000101101010101110110
001100000011100100010100101000111101001011101010000101110111100001010101111110010110000011
000000001001010010100100000000000111010011101010101101100100001000010010110110110100010110
000000010001011001010100101100100101100001101010101101110101010001110001101011010110011011
000000110010010101000110000101111001100000110111101101011101001010001001001001010001100011
000000010010100011011000111101011011110010001111001101111101010001001000111011101110100010
001100010010111010001000111010100010110110111000011101010000111000010001011100001011100010
000100001010111100010101101100101111101101001100111101100000010101001110001101010010111011
000100001000100100010011110110001110000000011001001011101000000101010010101100010010011011
000000000001111011101100001111011011001001100111001011001011010010110010101000011101101000
000000011010000000010100100101000000100010110101101011010010010101110010100011100100110011
001000100000010101101110101000110010011101110010100111110101111011001000010100010010010011
000101000000100100111110111011101111101110100101010111010001101101100111101011001010001111
001000000001010111100111010000011110110100110011100111011100000011111100111100000010100010
001100000010110111001010100010000101010101100000000111110101000000001010111111010111010100
000000000011000010110000110001110001010101101011100111001101011001000011001000100101001011
000000100011000100110010101100010110011101111001110111100111111100011001111100001100000011
001000000011010100111000111000011010010100100101000111001111111011000110111101000101000100
001100000011100010101000110000101011101001111010010111111110000011010110101111001010111010
001000101001100110101011101111100110100000011101111111101110101101110111001110100100001100
001000010011011000101011010101011001100101011011001111100110011010110111101011101001001011
010100010011111000100000001010110111110100011101011111001011000001000111100110010010101001
