0010000000011000010011110011000101101100011110000000111111110101011011100000101001110101
0000000000101110001110010001110000011100111111010000011111000110110100011011000110100011
0011000100111010100111001101011000110001000010110000111110111101000100110010100110000001
0010001001011001000001111101000110011000011110110001110011010111101110000010010110100000
0011010001101101100011100111010000011000011001100000000010010000001101101000001111101010
0001000010010111010110011101010101101100000100010000001000101001010010001011110010111111
0011000010110000001110001111101000000011011010100001101111001100100000111110100111010110
0011000110111110010011111001011000101110100011110001011100110111110001000110000000011010
0000000011000000101010110011000010011101111000010000010100010011001101110101110111010010
0010000011000110110101101010001000111110100100110001011110101111011111001101101100010001
0001010011100000110011111111110000001011000111000001000110010101000011101110101010001000
0000000011100011101111110000011100110111110001110001011101100110100000011010011011001110
0001001011100111001111101100011110001010001010010000111001010110110001011111011001101101
0000001011101000010010100101101111111110011100100001011010010010110010111110011010011100
0001000011110011100111100011111010100000010100010000111111111100100111111001111011000110
0010001100011100100001011111011111000111101101111000110010001110100101101001101100110011
0011001100110100010011010011001000111100010101011000100110001111111101101011110110011010
0000001000111110101010101000101101100101101000101000011010101111010110110000111111100000
0010001001010101010011010001110100110111001011111001100100100011011100110110111011101111
0000000101100101010010111111110011000100001101011001001100000111101010000110011011110101
0010001001111000000110110011000101101010011100001000011100110011000000111010010100100001
0101001010000001100110111000000000010111000001111000100011110011111011011101110000010100
0011001110000010001101011111100100000101010001101001100110100001011000101000100011110000
0010001010001010111011101001100010000000010011111000001111001001011100100010001111110100
0010001010110000010111010101001000001010010001001000100111001100000011001001100010100111
0010001011001101110111110111111111010000101100111000111011100000101101100010100000100101
0001001011011101100110110010101011010110000010011000001001110101101001010000001110101101
0011000111101011000010000111000010001110000011101001001011101101010001100001010000010100
0000000111111111001111010000000001101011001111111001000010001111001110000011001011101010
0001000100010111000011101110100101011000000101010100110110111101100101110011110110011000
0000001001101001100111001010101001101111010101000101000100100111011111010011110010010111
0000001001101110010101111010011000110010000001000101010101010110000100011110010010001100
0010001110100111100101100110001100111100110001100100100111100010110000010111100010111110
0001001010110100110010011000011001111110101000110100100100100110101110010110100110011010
0001000010111100000001000010000100000111010001100100111100010001011001111101000101110011
0011000011011001111011100101111010001001110101110100011010001011000111010000111100001011
0000001011110001101001100011010100000010000010000100101110011100110101101110010111000010
0000001000000101111001011001000000100010111100011101001000000001100110101000011011110001
0001000000001011110101101011011100111001000110101100010000110111100100001111001011100000
0000000101010011101111010100011010100000011011101100010001110011010010011100010000010110
0010000101100011000101011011010000010111000110111101100111101010000110000110010000100111
0000000110000101000110001001110101110000010101101100111000010010001000010001101100110000
0010000110101101110100000000001101000111001001011101010011111100011001000011000111100010
0001000110110000000001101000100010101110011001111101000111011000111110100110101111111001
0000000011011000101011110111110001001111111101101101100001100111001010001110001001110010
0000000000111010010000000111100110000010101011100011011111100010011000100110001010000110
0001000101001000110110101000111100010001010001100010110000010000010101110111101111000011
0000000001001011110011110100111100010101001100010011011100111101100011111110001000101101
0000001001110111011000000011111010101110100110110010010011011110100000010111101101010110
0011000001111100110000111011000010000000010101100010001011001000110101110001111101010010
0011000010100001000101110111110001110110010001100010001100000011110000111000000000101000
0011000010101010111011110101001110110111011000000011110111010101110100000000010111010000
0001000110110011010000110100001010100000101011110011110011111101110001010111010000111011
0010001010110011111111010011100011000101010101010011000100000000011110000001000010100110
0011000011000111010000110110011011110010010100010010001111000100101010001001110101001110
0000001000110101010111101111001011010101110011001011011011000110110010001010010010100001
0000000100110101100101110101101000101000000110011011111010000110101101011001010010000000
0011000001100000100001010001001110101011001100011010110101011111010001010101100010000000
0010001001101011010001110011100001101001111101101010011110010010110010001110100110101001
0010001010001110000110101101101111000110010100001010011110101011001000000111101111001100
0001000110101000001100111000000000100111011010111010111111111011100100100000011001011101
0010000010101001110010000110001110011101011101011010001111110000111010101000000101101110
0010010110111000000101000100101111011010001011111011111001110010011000100000011000010101
0010001011000011001111001101101000011111000000101010001100111011101010010110001110010100
0000010111011110001000001010011110001111001110101011000101111010011000001111001111110101
0001000111100010111001101100001011101001010011101010000101110000100101000000111101111001
0010000111100111001100001000110000001100001110011011100000010101111000010101001101100101
0010000111110000110111000110011100010011111000111011011001010000010101101110110001110010
0000000111111000000101100100011100110010110001101010111100010100001101010111001110100000
0001001111111011001111000111011001000001111111111010101001101000001111001011001100111111
0000000000001100000000011101100101100011010001010111010010100110010101011010001110000011
0000001000011101110000100000000011111101000101100111111011100100110001001100001100001011
0000000001000101110110101100110011100011010110000110111010110001000101100001000101110111
0010001101100001010101010000000000011100101110100110010001001110101101110001110111111111
0000001001100100101111000101101010111001100110100111101111101110101011101011101111000110
0010001010000101011101001101100101000110000111000110000111010111101111011101111000110111
0011001010010001111001010011011100101100010100000111000110010001001110111011100010011110
0010001110100011011000001100111110101011000000000110110101111000010110000101110001111001
0010000110100111000111101011010010000001001000010110100110000101110011111011100110101001
0011000011010001110100101010110111110111110010100111100101000110111100001000000101000101
0010000111100000100110110010001001100000100101010111001000011111101100000111001101000001
0011000011100010000011111001101110000000011001100111110010001100110010001010001111001011
0001001011101000101101111100010010011001000000100111110111110101010110101110001101110011
0001001011101001001011010100010010010000111001100111011011001011000000101111100111111110
0001001011111101000010111010000101110111111100110110011000100011110101010010101000001100
0000000011111111001101101010100001010001010011010110001011101000011101100000110100101010
0000000100101111100100011110101011011010010001101110010100111110000110101001001001101100
0000000101000110011100100111001100001001000110001110010110110001100001110011111001001001
0001000001001000001111010110111111011111011100011110100110100011101010110100100110000001
0000000101100000001000010001101110011011000101101110110100001110100011001111100011110000
0010000001110100010110011001001101001001100101001111100111100010010100110000001101110111
0010001101111100100000111000010011101110001011101111110101100111001101011001101011001111
0001001010000010011000010011001111100110101101101110011011010000110101010100101101001001
0000000010010000110001110001110100011100010001001110101000101101001110001000001001000110
0000000110010011110100111000011100111101101011011111011111000100010010100011010010011100
0011000110010101110110000010000000001101101010101111100101000111111110101010111111110000
0000000111011000111101111011001111001100001100011111111001100010010010000110100000001001
0010010111011101110100001000010100010100000110111110100101001011010110011111100111001010
0000000111101110100010101100111110101110011111011111011111001000110101001100110110001001
0000001111111010110010010000100000101111101111101110101110111000011001010010010100010111
