0010010000000001001101001100011010011011100010110110000101
0010001000000101100100100100101010000010110111000011011010
0100001000001010001110011011110000001110001111110101001110
0101010000001100100001101100001001011101001001000010001000
1010000000001101000111001011110100111111111011100001100101
0010010100001101110101010001011010001000111100001110110111
0010011000010010111110000000101111101100010000110000101001
0100001000010101001101011101100000001001011011001000101000
0010000000011000010001010101000001011100100100001000010001
0010000000011000110001011010011010100101100100001001000111
0010001000011001111000010101111001110111110001101011111010
0100101000011010100000011010010010000000000111110100110000
0010001000011101000111111000111100010110010111100100100000
0010010000011110100100000011000110000011110001001010010100
0010010000011111101001000001011101110010111110000111100101
0010000000100000110111101111101101000100010000111101111100
0100000000100001000110111001010111010011110000100010100011
0100000000100010111000000000011111001010010101110111011110
0100011000100101011011101001011110010100010011011101000001
0000001000100111110111110010100110000110000110100011011101
0010001000101000001101110001111101110100010111100101101110
1100010000101001100010111000100100110111001111010100110001
0010011000101010000011110100100100001100011010001010110010
0100010000101100100100000101101001000001101011011101110010
1000011000101110111010111100111110101100001111101011110100
0010000000110100001100000101000001000000000001001101100010
0000000000111001111000001010110111000011010111110000011000
0100000000111111111010011110101011010011111110110110101000
0100000001000001101001100111101010101000001101011000011111
0010010001000011010001011110001111110111101110001111010101
0000001001000101011110111010010000010010100111111000101010
0000001001000111100110001000010111110100110111100001101011
0100001001001001001111111111000101101100110010011100000111
0000011001001101111101000010011001010100000011010110111101
0000011001010011101101101111111100000101110011011010101011
1010010001010111110100100000010111100110011001101010010000
0000011001011000011011110110111100011110000111100110111000
1100000001011001110000101101110010111110001110010001111111
0000010001011010000000000100101111111000000000001110010001
0000000001011100000111010001010001010001011100011111010010
0000010001011100001011001001011110101111101001010011010001
0110011001011100111101001000100110011011010101000111101110
0000000001011101001100111101011110110001001000101101110011
0100010001011110000011110001001010011001110001001111010000
0100001001011111101000011000101111110110100111110110110000
0000011001100111001010011100011010011011101011011100011000
0000000001101100010101100101001000101110101001011000010101
0000011001101101100111011010001010011010110110101101001101
0110011001110001001010110011001100011110111101111010011111
0110010001110101011111111100111001100110100010101000011001
0000010001110110001111010000111000010011110000011000101111
1000011001111001100101111011111000100100101101010101011110
0100010001111010101011110001101010000011010001101101111010
0000010001111100101110001100111101101100101001101111101101
0000011010000000100010101110111001101010110011111110100101
0000000010000001100010100101110010111101111101001110001101
0000000010000011100000001110100111001011100010111111111111
0000000010000100101100100110011010101000101011100011010000
0000010010000101110110100111010001100111100100111010000111
0000000010001001110001110100010010100100011001011011101111
0000010010001010001110100010111011110111000001001001001011
0000001010010001001001111010110000011100100101010011100101
0000100010010010111001100101001111010011110101100100010000
0000000010011000001100011010110100100110011011000000101000
1100000010011110011010101110011011000011101111101001110001
0000000010100000101011001101111010100001011111111001010000
0000000010100011001011001011011101001001010000011110101000
0000011010100101010101101111011110100001100100101011010101
1110000110110001000000110010110001000011011101010110010110
0000001010110011100000011111100010011001011011111001111010
0010010010111111101010101010001100100101010001001011110001
0100000011000000011100011111001100100010110000110111011101
0000011011000001100100101100001010011000101100000001101011
0010010011000101000011110110010010010111011110010101011101
0010010011000101011110010001110010010010100001101101111111
0110000011000101101000000110010011011101000010011100001011
0110011011001100111010000101101110000000111000111011101100
0000000011010001110111010010010001100000001110000111011111
0100000011010010000001100100010000110001110010011000011110
0110000011010011001010011001111110101011001100111110111111
0010111011010011101110010000111011110011001100011100001000
0100001011011010001111111011111101110011110010100011010010
1010010011011011011010111010010001100110111011001110100101
0100101111100000100001011100001010000100111101001000010010
0010010011100011001011101111000101110011101100000111100011
0010011011100011101111110111110111011001001100101111101111
0010000011100011111111001100110100110101001110011001110000
0110000011100110000111010111101100101100000010110010110001
0010001011101001110101001101000101111101000111001101100000
0010010011101010001101110001000000000001000001111010111101
0010010011101101100110011000100110000011100000101000000101
0010000011110001000000001101010101001001110101010001110000
0010001011110100000010010000111010011011001110100010111011
0100010011110100101110111010000001100001101100110111011111
0010001011110110011010001010110011110111011110101000011111
0000010011110110100000011010110110100111011001101101111011
0010001011110111110100000110000101101111011001110010011111
1010000011111010111010011110011000110100101100111010000111
0010100011111100001000001110110101010101111100001000010110
0000000011111101110000101001001100010011011001001011111001
