000010000000000011010000101010
001000001000000110011011001110
000010001000001000101000111011
000100000100001000111001101001
000110000100001110101000110111
001000001000001110101000111100
000010000000001111000000101000
000110000100010000101111100000
000000001100010001001001110001
000000001100010100000101000001
000000000100010111011010101010
000110000000010111110100001010
000010010100011000100001010000
000010001000011001101000011010
000000001000011011010011101010
000010000000011011100101000011
000000001100011011110111000010
000000000000011110010101101001
000000000100011111010010010010
000000000000011111100000101101
000000001000100000100101101111
000100000100100001011011101100
000110001000101000011011110110
000110000000101011110100011110
000000000100101100010000111111
000100000100101100111100110010
000000000000110001010010000010
000000001000110101111010011011
000110001000111001101011010101
000000001100111011010010110010
000110000100111011110111101011
000000000000111100110001100111
000000001000111111111111101000
000000001001000011110011100111
000100000001000110111101111111
000110000001001110010110111010
000000000101010010101101011100
000000001001010011101010110101
000010001001010111010100101001
000000000101010111101111001111
000100000001011010000000111110
000100000101100000101000011110
000000000001100101100100111100
000010001001100101111010011001
000000001101100110011101111000
000100001101101000010010001000
000000000001101011010010010001
000000000001101100000011001011
000110000101101100101111110001
001110011101101101110010001110
001100000101101111011010011111
000100000101110110110111001101
000100001101111001100110101000
000100001001111010110101001110
000110000001111101110001100000
000010001010000011001001100010
000100001010000110101001011011
000100000110000111011011101110
000010000110000111011111111000
000110000110001011011010111111
000110000110010100111011011111
000100000110010101011101101011
000010001010011000100100111010
000100000110011000101100100000
000100001010011100011100110011
000110000010100000100101011100
000000000010100001111110110000
000100000010101001010101001010
000100001110101011110110011011
000100000010101100010101000000
000100010110110010001100101010
000100001110111000010000011011
000100000010111010100011011000
000000001010111010111101101001
000100000010111111110111101100
000000000011000100101100101001
000000000111000110011111111111
000100000111001111110111100111
000010000011010001000011110100
000100001111010001001000011001
000100000111010100101100111001
000100001111010110010000010101
000010000111010110011101001111
000100000111010111101001000101
000010000011011001101001011101
000010000011100000100010011010
000100001011100001001101101110
000100000011100100000000100001
000100001011100100010010110011
000000010011100101100100011110
000000000111101110111010111011
000010001011101111001111101001
000000001111110010100010110000
000100001011110010101111111010
000100001111110010111100111101
000010001011110100001100101101
000000001011110110000110110110
000000000011110110001111100001
000100001111110110011000011010
000010001011111111111000101000
