0100001000000011000000111101111100
0000000000000010000001010111100111
0010000001000001000001010111010000
0000000010000011000001100100101101
0010000000001001000001100010001100
0000010100001001100000111011111000
0000001100001010100001100110011110
0001000000000010100001100101000000
0000001001000000000011000010110011
0000001000000001000011101100100100
0000000001000010000011110011110100
0000001000000010000011111100100010
0010001010010011100010011101111110
0000000000010010100011010111010111
0000000000000010000101100100100101
0000001000011011000101101100011110
0010010101011000100100101101011111
0000000000001000100101110011101001
0000000000010010000110110010000110
0000000010000011000111000111101011
0000100001010000000111100000011111
0111001000000010000111100011011011
0010000101000011001000000101110001
0000000010000001001000101011101111
0000000000000001001001111001011011
0110000010010000001001111100101010
0000010001000000101000001011001011
0000000000000010101000001000010100
0000000100010001101000010110011111
0000000100000001101000011010010000
0110000000000000101000010111010110
0000000000000001101001010100111100
0100001100000011101001010100001000
0110000010000011101001011001000101
0001000001010001001010000110011011
0101011000000001001010000001101011
0000000000000010001010101000101000
0101000010000001001011011000101111
0001000100010001001011101011110001
0010001010001000101010010011100010
0010000100000000101011100100100000
0010000000011001001100011111110110
0000001100000001001101111101001011
0011000000001001001101110011001101
0010000000000000101100001011101011
0000000001000011101100011001011100
0010010001001011001110010110011110
0001000010010001001110111011110010
0000000110010001001111011011110111
0110010100001011001111010001111110
0000001000010010001111111100110011
0100000001001010101110101001011110
0010000000001000101111101110110111
0000001000001010010000000011111011
0000000001001011010000010101011100
0000000000000001110001111001100010
0000000000000010010010010111001110
0000001110000011010011000001001111
0000001100001001010011101101100101
0001000000001001010011110101101101
0010000001001001110010000000110110
0001001000000010110011011100001110
0000000001000011110011100111111101
0000010010000011010100010010111010
0100000100000010010100101001110000
0010000100001011010101110111011110
0010000001000000110100000110010001
0110000000001000110100010000101000
0000000001000011010110001100101100
0000000001011001010110010010000111
0000000001001010010110101111111101
0001000001000010110110001011101111
0110001101000000110110101101011001
0000000000001011110110111101100001
0000001000000010110111111100011101
0110000100001000011001110010101110
0001000000000010111000011011101111
0110000100010000111001011010010010
0000000000000001111001101001111010
0101000000010010111001111011011010
0000000100000001011011011001001011
0000000001000000011011110111110001
0010001000000000111010001100001001
0000000100001010111010010011100001
0000001110000011011100001011110100
0001000000000001011100100011001100
0000000000000011011100111110101000
0000001101000000111100101011101000
0000000000000001111100101011101011
0000001100000001111100111011100011
0000000000000010111101000101110011
0000000110011010111101011011111010
0100000010000001011110011001100110
0110000001000001011111000101100000
0001000000000001011111011010101110
0001000000000010111110101011010001
0010000001001000111111000011100100
0000000000000001111111011010111010
0000000010000000111111101010100010
0010000000001000111111111100101000
