0100101000001011101111000110001011011100011000110001111000001100100101001010100011011000
0110010000010011011001100000010111101101101001010001111001100010110111010000100110001110
0100001000010011100000001110001011001001011011010000111100111000010011111101111110010110
0110010000010101111110000100000111000001001110100000000101011100101100001110011010100110
0010010000011000110110010010011010001101100010010000010001000010001101011110110010010111
0000010000110010100001111111000011010000001111110000110111111111111001000101011111001100
0100010000110110101000110001010011001110101101110000101000110001001111110001101111101010
1000011001000101100011000001011000011000110111000000111011000111010100101101101100110001
0000101001000101101000111011001110101010110100000001010011000111001110010000011011011100
0000001001100011111011011101000010101100001001000001001100000000000101000100011001000000
0100001001100111111011000001001110101111010100100001111010001111101111001010100010010100
0010001000000000111101110110100010110110100110000010000101110000110101011001010000010110
0010010000001000001000001100111100111110100011100010101001111111110100110000000101001010
0000001001111001010110001001011101111010000101100011110110101111001011011100010001111101
1000001001111010010101110100101000000100100001000011001010100101101111000100100100011001
0110010011100101011011100100111011000011000100000000110111110111010001000111010001001101
0100011011101001111000010011101101110101111110110000011000010111011111000100000111001000
1110001010010011000010000000010001110001011000010010000000100011100001101110100000011011
1010000010010110010001011111110100010111000101100011110111100111000000001000000011000111
0110010010011110111011101100111101001010110011100011001101100000111110110010000110111110
1100001010101001000000101011100010101110011000010011011011000011010111110100101001100001
0110010010110100001010001000011010000001110111010010111010000111110011011000011111001000
0110011011001101100111111111011011100100110100110011000111110110111001110011110110011000
0110000011010000001110110101011000000111101001100011001111001010101011011011100001110010
0010000000001001000001110011000111101011000110011000100100110111100100010000000010101111
0010000000010100010101101111100100100011000011001001110100100100011110011011000100100110
0100011000100110101111111100000111000110011101101001110101001101111110011101000101010001
1010000001010001011000110101110010000100111110111000010001010110000101011000100001100001
0000000001111010000110101101101010101011111010101000000101110000100100111001011000001100
0010000001111101100110100111011010010110001110011000010111011011101010110000011111000011
0010010000101100010000000011000100101001000100001010010101111011111100010010011010111100
0110010000110100000000010110100011011111011101011010101111000101111011001000001100011000
0100000001011001011000110111000000000111111111011011111000110110000011001111100110100010
0110010001110000010010000001100000011110001111111010111111100111001001110011000111100100
0000000010101101000111001010011011000000011101001001011010110100011110001010010010100001
0110011010101101011001011110111010101000001011111000100110110011010110001100011110000011
0100000010110110001001011000110100011010010101011000110011010100000011000110001101101011
0110000010110111001101100100111101111001010011101000100110100110100100011010010101010001
0010000011010000000110110011001110100111000001101001001001111000111011001011010110101000
0010010011100100111011101000100101101011001111111001010010011110001000100011111001001111
0100000011101111110010001010010000110110100101011001001111000110110100100110011110101110
0010000011110101101111101011101000001110110010101000011100110111001110101010111000011110
0010000011110110010001011111000001010101011001001001101011000000110001000110000111110100
0000001010010101101001000111111101111010101100001011111110101100000110000100011011001111
0100000010101100001101101011011010100001111100011010100100110100111101011111101100100110
0110101011011000011000100010010100110000001000011011111110011011111010100011100001011101
0010001011011010110100000111011010111110000000101011010011000000101100101110011111000011
1010010011101011110010001110101100000010111001111010011110010010111010011010110100100010
0100000011111110100011110101111101011110100101101011100110111010101001010111010011010011
0100100000000001101101110101011000100011101111100100011001110010110111001111100101110000
0010000000011111010101100111010100110110111000100101001111011001110111111000000011100000
0100011000100001111111100010111101110101010100010101011000011101100000111100110110011010
0000000000110110101110101101000101100111001100110101011011111110111111101011000011100000
0000000001011010010001110011111010101101011010010101001110100001100001001100000001010111
0100011001100000101100110111011100011111010011000101110000001101001001001110111101100110
0000011001100111101011101100000100001011101110100100010100111010010000010011000011010100
0000010001101101000001010100001101011111010110100101010110000111011101111011000100000000
0110011001110001010111111101111110110111011110110100001111100001011111111000000111111001
0110011001110100000000011100111001011000110000100101110011001011011010011000100101111111
1010000000011110001011010011000110001011110011000110111001010111001000010011100100110101
0100000000100010111000101011100011011001010111000111111010110010101110111100100100001010
1010000000101000000010000110101111001001100000110111000001011100000110101100111100101110
0110000010101100100100111100010101101110001110100101110011000011111011001010111100001110
0100011011100000100101000101001000110111001100100100000110111011001110111000000001001111
0010000011101011101011000100100101011100111101100101111111011101000100100000100001010010
0010011011101111101101010111000010111101100101010100111111000101111000000000111000001110
0010001011110110000111001000001100110001011010000100010110111011000000101011001000110010
0000000010000100101111111010100000110011110010110111011110011101010101110111001010010111
0000000010110010001001001100110101011000110111010110001011111111101110101010010100001100
0010000011001100000010011101110001110011001100110110000010100110111110110100100000000101
0010000011011010011011001011001011111101010010110110001110101010000000011000100100011000
0101000011100111100000011101000110100011011000010110110101101011110000111101111100001001
0100000011101101001011100110111010101100110010110110101100000100111011000010101111000110
0110001000100011111100111101101011000101111110001100100100011110101000110111101101111001
0100011000101011110100011111011011010110100100011101101011101101100000011101101000011111
0100001000101111110110111001100100100100111100011101100010001101111100011011111010011001
0010000000111101110001100001111011010110010101111101111011100101110100101001100001001111
0000011001000101100001011111011000101011000101101100110101100000011000010011011111010110
0100010001010101110110010001100101100011000100011100110101110010110101110010000110001010
0000011001010110011100010101100000011111100100001100110000101101001011000000001100010001
0100010001010111100111001111101011011101010110001101010010000011010100000010100111010101
0000010001011001011000000011111101111010101100101101100011101010111100000001010110100001
0000000001111000011000110011101110000000101010111101000010101100000011101011111011110110
0010001000001110001100011000110101110000100111101111001100000110110101101010111000111111
0100010000011010101111111010011111011110000001011110111001110101111101010010100010011001
1000001000110111101101010000001011110110011010001111100101001111000001100101101101001011
1010010001000000001101010110110100111000000101101111010101010110001100010010011001011000
0000001001100110010110011011000101111101011000011110111100100111101100011110010010101011
1000001001110110101100101011111000101010010110001111010111011001110101000100100110010000
0000011010001011011110111110101101011011011000111100011011011110000101001111111101111111
0110010010011001100111111111010011100111111110101100001010001111000000001001001000110100
1110001010011011101100010000001101000011001011001100110010100100101101011111100010001100
0000010011001011100100001001111011001010111010011101011010001111100101011001110101111000
0010001011001011101001110100101000011011000110001100000101011100110110101001100110010000
0100011011100110110101101100001010000010100111011100111001100000110000110000001000011011
0010010011111001110101010010100100000001010111111100001001110111011100001001101011101100
0101010010100111001100001101110100111001111001011111001011010101000101001100111100010000
0110010010101101001101100101111010100010001101011111110110010110001000000110011010101000
0000010011001100100100000001101101111100000111011111100110111000011111010111011100101100
0110101011001110110111000111111001000000110010101110110110000111111111010101011010010100
