000100000000000000011001100100010111010000111111000110000111
001000001000000000011001110111011010001110010000001100001100
001000000000000010101110001111110000111100000010110001000000
000100101000000100001001001000001010011111011111011110101101
000100000000000101110101001011010001000111100001111110110101
000100000000001100000000000100111101001001101101001001011011
001000010000001101010000011111110111011111110101101000100111
000100010000001101010011101010101100110001000100100000101110
001000010000010100001100011010111001110011101100111010101000
001000000000010100110000111001010111001100011111011110010010
000100010000010101100110100011000100010110110010010101101011
000100101000010101110110000110110101100010110111111001001011
000100010000011000011111000011010001101010000111011010010111
001000001000011101001000010011001011100101001101101110101101
001000010000011110010100011101000000011110111100100000001111
001000001000011111001101100000000100011000111000000101101011
000100000000100110100000111101110010011010010000010010110111
001000001000101000101010011000100101101101000100111000110110
001000011000101010000000101010011101101100111011001100000000
000100010000101010010011100010100101101001010101011111100111
000100010000101011110010110011111111101110001010001110111001
011000011000101111000000001110001100110001111110111000001001
001100000000110000000110000110010101010001001101111100110010
011000001000110111010001101011100010000011000111011101101101
001000010000111000110010001100111101001110000100110010111111
000000011000111001111001011110011010010010010010000001000010
011000010000111110011010001000011100110011011111001000111001
000000000000111111110010111011110101010110101111101001010000
000000001001000010101010011110110101101101000011001100000000
000000001001000010110000010001000001111111110101110001110110
000000000001000011100111111111010010100010101010101101100010
011000000001000110111101111010110111000101100111001000110101
001000010001001000101110101011010110100001001000010110001011
000000001001001000110100010011000010000111000111010000000000
011000011001001001001101001010111000100100000100111001101011
011100000001010101100000001110001001000010101110001101101101
000000001001010111000011011001111000000010011001011101001110
001100010001010111110010110000010010101001111011111111001000
001000010001011100001001011000101011101001110100010010010011
001100010001011100001100100111011000100111111110101011000001
000100010001100000111001010000100000110000100100101100110111
000000000001100001000011101100111011010000000001110110111101
001100011001100001110010101001000001111100110111010011111111
000000010001101000000010111100111011001010011100011001110111
000000000001101010001100111000100101110100001110110101000011
010000001001101101000110010000001100001111000100100000000011
000000000001101111001001000101100101001111111000011000010110
000000001001110010001101100111011101101111011010011001110011
000000000001110110011010110011100110110010110011100110100010
000000001001111001100010111000111110001111000100000110110010
100000001001111010101101000011100111110001000100000111100000
000000001001111010111100111100001010001001111011111101100101
000000100001111100010110000111001001000001001111010000010101
000000000001111101010100110101010000111100000100001110010001
000000010010000110110001110010000111101001011000000011010101
000000001010000111011110100011011110000000001110001111110111
001100001010001010111001111101101011101000011000111011101001
000000010010001100111110101011010101110000101111010111011000
000000000010001101001010001010101111000110110100101100001100
000000000010001111101001110010110010111100010110001110011010
000000001010010000011001001110110100001011111000110011101100
000000001010010011011111101011100000111100000001110010001101
000000010010010011101111101001100110010010001100010001011100
000000010010011101001100010101001100100110000110111000111110
000000001010100011101001110100000011110101110100001010000110
010000011010100101111111010011000000000100101001110110110101
000000000010101001110011111110101100011100101101011100010101
000000000010101011000101111100101110111110010111100110110000
001100001010101100100100111111001000010000011100010100011100
001000010010110000011011001000011101110111101111101001011101
000000010010110000111101011111010110001101011001000010001001
000000000010110101110011000000111101011110000110010111101100
001000010010110110101010001000100101110011000101111001010101
001000011010111001111001000010100111010100011111110000100000
101000110010111111010010110110000010010001100110010111100000
001000010011000011101101010101100000110011111100000000000010
001100010011000100011100011001100110011111100100011000011100
001100000011000100111010101101000011010011001110111010101101
000100100011000101001001011011110100101000101101000110100011
000000010011000101101100010010011110000111011100110010001001
001100000011000110010111010001010001001001000110110010000001
001000100011000110011111010010101011010101000011101001001111
000100100011001100010111110011111110101100000111101110100011
001000001011001100101100101100011110000110100111100001010000
001000001011001111000111010010110010001011100001001110011100
010100000011010100101001001110100111011000010101110011100110
010000000011010110101000011101000100101101100011011101010000
010100000011011000011101001000000110110001011101000001100010
001100101011011001010001111110010010001010101111101111101010
000101010011011010110111100110001110011110101111000001001111
000100010011011111000110100100111100000101101111111011111010
000100011011100100001111111100100100101110100010001100000110
000100010011101001000110101001110100001001111111111001100000
001000000011101011110111000011111100011011101010000110101101
001000011011101011110111011010111001101010110000010101011011
000100011011101110100101010000001111011100110111001001100000
001000001011110000010011100101000100001000010000000010110011
000100001011110100001110000100111010001100111110011111010100
000100010011110110100000110000001000011001011101101100000101
000100000011111101001101011111101001101010000011000100001011
