0000000001010110100110000101001000011101100011000000011000000000010110100110000011100000
0000000001011011011100001111001100100101010111100000110011101100010001111000010001010111
0000000001100011000000101111111001010000001111110001100111111010010111001000011010000100
0000000001100110011001011101001011011011001000010001000010100001000100100100000010010010
0000010001101001100101011010100011110010110010010000000010001110111100100110011000110010
0000000001101101001010011101011110100001111111110000010000000010110110011110001100010111
0000000000101000001101010111001101010111110010000010100111010111001011000000000001100010
0000000001010000101100011011101101100001101100010010011100111110001100100010111111100010
0000000001010111010010100111111111100000111101000011110101101001111111111001110110111000
0000000001011010000010001010011011001110001110110011111000001011010000010011100011111111
0000000001100001111101011010011101100010111110100011010011100010100000101110100011111110
0000000001110000011111111000011001101001001101110010110101011110000100101111100101011101
0000000010001001010011010101011000001010011110000000001001000111100010011010000001011001
0000000010011001001101000110111001010011001110000000100000010000010001011011001101001101
0000000010100001000110000111011000000000101110000000100000101100011110001011111110001101
0000000010100110000100000001100100001000100011100001000010100101100100110101100010101011
0000000010101010100011000000001111001011101000000000011101010011100100111010101001100001
0000000010110000011111100001010001010011011011000001011010000101101001111101100010010100
0000000010110010111001011010101100010101111100010001100100001110110110110011011010100000
0000000010110011101010100101101011000100110100010001011111010111100011011100011111010011
0000000011001100011110011101011111000000010010000001110011100001001110011000010110010111
0000000011001101100011110000100010001100101111100001110011111101010001110011110001001100
0000000010000011111000010101001001011111111101000010101101000100011111110001111110111011
0000010010100011111111111001101111100011100111110011101010111000000110000100101010110101
0000100010110101001100010011000010011100111100110010101001100000011101011110100111111110
0000000011001011110110000111101111001101001100010011111001101100111111001111001001001111
0100010011101110011011000100011101100000000111100011100111011101110010010111010011010111
0000000000011000110111101000100010011001010000001000111011100101001110111110100101111000
0000000000000011101000111001000011011101100101011011110000110000011000101110100100110001
0000000000001110101111011110010110011111111000111011011100001100011011010011100111111001
0100000000010010000011110111101111111011010111011011110000011011110111110001011001001110
0000000000011001011110101001101000100101110100111011100101110000101110110110111100110100
0000000000100001000010011001010111101111101110011011010010001100000000101001011100001001
0100100100110000110110100110000100111000010010011011100011100100100000100000000000110110
0000000000110001110001110110110000000111001101111010111010011101111011100110010010001110
0000000000110110001011111001111011101100110000001010110100111001000100000101100001101011
0000000001000010001110000111100101101111001111011010110101110001111011100000101100010001
0000000001101111111101110110111111010010001101101010010011011001011111001100010111000000
0000000001111111101011000011111010100000011010101011100001011100111011011100001111000111
0000000010010001011110110010101100001000001010011001011001000011111010001100011101110010
0000000010011010000011110100101100001000101000111001011110101100001011011111101100111011
0000000010111010110000010010001011010110100110001001010101000110110001001011101000110001
0000001011001101001100001100010110011101000110101000111101111110001000100000101100110111
0000000011011000100110010111000110001010111000101000111011000000101011010000011010010101
0000000011011010110111110101011111001011100001001001100010100101111011101101101011110000
0000000011011101001100111000001001101010111111011000101010111011000011111101010010001111
0000000011101101111110111101000111000110001010001001000101110011101111001000101001110111
0000000011111111001001110110010101101101010100111000111110001111101011111010000001011101
0000000010000010100011110001001011110101100011101010111111011101100111110011010001101000
0000000010010011011100111100010010111000011010011010001101100010111000011000001110100100
0000000010100111100111010110111000001011010101111011001010001100010100010101101110001101
0000000010110101001101110011010100011001110010011011111011111111111100000110110111010001
0000000010111010101000111001011001000101001000011010101000000111000010011110110100011111
0000000011001001000011011011101101110001011111111011111101111111011101100010100110011001
0000000011010101011010110100000110000100010111001010011100100000000000000000110101000000
0000000011101110010111101011100110110010011100101010110010000010001111111100110111010010
0000001000000001100100000000010100100111111110100100011100100100001110010011111100110011
0000000000010010001011011011000111101101001000010100001000011101110011110111111101010000
0000000000011000010110011111101000111000101000000101000001110111100011001001101001010110
0000000000111111110001110100010011000101001110000100001110000101111000100100000111010010
0000000001000000111000110101100111010011110110110101000010000011001001001010111000011000
0000000001010110001011011110010111000100000000010100101101110111111000001011100101001010
0000000001101011100000001000100001000110011111000101000110101111100011101011110011100010
0000011000101001001101001000010001010100011010110110000111011001111011110010110011111000
0000000000111010001000011100110111111010001001010111100110110010111010100010111100010100
0000000001110000001001001001111101111001101101010111011101011001110101001100000000100011
0000000001111000101111001110100010110100111001010110011000011111001100100011001110100000
0000000001111101111110001001001001101000010000000110101110001001001110011010111011000011
0000000010000001110010111110110010101010000000000100000100000100011111110000111110011110
0000000010111110010100010100000100100101101000010101011000011000001110000110010010100011
0000000011000010100011111110011011110000100000100101100001110101110100101111011100110010
0000000011010011101101001001011110111011110100100100111100111101010001101101100011100111
0000000011010100011100001101011101110011010010100100000101101110010111011100101100101011
0000000011100000011010000010111101010100110100100100101010001110000011001110011010110001
0000000011111101100110100111001011011011111001000101011001011100001010010001000000100001
0000000010001101000010100110001101000001100010110111011101011101111010010010000010100011
0000000011011111101110111000100111110101000001100110011001110001001111101111111101111101
0000000011100100011101101010101101111101011111000111000011100001110110100000011101001010
0000000011110111101100001111011011100111111110110111010011010011001001110110001000010010
0000000000000001011000110111010111111110000010001101001111001110000011110010000110110100
0000000001001100101100100110100000011101000110001100111110011001011100100100010010011100
0000000001001101011001111010100001101011100111111100110101000111011110000011110000010110
0000000001100101000110011000100100000111001010101100101100010101010010001000110011011101
0000000001100111011101011101001000100000111001111100110101101000000101100110011110000000
0000000000000000101101001101110110010100100110011110010110101001010100111100010111111100
0000000000010000100110111100010101001000100101101111100101101010100101111101000001010011
0000000000110100100110001100011000010000101001011111010110111110100110010010011111111000
0000000001111001000101100100011001110010000110101110110111011010011110000110110100101011
0010000010000001001110000111101101110110001001001100010011111000101000111100000011000010
0000000010101001101111100001000010110010100000101101000101100100110011100010100001111100
0000000011000101011001100010011100010000000000001100111000110111011011100001001100110010
0000000011000111000001001000011001000100001100101100000011100101110011011110100101000100
0000000011001110000101000010010001100000011100101101101011111010000100100100100111101001
0000000011011001101000100110110101111101101001011100110011100100001100111011001110110000
0000001011100001101100100100010101000110101100001101000101111110101101100100111010110001
0000000011101001101011110100000101000111010101101101001100001100111111011110110110110000
0001000010000100111001111100001101010101001110001111011100001101101101100111100000111110
0000001010101010010010011000011110101001111011101111110011110001011011101111110100101110
0000010010110111101100101001100010111110010001011110011110010110000011101011100110010001
0010000010111111011001111111001101101111000011101110011101010110010010011111000000100011
