00000000000000000010001000000111011000000001010000000000111000011100111100010000001001000000111101
00001000000000000010110010111101010110111101010000001111101110111111000001100111010111101000000011
00000000000000000001110111011001101111010000001100000110010011010010000000010000010000010100100011
00000000000000000010100011011100111111000111101110000010111011101110011010100000001010100110001000
00000000000000000010011001111000111000000111101001001111101010111101011101010110001101101101010001
00000000000000000011011111000000010010111101101011000010011110110010001100010010010101001010110001
00000000000000000011101111011111111111010001101111001011111011001111110101011010001011000100011000
00000000000000000001111010111100000011101111010100101000111001101010011101100000000000100101001001
00000000000000000001101001001101001100101111110010100100110100000101100011011111111010011011111110
00000000000000000000000111100100100101000010000110100100010110101001011111010001000011100101010011
00011100000000000010011010001100001011101000001110101010011101101001000111000101010101011001011010
00000000000000000000010101111100010001101000001001101100011010000000000100100010101111101011000010
00000000000000000001111100100101001001100000010101100101111000111100111101110110011000110110000001
00000000000000000011011001101100101010001011101101101100100001101101010001110110011011100011110010
00000000000000000011000111110001101011001001101011100110101111110110100110100001111000001110111010
00000100000000000001101100000111111111111110001111100011000100100101010101100010110000001100000010
00000000000000000001010001100110111011011010111000011001000101001010110000110000001001101011111010
00000000000100000001101110011110000111110111010100010010010100001110001000100011000001101111000000
00000000000000000010100000010001100110011001100110010001011100110100100000000001010110011011110101
00000000000000000010010110011110010111000000111011011110011111001111110000001010111100100110001011
00010000000000000010000111000100111101111101001111011010101110000111011101101010111101110000011100
00000000000000000011010001010110100110000000100000111110111001110101101100000110010110001000100010
00000000001100000011100000011101101111100101111100110111001001000110010011110100011101010110100100
00000000000000000011100101111100000100100100100010110100011110010110010010000001101001011100011010
00000000000000000011110101011100101010100100110001111010011010101101110001010010111010011101111101
00000000000000000010111001000011111010100100000101110100000011000100111111110110111100011010000001
00000000000000000001101011101011000110001100100101111000011011111010010000001001110001001100001001
00000000000000000011100111111100000011001010111101110000001011100100000110110111010000010111110111
00000000000100000010111101011000100010001100101011110110000111110100011010001111010100001111111000
00000000000000000010000010110000011010000001001111110100001101110101001111011100110110101110010101
00000000000000000111101110001001110010101010110101001110000101111101001010110001111011010001101111
00000000001100000101101110000010111001000101100011000111011001100111011001011101110111100100001011
00000000000100000110010001100110111010101001100000100110000101011010001100000101001010100101111000
00010000000000000111110000011100100110010001001010101101010111101010010111101100111111001110110100
00000000000000000110010110000100010111110010001110101110000011101010001010110000101000000011111100
00000000000000000110111001000001001111000000001101101011000100010101001110101111011001100011110001
00000000000000000100010001010110100001101010001011101101100010001111010001010010000011100101110110
00000000000000000110111101011011100100111100010000010001110000110101010000100111111100011100001110
00000000000000000111110101111101010101000000110101010001100100110111000100101110011000001110010011
00000000000100000101000001111010100110100000000011010111001011110001000010000000001100000100101110
00000000000000000111100110001001111110001010010011011010110010011110011111101010010001100000110010
00000000000000000100010101000000011110011000011100110101000000011110100100111101010001111000110111
00000000000000000111110100101101111001101000101010111111101011100001110000111001000100010001010101
00000000000000000100001010011100101011110100111010110111110001111010110111001100100100000010110000
00010000000000000111011110001101000101111100001110110000000011010011010110110111110110111110000101
00000000000000000101101110011011001010111000101111110011110000011010101011001011110100110011011011
00000000000000001001100100000101000101110111010011101000000011110100010101000100001010001001111000
00000000001000001001001001100101111101100011011011100101000011110010000101100000001010101000010100
00001000000000001011000011001101110101001010001001010100101000110111010101101000100010011101001101
00000100000000001110000010110110011101110011111010001101011000111000010001110011011010111011011110
00000000001000001111110011101100001001110011100011001100001000100101000011111001001101010011011000
00000000000000001111101100111001001111101100111111011111101111000110000110010000111100100000000001
00000000000000100001111001100001010010011000111000001000101111110001111001011000110011010001110100
00000000001100100000110101101001011100001000110100000011100101001000001100101001111000000000000110
00000100000000100010110010011000011011000010011101001001100101001100010011010111001111011101001100
00001100000000100010000101111110100011010100000111001010101100110111110011100101010000001010101101
00000100010000100001101101101111101001100111111111001000010000101110010010100000111110111001011011
00000000000000100001100010110000111100010100010000101011011101001001101011110011111110100010101100
00000000000000100000011110111110010101010101001110100100100000101011000111101101000000011011011100
00001100000000100010000101101111011100000101000111100101110010011001000011101101110010110010011010
00000000000000100000000000011010010000101000010010011110101011110011011110101110101111111010001110
00000000000000100000011010000001100100100110101010011100100010010001001100011110111100011101000001
00000100000000100010001111111100110001000110101011011010010111001101111001100001011011110000100101
00000000000100100000100010010011011111010010011011010110010101111010110010011000111100111000010000
00000000000000100000011011100101110011110000111011010010001110100001000100010001110110000001000101
00001000000000100010001010100110010110110011011111010000011101100101101000001010010010001110101010
00000000000000100000100110010101011111010011011111011011011110000101100010111101011101100100101101
00000000000000100000000000110100100000010101101000111110011000000111111111011000011101101001110101
00000000000000100001101101100111101100101100010010111010100101011100010001000111010100011100100101
00000100000000100001001001101000111011000100100110110111110001100011001000111010111000001010111000
00000000000000100000111111000000001010011101011101111011101100101001100101001111010000001111110110
00001000000000100101101001110001101010110000010110000100011110110100001010101000110111000001101000
00000000000000100100000001100000110101010101011011001100000010100101110100110110110111010010101010
00000000011000100100000001000001011010000011110111101100100110001101001111001010001011110101101000
00000000000000100100100100010101110110000111000101011101100110100000110001000000001010000101010001
00000000000000100100010001000110100110111111010101010111110000110010101011000011011001001001100001
00000000000000100110001000011101000010100001001101010101110001111100010010000100100001100000111011
00000100000000100101111011011011100000001001010111010110010110001011011011010110110110000011100111
00000000000000100100111111010101011111100101010111010111111001010100001110011001001000111011000111
00000000001100100101011001000001001110000100110000111000110110111111010001001100111011011110110101
00001000000000100111011100100001100000101010011101111000000000001110101111101001111000110010000011
00000000000000100101100010000010110000000000010011110001100010101100010111010011110001011110101011
00000000000000100100111011101100101101011011111011110111000101100010100000001000110100010110100000
00000000001000101000100010100101011110001101000101001101010010110111001011011111010110001011000111
00001100000000101000101101000011101000101111111001111101101100011011011101100111000100010000111101
00000100000000101110000111010001110101000011001010110111011110011001111101100010010110101001001011
00001100000001000011011011101111101010111001100110100101000010000111011101110011001110110101010101
00000000000001000011110100000001111111011111011001011001111001101100111110010110000001110001011110
00000000000001000000001110011000111010100101011101011011001101010101001001110011111110011100100111
00000000000001000000001110000010001000110101111101010110111101010110011011011000111011101101100111
00000000000001000011111010111000001001101111011111010011010101011001010000011010010011110000000100
00000000000001000110101100000010000110101011010000000001000000111111010100110000101110000010010110
00000000000001000100011010010010011010111100011011000110010001010011011001010000000100000010011111
00001000000001000111001111101001010001101011000111101101110101001001101111011100010000111100101100
00000000000001001111010000110010001110110111100000000110010000010001111111000100110110010100111111
00000000000001100100011100101001100001110011011001000001111000010011110110101111101101111100101011
00000000000001100110010111111101010000111110111111101101100001100011000000001001111111010010000000
00000000000001100100101001001101100111110111001111010101010011100111101011110001111010110111001001
00001000000010100000111010111111111010000000010101000111001000010100001000101011100011011010000011
00000000010100010101110100001101101011110100101000111101110100100011001001001101000110110100101101
