000000000001000111101011100100110110000001001000011101111010000010
000000000000000110001011011011010011000000001100010111000101010001
000000000000000010011011100001001110000010110100011011110101010011
000000000000100100111010110001011110000010110001101000101011011111
000000000000100000110001000101101001000010000000000110101011000000
000000000000000111101001010011111001000011010100101100001001011111
000000000000000001001111010001100011100001010101010100011000110110
001010001100100110010100100100110001100000110100101001101101110101
000000000000100000100001100101000110100011011101011111001100111010
000100001100101110001110111100000100100010001100001001100111110000
000010000100100101111001001001000011100010101111000001101100111011
000000000100100110010110110111011000000101010011001111010010110001
000000001001101100101110000000101110000100011110110101001010111111
000000000000000001111100000001000101000101010010110011010000110010
000000000000100000111001000110011100000111010110011010110100101011
000000001100000000111010100011110111000110010001010011100000001100
001100001100000100111111101110111001000111001100011110001110011010
000000000000100011010101001010101001100100100100111110111110100001
000010010000100010101100011000100100100100011000111010111101001111
000000000000000010000101001101101100100110000010101010011010111011
000010000000100110001010010010000011100110011011101100000111111010
000110000000100010010111110100110111100111110001010001000011110101
000010010000000010000100111101100100010001100111000000100000111101
000000000000100001000110101001010111010010000100110010100111101001
000000001100000010001101000011000000110000100011101111101100100101
000000000000100100101111100111011100110000000100111010000001001010
000000000000000001000000110100101001110000010100011011111010111101
000100000100000100011100010000010011110001010000011010100000111101
000000000000100101000100101111100010110010010010110010111001110000
000000000100100100010001111101110110110011011001000000010100100111
000000000000000001110111000010110011110011110101101000001011101010
000000001000001010111100100111000100010101101101111110010110000111
000000000000100001110101000100011010010100111111111110100011001100
000000000000100000101101010010110110010100101001011101011110010101
000000000000000001011111010111111101010101001111001011111000010110
001100000001001000111000001001000101010101110011000000101101011100
000000001000101110000111010111110010010110011011010000111001110101
000000000000000011000110101001110110010111010010100000101010000101
000000000000000101111110000000101110010110001010011011101010110101
000000000000000110110111100101100011010110000100110110011101100011
000000001100000001000110011011010000110100100000011110101111100001
000000001100000010001100000111010000110100010000111011010000100110
000000000000000111100000001100011000110100000100011011010101111000
000000000000001010011001001010101100110101111101011010010000001001
000000000000100101101011011011111001110100000101001110001011001001
000110000100000101111111010111111010110101011110100101101011101111
000000000000000110000100110101111010110110000000101000101001110100
000000001001000111111111000111110110110110111011011110001010100010
000010000000100010010011110110111100110111000110000100001100101111
000000001000000000110011011101110101001000011100111010110110011011
000000000000100101010100110001110111001010100111111101101100111001
000000000000100100001001111111101111001010011111001011100000110110
000000000000000000000110101001011100101001001010111111000111011111
000000100000100000011001110011001101101000001100011011111100100001
000010000000100110100001110001100101101001001000101111100100011101
001010000000100100110111110001111000101000111100101010111111111110
000000000100000100001110111011001100101011011000110110111011001101
000000000001000000100100011001110110101011101001011111001011101101
000100000001000011000110000100000001101010110011010100100111001110
000000000000000001000110011000011111001101111100011001110100100101
000000001000100101110010101011100100001111011110000111100010011101
000000000000100001100111011000000011001111001000001111001001010111
000000000000100100010111100100000111001111011110110110000100110000
000000000000000100110110011001001111001110011111001011111110101110
000000000000000011010101111100110000101101111010010100010101110110
000100000100001000111011100110101010101101000111111010011111111010
000000000001000011011000001110001110101111000010101000100011101010
000000000000000011100011010101100101101111100001100000110100001101
000000000000100001011010010111100111101111010000001101110101111101
000010000000100001011000110111010000101111111000101011000111010110
000000000000100001100110100100010010011001011100011011011011111001
000000001100000010011010111010100111011000111000101001110100001101
000000000000000110001111100100100111011000011000010011000111001101
000000010000001110101001011111011100011010000001000101111111101110
000000000000000010110100100110111010011011010111010001010000000111
000000000000100000011111100100011110011011001001010110010100001000
000000000000100001011010100101111101011010001101111100001001011111
000010000100001101000111000100001110011010110011001011110001000101
000000000001100100011110010110010000111001101100100111100010100110
000000000000001001001001001000101100111001111100101001001110010001
000000000001000111010100000110001110111000011110110011110110010111
000000000000000010111111100001001011111000100100110111101010111001
000000000000100000010101100110001111111001111011101010010001001001
000110000000100010010111001011000010111000011101010111111101111000
000000000000000010111001010011010000111011110101110100111011001101
000000000000010010110111100111001111111010011100101000001111000001
000010000000000001000101110010101111111010111101010101110110011100
000000000100100100011111111011101101011101011001000001000101101110
000010000000100110001011110011111100011100010100101001000000010010
000110000000000001100011001000010000011100110000010010001001011011
000000000000100100100011101010000000011110101111101011111000000101
000000000001000000010000011001111010011111100011101001110110000101
000000000000000010111001000010000110011111111011101010011100000110
000000000000000111110000011101010110011110010011110110101001001101
000000000000100000011000101000000111011111010000011110110111000111
000000000000100000000010011110001110111100011111111000101101011000
000000000000000011011000001001011001111101101111010101100111010001
001000000000000010101111101110001000111101010000100010100110111001
000000000000000110010000110001000111111111001101111111001111111101
001010001100001110000010001010110000111110110110010100100010101010
