000000000000010010010000110001111101000001000001110000011111111110011100000001011101100101
000000000001000001110101100011011111110100110111010000011110101101111110111000101111001011
000010000001100101000000010101011101111111111011000000100001111000011001101101101101101010
000000010001110110100001001111000000001001000011110000101011110110111100101000000010011101
000000000111010011001100011101000001100100100101010000001110011011001010011010000111100110
000110010011101100010011111000101010111101101001100000111101110101100000100010001001101101
001000001001010101001011100111000100100110100101011000011100100111100101100001000001111111
000100001001111010000111111100101101111100110000001000001010110101110100100000101000011000
000110000010000001011111100000100001011100000000111000101011010010101100001101111110110110
000010000110000111111111111101101110000100011000101000100000111111010010000010010111000111
000000000110110101010100001110001011111101110110101000110110011001010101100010100001111100
000000001000101100111110110111101110000111001100110100100010110111100100101011000101111001
000100000100110011111001101000110101101011101110100100000010100010010110100011000100111001
000100001001101100101011001000101000000110100111010100000010100010100100111010100000110011
000000001010001011010001100010010001110100110110010100100101011110011100001101011000010100
000100001010101001000110010111111011010101111110100100000100000100011000100001011000101010
000100000010101100110111100000101010100110110011000100110011100010000111001110101111110110
000100000010111010111110000101001101110111101101000100101110011000011011011001110011010111
000100000011100110000110010101101110111111001000010100110100111100110110001000110101101001
000100001101001000111110010110011111011110001011001100010011100011010110100001010111110100
000100000101011111011001101111100111100101011001101100101111011110100011100101111110011101
000010001010010111111100010101010110000010101101011100001001010111010011011011101110110100
000100001010011110001110011010111000011010111111111100001101000101001001000000001111111001
000100001110100100101101101000110111110010110000011100111101010111101101111001010011101110
000100010110100111000010011000101011101101010100001100010101011101010011100101001110101001
000010001110101110011011101111111100111110111110001100010000001100110010110100111000111101
000000000011111100110001010001011100010010110010001100000100010001001011001001000101100100
000010000100011101111011100110111100111001110100100010100101110110011100100110101010101001
000100001000011110110101101011011001011001101001010010111011000110011001000010011100101000
000000001101001010010100011100000010000011011001000010111001100010000001111101010010111001
000110001101100001111111111001101011010010000011100010101110110100000100000101100001101101
000000001101110010000000100101011011010000011011100010100011110001011001010000100000010111
000010000010100110100011100000010001010001100101110010001100011000101010100011001001101100
000010000011000000001010110010111011010011110111110010111001011101111110001010110000110111
000110000011001000100010001100001010111001011000110010101101100110000000110001110111101010
000010000011110000110111001001110010000110111011010010011110010100011010111000001011001101
000010000100000101001110111011011101001101001010111010000001010111111110011100110101001001
000100010101011011000100001100101000101101010111101010001101100000101100110011111100101001
000000001001011110111100111000110010000110000001111010011010000000110011001100101010100110
000000001001101101100000111011101001000100110100101010111101000011111010111111100100101101
000110001110101010100101001000011111000111001000001010111011010000101111001111001010010110
000010000111011001010011011110011010001100010010011010111100111100110111110001101001101000
000000000000000001001001001110101110010011011011010110011000111011101101000001100001100101
000100001001001101011110001110000101011111101101100110001110101010001110111010000101011011
000100001001111001011110001101110011111110010011000110000101111100000011000101110001101111
000100001110000101111101000011111000110010000010010110100101011001010110101110110001011011
000010001110001001110101101101010111010000000110000110100010110111100101000010110010000111
001000000100100011000010110111111010110011001000101110110010100100000011101111100010011110
000010000000100111110011111010011111010101001111111110010110111111100111100101011010000010
000000011010000001000000111010101110101100111000001110000101010110010010001101110111110111
000000000010010101100000111110101011000111101111001110010110011001010010100111110100101011
000000000000001101100100100101111001011011011110000001000101011000010101000001011111100110
000110000001001001101011001101100001100110001101100001000010111110110011000111000110000000
000010000001110110010111110110111000000100111000110001111101111100100011001101110001100000
000010011110000011001001001100001011011110001000110001010110100010011011000001110100010011
000000000011101110101001010000000101011101011001100001000111001011011001110111011111000100
000000001000011010000010001010100010110010010110001001111110111101111010000010100011100000
000000001000110101000110010100100010101111110111001001101001000110100000010100011100011100
000000001101000110100011110001100000111100111001111001011000110001001000010000111101111100
000110001110010111111111100100101000111111010011011001111000110110010000010111101010101101
000100001010100111010000010100011110101000011001101001111010101110101000010001001101101011
000100001010101000000111010000001001110010001101011001101001000001000010011010000110110000
000010001010101110011111011001001000011101110001101001000000011011111001110000001111000000
000100001110110011101010110001101110010100001000011001101100100100001011111101011111111011
000110011111000110110100000010000101100001101110111001011010100100101101111100001100111010
000010001011100010001011010011110111001100000110011001111011011001111110001011010101100111
000010010111101000100001110000111000001100010100101001100011100100101001010011001000010101
000000000011111111101110001000101000111111110101001001000111101110010111110111100001110000
000010000001001000101000110000001000011100100111100101010001100010100111011100111111110010
000100001010110100010110101110001101000000100111100101001100110101001101101100001111011111
000100000011100011111110100000001100101100000010110101101111010100110101101001000100100001
000100000000000000101110001000100100001010010000101101001000011011001110000101101011111110
000000001100010001101100000101110011111010000010011101101001011100011110100001111011111000
000000000101000011010011000001110011010111100110011101100100001001011111101010101101100101
000110000101001100101100011011110011010101101101111101100011001011001101001110101100111100
000000000101011100110010100101101100000110001100011101101010101100010111011001110100101010
000000101001101001110011101000011100111001100000011101011110000000010000010101110010001000
000010001111000001000101001010101111010000010110011101010111110110110101001000011011011001
000100001111101011000111110010110101100010010110001101010111011100000100010010111010000001
000110001100000011101011111111111010110101001110100011111100100101000010101000001000111101
000100001010000001110010110110110111110001001000110011001001111000110110110010000110110111
000100000110110001111010110111101010101000101001110011000011110000111110101111111100100101
000000010100101100110101000011011100110111000011111011000001010010111111101100110101110110
000110000101101010000000010010111111101100111010001011111011000011110111101001010000011010
001100001010000010010111111000100110110001011001111011001111000010010100000010000101010111
000010000110000100110000001101110000000110111010001011001001001001001000011000110010001000
000110000110011001110110101010100001001110011101101011010101101101011011000010111111000101
000110001010100010111111111011111100001110010010001011111010101000001010000000110110011101
000000001000001110111000001000110011011111011001110111111100111010101100110110010100111000
000000001100100111110000101000000100101000001100000111111111101011001100010011010010100111
000100001001100011101011111001011010010010010000010111011100110011110101111011111011011100
000000001001110001010101010001111000101110100001100111000000110111011010111011010110001111
000110000011011001100010110100111000011011101101100111110001001010001100010001101000010101
000100001011011010110110001100001101011011101001010111111110100101101101001001100010000000
010000001000011001110111000111001110001011001011001111110111010000011000101100111110100100
000000001001001100110110000011100101110010011010101111111101010001010100010111011100000001
000010000001001111000001001001000110110000011010011111000000111111100110111010111010000101
000010000001010010100110010110110100011101010111001111000010011100111001001101111011111100
000110000110011001001000011000010001100000000101101111010111110010101111001111100100011101
000100000111000001000011001110010101100011010111011111100011010000111000111111000000011011
