0001100001010000000000011001110010000110100101001101100000111001000010100001010111110000001001001101
0001000000000000000011100110000100010001011111000000001111001011000110101110001100000000101000010000
0000000000000000000000000111011111001010110010010001100010101010000111011010101111011010100111100011
0000000000010000000010010101110110110101100110100111101110110110001000100011000111111010010101110001
0000000000000000000010111110010111011010111000000111111010001110001010110110001010100011111100110100
0000000000000000000011110110111110111000110100011111010111011111001011100001100010000000001100010100
0000000000000000000001001010111000010000101110111011101000001011001100000000000110000010011000100011
0000000000000000000011111000000101101110011001010111000000101101001101100001011111001101111010001000
0000000000000000000001001100000010101110110110111000100011111110001101101010100001001011100100010101
0000000000000000000010000111011110011101110110110100011110011011010010111100100101010100111111001100
0000000000000000000010010101000111010010001011110001110011110001010100101011110101011010100010010010
0000000000000000000011011011111001101110011101000010001000001111010100111111000000111100011101101001
0000110000000000000010000101111100110110001000110001000001010101010110011000001000010110111011010010
0000000000000000000010100111011000110100110011000011010111101110010110110111011100111101100110111100
0000000000000000000010100100010010100110100101101100110111001100010111000001100011000011010100001000
0000000000000000000000011110011100010110110100001101001000101101010111000110101101001100000011000011
0000000000000000000000000011010110011010100110010100000011011001011000000100001011000011101111110110
0000000000000000000001111100010110101001101000111110010000110110011001101011000010001110111000101101
0000000000000000000010110010010111100010100101001010110000101011011010111100100110010110111100100101
0001100000000000000001010010101110100001110101011000100010001111011011001110110000111011011011010000
0000000000000000000001000110010010101101100011100100101011111100011111100101111000101111110010001110
0000000000000000000000101110101001101001100100011101001111111010100110111100111101001101101001100110
0000010000100000000001111011011000100100010100001001001111111001100110111111011101000101101100101101
0000000000000000000011010001001001111001000110011010011100111010101000011100101110010101110000111010
0000000000000000000011000000011101101011000110110101000010110011101011001101011100100101000110000001
0000000000000000000011101011011111110001101110111001001011111110101100111110011111010010100010110010
0000000000000000000011101111000100101001000111011110111010111111101101000011001011101100010000100100
0000000000000000000001101010001000101111110101010101010111111000101110110011101000111011111110110110
0000000000000000000010001100000101111101011001101001111000011010110001000000001111100011011001011010
0000000000000000000010000011011100001011110001110110111100001100110011110101010111011000010010010001
0000000000000000000001001111010100000001011101011111100100011010110100101000100100100000010101000101
0000000000000000000001011000100011111101011001110110001101100010110110111110110000100000011110000010
0000000000000000000011101010110111100110100010010001101110110100111000100110000100011110000001000011
0000000000000000000010100100100010000101001011100110011101011110111001011100011011010011111101101110
0000000000000000000010100010111001101101011111011011111111101001111010010111010100110010110101110000
0000000000000000000001100110001001001011101001011100110110100101111011000001101010001001011001010110
0000100000000000000011100111010001011011011111101111111110001010111101011000110011011101101111101110
0000000000000000000011100011010111101001100000110010010010011100111110101010010110101110010110111011
0000000000000000000001010100001110001001100001111010010011011010111111011010111100101010101000111001
0000000000000000000110001101001111000101101001111110101011100000000011101100010110010110001011100110
0000000000000000000110100010100010011011110001001110000110101010000100111011100000110011011100101010
0000000000000000000110010001100111011101110101100000100001011010001100110010011011011010100001111011
0000000000000000000110000000001111000110100111000101001000010100001101111100010000010111010001001011
0000000000000000000110011100100000010011101001010001101110110011010000111100000100100110000001011111
0000000000000000000101001011001100000101110010110110010110010000011000011101100110110000101101011110
0000000000000000000111001000010101101110010101110010110011110110011000111100100000111111001010100101
0000000000000000000110001110110111010001000011111010011001010011011001111000011001111111010011000100
0000000000010000000110001111001001000001011010011100111101100110011101001001010110001000010111000111
0000000000000000000111010110000110000010010110100101010010110011100000001001101001100000000011011111
0000000000000000000111100100111001101101010100010101001101110110100100010100111010100100010010111110
0000000000010000000111011000010011101000010111000011100010110111100111000111001010100100010000110100
0000100000010000000110000011100010010001001001101011010111110101110010011000101001011010011110111111
0000000000000000000110110011110111111100110001010001111011010011110100110010100000101101011010000011
0000000000000000000111111010110110001100100111000111010100110110110101010101000000011000100011001001
0000000000110000000110111110101011000111101001110100001111110110111000111010011010101100101001100000
0000000000000000000111111001001010101111010111000010011101010111111011000100100110111100000100100001
0000000000000000000110010101011100100001011010001000101100100001111100010011011101111000001100001000
0000000000110000001011100010111001110010010100110000101010101101001001110011110110110111101101100111
0000000000000000001111000000100100001111100000110011101001000001110101110110010010010010110101011110
0000000000000001000010010111001101100101111110101101000111101100000000011101101011101000000111011100
0000000000000001000000110110111011010100100111100111011100001000000011101101101101010001100110100111
0001000000000001000011010111010000011100010111100100100000111000001000000100101111000010111110100010
0000010000100001000010101010000100010110110110100101101010111000010000001100101010101010011010111111
0000000000100001000001100110110011000110000110011001000100010011010101110101011110110001010110011010
0000100000110001000011010101110101000110101110110101001001001101011001100111010110100110001111111011
0000000000000001000000100101100010110100101000101101110000111110011010000010100010010011101101011101
0000000000000001000000000000011111110011000011100000101111111000100101111111000100100001000000111110
0000000000000001000001000011010101001110100011100100010011000110101100110100011110000001010110100011
0000000000000001000010000011100110010110111001000100001100001111101111001101101111110010101011110011
0000100001100001000010001101000000100010010110011000000101010111110000111101111010010101011011110001
0000000000000001000000000100111101110111010110100001001111011000110011110010011001001011101100010101
0000000000000001000000011100011100111101101101010111101011011110110110010110100011110001101001100100
0000000000000001000010110111111100100001101000101010000010000100111001000101111010110101011110100101
0000000000000001000011100001100001110110001001111110101100100100111010001010011110111101100100001111
0000000000000001000011001101101000001110001011101110000101101000111100111110110110110111110011111100
0000100000000001000010001100100100000110111100011100110010010010111110100110110111111111011110110111
0000010000000001000010100010111011011100101100110000010010100110111111100001010011010010011010001010
0001000000000001000000000111000011101010100001001000110010111111111111111001001111000011110101000001
0000000000000001000101100011100001100011001101000000111010100110000101101001011000100101000111111101
0000000000100001000110000000010001010110010010001101001100011100001000011000111110100010010110111011
0000000000110001000100000001100001001100110011111011110001100110001001111000010110011101101010001110
0000000000000001000110001010001001001100000110101000000100100111001100011100001010111010101111111111
0000000000000001000110100000010101010111001000101110011111000011010111101111100110010101100010010010
0000000000110001000101010101001110001111001001111011000011010111100010011001000011110110010001011101
0000000000000001000101111001111000110101100100010000100110100011101101010111010101000110100111100100
0000000000000001000111110010110001110000110000101100110011000100111001001101111110101110010001111101
0000010000010001001010111010101000101111100011100011111011101000100100010011111001111100011011011011
0000000000000100000011011001111110100001100011001011000111011100000010111101010001010110111101111010
0000000000000010000000001011000001011101001110010000010110011001000100100001010010101100001010011000
0000000000010010000011000001010000110100010011001010110011100100010101000000011101100001100101010011
0000000000000010000011110001100101111001100101001000010011111110110110100010110101011111110010011101
0000000000100010000010111010000100111111100100111010001110001100111100111100001000110000000011011101
0000000000110010000100001010100111101110101011110011111101010010001110001010110110111100101100011111
0000100000000010000101100010111100101101010100000111111010111011010111010010011110101010001001101100
0001000000100010000101100000111111010100010010011101101111010110100100110101101101110101111000011110
0000000000010010000110010000010001100011010000000000001100111010111010110111000100010111111101011101
0000010000000011000001001100000000111100010110001111111010101100011000001100010111101011101010000000
0000000000000011000011010000101101001010000001011001110111101001100011011000011101110010010010000100
0000000000000011000100100111011001000100111010011111100110110101100111000111101110100011100111010101
0000000000010011000100111010101111001011001100101001100000100111110011000001101001010100011100010011
