00000000001101101100000000000011111101100010100110100001100010110010010111100101111010000110101100
00000000000011100000000001001001101000011001011000000001011010000000011111111101101101100110010011
00000000000001110000000010011101011101011011000100000100110110111110000101001010101100000001100011
00000000000001100000000100111101001110001100010001110001111101001111101010011111100011101110110100
00010000000000101100001000100101001101101100101000110101110010001111110110000001010010100101000101
00000000000000100000001011000111100111110001101000000011011100000000001001101111000111010011000110
00000000000000100100001011010111100100111010101000101111110011100110110110001000100001101101100011
00000000000000101000010001110111011010000110100111011000101111010000011011111101000101100010111010
00000100001001101100010010110101101101001101100011011000010011101000011001000111011010100011010111
00000000000001101100010010110111101110001011001110011110110011010111010011010001100101010000000001
00001100001000100100010100110101001101010110100001101100011000101000001001001100110111100010100101
00000100000001100100010111110001011010010101000110100100110110010100110110111101111010101011001010
00000000000011100100011000001100111001111000000011110110100101100001011100110001000000111111110001
00001100000100100100011000111101110111100000110000001001101010101101101000101000111101101011001010
00000000010001100100011101100010011111110011111100010001001000001001101010110111111101100011011011
00010000000001101000011101100111001110000010011101011011010010100001000010111010100010110111011011
00000000000000100000100011100000100100110111010100001111111001100010001010000010111110111111111010
00000000010110101100100110101001001110010100110100101100100000101100010111000111100010101001101000
00000000001100101000100110101100110001010000001011001101110001000010100100001111100111001111101010
00000000000000110000101000000010001000010110100100001011100110111010111100101010011110000000101000
00000000000010011000101100101100010111101001100011010111111111101001010000111010101010111111010001
00000000001101001000101101011010110101011111101001010110111110110110011101110110101011001010011000
00000000000101100000110011000111110000101011110001100100111000111011110001110011011010010101100000
00000000000000100000110011011010100101010010111011000111011000000001110000101110010001010110011101
00000000000000101000110100111111111011000011100010011011011111101001111010110000010010011001110111
00000000000100110000110110110111011111111000001101110010010100111110100000001101000000101111011110
00000000000001000000111001101100110100010111001010111001101101100101101111100001000110010101001001
00000000001100100000111111101100010010010111101101101011000111010010000010011101101010001111101010
00001100000000010101000010100111100100011111111000111100101010011011101011100101001101100000101100
00000100000010011001000100111101011011101111110000100000000110000101101111100011010000110000000101
00000000000100100001000111001010110000001000010000110001000101010111011111000000000111110000010011
00000100000110000101001011100010001011110010010010011100110101010101101011000010101100101010011010
00000100011010011101001100010010000011011011101011100100110011000011100111111011110100100100100110
00001000001110010001001100100000000111000001100101110100010110011111010011011001100000101010011100
00000000000000100101001101001111110101110110001110010010001000001010110000111011101111000101010000
00000000001000101001010010001101101100001000011100011001111100011111100000010101001010100110000100
00000000000100100001010011100001101001000010100011000101010100110100110001011011101010100011101100
00000100000010011001010110010000100001001011011101001101011110011111011100100111100000010100011110
00000000000010100101010111000001111110001100011111101110100101001001101011010011001011011110011110
00000000000000110001011000011110001001111001000111011001011010010101101110000010110101010011111100
00000000001100100001011001011100111011110111110100100000001001001100011001101101111000001101010010
00000100001100100101100000011001010011101110101010001110011000001011100110001000101111111100101010
00000000010000101001101001000001000100110101100010011000000000101110011011010010001010000111100001
00000100000000100001101101101011100101101011100101001101111100010010001011101110000100000011100111
00000000000001010001110010011000100000001011011000100001010111100001101100001010110110111000110111
00000100000100100001110011010000101001000010111000101110110111101100101011011011110110110101111100
00000100000000010101111010000000011011000010001011110001101000101000000011110100110000101110001111
00000000000010110001111110001010110000010111011100011001111000000110100011010101001111101110001110
00000000001000010001111111100000110110111111110111101001010111011001111011000001110001011100010001
00000000000010001001111111110001111011100101111101000100011111001010100001110011011011011111001101
00010100000100100010000010100011011000000111001001001000011000011001100010010101000110101110111001
00000100000100101110000101101001110000111000111101101011110101010110110100110001000110111110101001
00000000000010000110001000001111000100111110010111000101110010101110101101100011000011010101000110
00000000000000000110001001001001111100110010010010010010010000110010000110011111110110010010110101
00000000000000001010001011000100110011111110010110101111001101101010111101000110110111001000010001
00001000001000000010001100110001111110000100110110100101101000100101101101111100001101000011111100
00000000001110010010001100110011001110010000011101001101000001011110001100010101000110010100011101
00001100000000001110010000000011000000101011110010100111100000100001111100110101111011110000101011
00000000100110100110010000010101010110101111101001000100001010101101000010000001011110101000010111
00000000000000010010010010101011111011010100011110110000000111100100001011000100101100001000010100
00001100011000101010010100000000110111101101010001010101101101101101111001110101101101011110000011
00000000000100000010010111111100110001111010100101001011010100101001100111001111101000111101001101
00000000000000000010011011111001101111001000100001110010101111110000100011011110110111000000110010
00000000001000001010011111101111111001010110001110011101111101010100001111100011010001110010001001
00000000000100000110100000011101101101011110010011011010100111011101010100101010000011010010100111
00000000000000000110100001000011001101000100100100011100100101010101100011011110100001011110100001
00000000000011101010100011110110011001101000011010011011010100000011101111011010100001111011010001
00000000000010000110100110101000100011010001101111001000010100001111101011000011011010101010100101
00000000000100000110101010100001010011010101101000100101110111111011100111000100100111111011010000
00000000000000000110101011000001101100001011111011011001001000101110001000101000000111011001011101
00000100000100110010101011000001000000010001101111010011110101010100011011000000001111001101010001
00000000001100001110101110010000011100011010110100100111110010000110101110010001000110011100111000
00001100000010100110110000101110100000011000100101110111110100001111110101011111111111100000110000
00000000000000010010110001000001011110111111110111000001101000011010100011111100001011010110110011
00001100000000000010110101111100111110010010001011110011001010111011010110010010111011110100001010
00000100000001001010111001101100101011110110000100011101100010101110100011101001110010011010111011
00000000000000010011000001100111001011110001110011010010001001101101011011000001010000011011000100
00000000000000000111000010011100101011000110111100001000100111011000000100010011011011000010001011
00001000000110100111000101011010110011100011011110001010010110100011010101001100000110011010000011
00000000001100100011000101100111000101000111111010001001110110100110000010100011110111000011001010
00001000000000101111000110001100100101110110100000110011101001101100001011101111001000000010011000
00001000000001000111001011100010110000111110110100000001100011111110110000000000101000101011111111
00000000000100010111010000000111110000110110100011001001101011111110001001111010110000001101011011
00000000000000010111010100001000000101000001001100000001110000100010001001111101000100110000110011
00001000010000001011011000100000100001101111100000011011111110001000010010110100110011011101100111
00000000000100000111011010100110001010001101001101110110111010011100101011100010111011000100100100
00001000000010101111011011101110111011011100100001101000001011101001110101010110110110000000101000
00000000000000000111011101000000101011011000010010000111100101010110001001000110110100010111000100
00000000000000010011011101110010110110110101111011110101110010100001011110010011010001110011001000
00000000000000010011100011111111000101010010011111100001110010100111101001010010101011110011001011
00000000000100000011100100000000111000101011101010000101101000101111000000001100011100000110011111
00000000000100001111100101100110110100011111101000010001010100000011111011011100101001000001111010
00000000001110000111100110111100001010001001110110000101011001000011010001011100100101100001001011
00001000001001011111101011010010010010101110010100001001010011100101001000111100001000011100001010
00001100000101010111101101100110011001101111111000110101001011001000100011101011100110011100010110
00000000000001000111101101111011010010010111110111010100110000011111010001101110100111001100101011
00000000000000010011110010111000111010110111110111011101110111000110001011101110001010011011010110
00010000000001000011110010111100110110111011110110001100101001010001010001110011000011101010000010
00000000000001000111111111000011101110001110000101010100000001000101100100011111001000011100011000
00000000001101000111111111111101010010011100000101010010101110100101011111111000001000100111001011
