000101000000000000100110100100
000100000000001011010110100101
000100010000001101010010100110
000100011000010111010011011111
000000001000100001100101101011
000000000000100010010100001000
001000011000100101110001100010
000100000000101000000110101000
001000001000101010000001100010
000100000000101011100111101011
001000001000110111000010100011
000100011000000010101010110100
011000010000000100001100100011
101100000000000100001101011110
000100010000001011111101111110
001000000000010001101000110100
001000011000010100001111111100
001100010000011000011111111110
010101000000011101111000010110
001000101000011101111111110010
000100100000100100111010101010
001000000000101001011100101111
001000001000101100001100000101
001100000000101100011011010001
010100000000101110101000100101
001000010000101111111001111110
000100000000110111111011000000
001000001001000001010100111110
001000010001010001110011010111
000000000001011101010111001110
001100011001101011110001011100
001100001001101011110010111001
000000010001110000000101000111
000000010001111111100011011001
000000001001000111111110000111
000000011001001000101110111001
000100000001010001111011000111
000000000001010110011000101100
000100000001010110011010111111
000100010001010110111110101100
000000000001011011101001000111
000000010001100010011101000110
010000011001100110111010101110
000000001001110000001101001111
000000011001110001101011100101
010000000001110001111100000101
000000000001110010001000110100
000000000001110101111000100111
000000000001110110011000010000
000000010001111001011011000101
000000010010000010010110011001
000000010010000010100000111011
000000110010000010110010101001
000000001010001010100000111100
000000001010011000000100110100
001100000010011010010111100011
000000010010011011100100100110
010000001010100011000010100101
000000010010101001010100001010
000100010010101110010001000100
010000001010101111000000111000
000000000010101111010100010101
001100010010110010100011010111
000000000010110011000111111010
000000001010110011010100100001
001000010010111000110000100110
010000000010111101000111011101
001000010010111110100011111110
000100010010111111100000100001
011101110010111111100100011110
010000000010001010111001001100
000000000010001101111001100110
000000000010010001001100011101
000000000010010011011011000010
000000001010011001001111111011
000000000010011111111000110111
001000010010100000101010100111
001000000010100101101001001111
000000010010101000001011101111
000000011010101001101110000101
101000000010110001001011000101
000000011010111010111111110011
001100000010111100011001110010
000000000011000000010110001111
001000000011010101000101110110
001000000011010101110100110100
001000010011010110000000001010
001100110011101010000000111100
001000000011101010110011001101
001000001011111001000001110011
001000001011000010011011011101
001100000011001011101010010111
001100000011001100001011101010
000100001011010000001101110110
100100001011011010101110001010
000100001011101101011110101100
001000000011110100011001111010
010100011011110101011110110101
100100001011110111011111010101
001000011011111000111100111011
