00000000000000000000101010010100001001101000110011011110000000011100001100110100000111101000101010
00001000001100000011110100100101001100100111001100001111100010000101101100110010000011111100011000
00000000001000000001111010010011010001011111111111101001110011101111010101111101011001010000100000
00000000000000000010001110001001100010010000110101111100011000010101001011101001110111111101010001
00000000000000000001110001000101111110111011001010000101001000011001011101011101010000100101001100
00000100000000000010001100001011110010001010001000010101001000011100011101011100011001001001011000
00000000000000000010001001010111001110101010110100111110111000100000110111010110001010001101010010
00000000000000000001011011001011001010010110010110111010001001010110011111000001100110100101010110
00001000000000000000100101010011110010011110010110111001101001010111010000010111001110100101001111
00000000000000000010110110100000000010100011000110010111001001100001101110011110110000100101110110
00001000000000000000111011011000011100101101010000001000011001100010101001000110101001111001101101
00000000000000000001110001010011010100110111111011000010001001100111111010111111000110101001011100
00000000000000000001011111000100000001001010110111101110011001110010110110011111010000101111000111
00000100000100000001001001000110011100111001011111110000001010011101011110111001100011000101101110
00000000011000000010111000110000101011110011111001111111101011100000011010101000010111101011101111
00001000000000000000111001111011111110001111101010111110101011101001001010101000101010110100100001
00000000000000000010100100011011100001101010111110101011000100010100100000011101101101111110101101
00000000000000000001010111010001011111011110100101000101000100111000000011000001010011000101111000
00000000000000000001000010110000000011111011111001000011100100111110011000001101100101010100000111
00000000000000000010010010100001100101101011100001000001010101001100111010111110110110101001010110
00000000000000000001000100001011001101101000100100100110100101010100011001101001101010111000010100
00000100000000000010111111001111001010101100000101100110010101110010000110110100010101101000001110
00000100000000000001001001111101111000010010111100110101000101111111100111111101111000101100011001
00000000000000000010101100111011100100010001001111100110100110001010100101010100101100110011001010
00001100000000000010111010000011111101100100000110111000010110001010110111101001010001011101101011
00001000000000000001001010011110010110001100011101100001000110101110001001101011111110111110100010
00000000000000000010001110101100110000000010100010100001100111000001101110010100010011001101001010
00000000000100000010111100110010111001110100011111111010010111000111111111100011000011001110001000
00000000000000000001000110111101000100110000111000100111010111010000000111001100000011101010011111
00000000000000000010010000000111101001110011000101000110110111011101011011010011110100001010110000
00000000000000000010100011011011000110111011100101011001110111110001000001001110111100001010101001
00001000001000000011011110010001100001111010101000000011101101100111110111011110011010111011001111
00000000001000000010100000001000110100001010101010011111101101111010111101110101111110101010001100
00000000000000001010010010111111000010000010100001001100010001000011111101100010111011100011011111
00001000000000001000110010111011111111110010101100101101110010011011010110011010100011110100100001
00001000000100001001011010101010111101000001000110011011110011000011001111101110010011000001010100
00000100000000001001110110001111000111010101001010100000011110100010011110111000001011011111100000
00000000000000001011101111000011101000000011111011110001101111000101100001101011111001000100010011
00000100000000001001000101010100110011011010111100111111101111011011101111010110000110100101011101
00000000000000001010011111110110111100100001010000001111011111101000010100110000100001001001001110
00000000001001000000110111000000011101011101100110110101110011001011100110100100100101101111001101
00000000001001000000001000101011100000000100010100010011100011010110001101100111001011010011000001
00000000011001000011111100000011100101010010001010111001110011100000010110001010000001000010111111
00001000000001000011001010110011101111000011000111011010010011101110011000101011010100000110100000
00001000000001000011000101010110000111011100010111100110011001100011001101100111110010011100011001
00001000000001000010001010001100110011001101000100111101001010100010101111001001010011000000011011
00000000000101000001011001111001001011101101111010001111011010100101110011000010111010110011110111
00000000000001000000011000011101100110010110110000100000010100010101101100111011100010110111101001
00000000000101000000100011100000001011110101100000000111000100100110101100110101111101100001101000
00000000000001000011100010011001100001100010111110001001100110101011101010100100010101111100010110
00000000000001000000100001000000100001010010011101001111000110111101000010010010001100101001011000
00000000000001000000100011100010000000010100010001111001100111001001000111111010011011001101111011
00011000000001000011010000110101001101101000110100110101101101011111101111000100010110110010001101
00000000000001001001010000000000110100110101011000000100100000101100010111000101010100100000000010
00000000001101001011000001101111000000010011001111100011111001011000001000010100001000111011101000
00000000000001001000101000111101011010011011010110010111000100010101011001101110111001010000101111
00000000000001001010111010100101101001001101100010100111000100100000000111100000111001011010111111
00000000000001001010011110011000111010000111000111010001010110011110000011100110001011100101000111
00000000000001001001011001101011110110110101010011000000001110010110011111101000111111110010100011
00000000000001001010101110110011000011110010100100010010001111100011110000111010010001110000001111
00001000001010000000111110011101001010000000101010111100010011000100110010111011011101010110011001
00010000000010000011001111101101111101000011000010100101001001001001101101111110011001111111010000
00001000000010000001100000001101000001011001110000001100010101010111111111110010001111110001111101
00010000000010000000001100000000001010001111011101101111110110001010100010111001000100010011011101
00000000000010000011000011000000110010011110111011011010010111100110000110100001100010000111101110
00000000001010000010011110101111001011100101011001011110101100100100100111011100010000000100011000
00000000001010000000110010011000001110111111011010001111011101000001001001011110001100001010110101
00010100000010000000100010001001111001001110000000111111101101100011110001001101010101011101101000
00000000011010001001000010100001001011011100001001101110100011101001011110111011001111011001011110
00010000001110001010001010001011001000001001010110001001110101111010111011011001111000001011110010
00000000001010001011001111000011010001101001110110100010111100110100000000000000010001010011000110
00000000000011000000100111011011011001110010100010110000100000000100011010100010101101100011111110
00010100000011000010011110111000001001111100100001100100001000111100000111010111001000101100000000
00000000000111000001010010100111110000001100010110010001100100010010010011001111110101110101100010
00010000000011001011011100110010110011111111011110000110001010101101000011010001110100100001110110
00010000000011001000110110011100011010100011010001000111011110010101110010001110110100111110010100
00000000001000010001111110000010100110101101000010101100110001010100001001001100010110101110010010
00000000000000010001011111101100111011110101011010001110110010010000010001011101011010100110010001
00000000001000010010111010000011100000110010110010010101010010011010111110111001001000100000001001
00000000001000010001110000011010001011100011110111110111100010101010011000111011111000001011001110
00000000000000010001100010111110011011001001011101000111000011100010000101101010010100001111111000
00000000000000010010000001111100101011011011100110010110000100011001000000100111111010111111011101
00000000000000010001111110111100101001001011001001010110111100000011011001010000110011111111100111
00000000001000010000111011101011000001001001101100010000011100010010110001101010110001110000010000
00000000001100010010111101001110000000110111110100100110111110010111010001000011100101110101001010
00000000001100010010111001011010100011100001110010100100111110100111111110100101011101111011100100
00000000001000010011110011010100001110100000100101110000111110111100110101001001110011001110011101
00000000010000010011010000001011010000100110111111011011011111000000110000100111011010001110111010
00000100001000011010100010100001101011101111011101101011101100100101110101110010011011100101011101
00000100000001010001001010000001001010000100001001000011111100100100001100100010101011101001001000
00000000000001010000000111111010101110110110001011100100101111101110100000001101110110000100111010
00000000000001011001111011010110011001011001010110111111101000100101000111011000100111101110000110
00000000000001011010001110100010100100101010110111110011111001001011010111010000101101000001001100
00000000000001011001101110010100000011110101110010101101111110110000010101000000110110111110111100
00000000001110010000111110100010001100011011100011100011010001101000100111100001110000100100001110
00000000000010010000100110011100011101010111010001111110100001111101001000000100101110000101011010
00000000000010010011010011010011001001101001011010100111111101111101100001010111000110000111000111
00000000001110011011001110100110000100010100110000001011110110111011111101100111101110100001100011
00000000000011010000001101000010100110010011011111101100100011000010101110011111110111110000010010
00000000001111010001011100110011101011110100001000000011111110011011001011000111011010101111000100
