0000000000000100010011001111
0000000000000101011111011001
0000000000000111110001110000
0000000000001001001110000011
0000000000001010010000111111
0000000000010001100110100011
0000000000010101011011010011
0000000000010111101010100110
0000100000011000010001001000
0000000000011010110110101000
0000000000011101001101101010
0000010000011111011111101000
0000000000100100001101111110
0000000000101001101111000001
0000000000101101000101101111
0000010000110011010111110100
0000000000110101000101110011
0000000000110111110000101000
0000000000111011000101111110
0000000000111101100111101010
0000000000111110011100101100
0000000000111111111100100000
0000000001000010100010001111
0000000001001001100100011010
0000000001001100001001101100
0000000001001100011100111111
0010000001001101110000000111
0010000001010010001001100010
0000000001010011110110011001
0000000001010110011110111111
0000000001011001110000101101
0000000001011110000011011010
0010000001100001000010010010
0000000001100101001000100010
0001000001101010000000110001
0000000001101011110011110011
0000000001101100100101101010
0000000001110101000111000000
0000000001110111011100001101
0000000001111010000010101111
0000000001111011100101000111
0000000001111100101110110100
0000000001111101010111010100
0000000001111101100100110001
0000000001111111110100110010
0000000010000010101000101101
0000000010000101101101111011
0000000010001001001111110111
0000000010001101101000000111
0000000010001110001100010110
0000000010010011110100000001
0100000010010100011001000100
0000000010010110001100010001
0000000010100000101001010000
0000000010100000101101100111
0000000010100001100011011101
0000000010100010010001101011
0000000010100100001110100100
0000000010101001010000101000
0000000010101001010101000000
0000000010101110011111110111
0000000010101111010010101011
0000000010101111100001011101
0000010010110000001110100001
0000000010111000001010000110
0100000010111000101100011000
0000000010111010010001111000
0000000010111100100000000101
0000000010111110001101100001
0000000010111110100111110100
0000000010111110101000101010
0000000010111110101001011001
0000000011000001101101000100
0000000011000100110100000111
0000000011000110101111101011
0000000011001000001100001010
0000000011001000111010111000
0000000011001100111100101111
0000000011001111010001010011
0000000011010011101001110100
0000000011010100001010001101
0000000011010100010001110011
0000000111010110110000101100
0000000011011000101111011101
0000000011011010001010000010
0000000011011100100011011100
0000000011100000100111100011
0100000011100101011011000101
0000000011100101110001011110
0000000011101000110010011110
0000000011101101011000111111
0000000011101101011100110111
0000000011101110111111101010
0000000011110000000100010001
0000100011111000011011001010
0000000011111001100000110101
0000000011111001110110110011
0000000011111011010110000010
0000000011111100100010100000
0000000011111101000011111101
