010000000000000010100000110100100001111111101100110000101100110011011000010001101110011100
000000000000101010101001101011101111101001011101010000101101010101011001010010111010000001
000000000000111001100011101100110010011101010101110000000110000111000000110011100000011011
000000000001010100110110000001111110111010000100100000001001011010001101011101110010111110
000000000001111101111111011110111111101000111001100000010010111000100000101000001101010001
000100000010000110011110100100111100010100000101110000101010010110100010111110101101101110
000000000011000001101111011100110100110000100100100000101011111011011010110111011000110101
000000100011010100000011100001111011001010110001100000000001101110100101111100000010010101
000000000011011101000111101000011000110100010101000000010101100000100000110011110110000110
000000000011100011110111010001011011000001011001000000001100010110010101110110010101010100
000000000001001101101001000000010101001011110001011000011010110101010000010111011010010111
000000000001001111011001110000110011100101000110101000110001111111101011110001001111011011
000000000001100010111001100010011010100110111101111000000000110100101001101110101100001101
000000000010011111001101101101101100101011110100011000101010110110000000001101000011010010
000000000011011100100101010010000101001100001100101000001001110110010110110001100011100110
000000000011101111101110001101001111101010110011101000011000111111010111010101101001111011
000000000000000000010001011111001110011011010011100100001100111010101100000100011101010110
001000000000101010001110011011011101101001001011010100011100110101010010100111010010000001
000000000000110010101010011100011001010011111101010100010011011010111010001000101100010000
000000000001000011001100111000000010000100111110000100110101101010011010000011010110001001
000000000001111010000111011010001011111100011001000100110101000111101100000101111101101100
000000000010000001101110000101101110101100100000100100100001000100010111011011111100011110
000000000010000010100110001011001110001101110001100100000111100111111000111000100101001110
000000000010101000110011001110100110111011101110100100110100011111001110101000011110010110
000000000011011111010001010110110100001011101001100100101001010011101111111111001001111101
000000000000111010000100010110110101000101101011001100100111010110111011010100110100101110
000000000001101000110100100100011010001011110101001100001111011110100111001101011100000011
000000000010100011101000110000011101101010101100101100000110010111101011011011111010100001
000000000010101010001101001100001011101111110010101100111110000101110011000100010100111110
000000000011111110000110100101111010111011111010001100111001100101011110101101001001101100
000000000000001001110011111001001100001001011100010010010001011010000001111000111001101110
000000001001001000101101001001001101100010111100000010001111110111110111110011010011100000
000000000001010110110110001110001110111111001010110010010010100001001100011000010001101000
000000000001101011100100101100000101100001011100000010110110100110001110011101101000001010
000000001001110011001011001010010111010111111101010010101110010001000111011111001100011011
000000000010100011000011110011011110110110100111000010001101001011110010110110110010111100
001000000010110100011100110011011000001000100000100010010001001011110100110101100000100011
000000000011000001000100100110101001101101111111000010001000010100100111111001010000010001
000000000011101010001100000101110011001101100101010010100011000010110000010100001011100110
000000000011101010111101100001010010000110011011010010001001100001001110111000100010110010
000000000010010100110010110010101110101001011010011010101111010101111011111101000111100001
000000000010011100011100101110010110001001000101101010001010100001001001000010011100000000
001000000010100101010011110001101110010011100101011010001010011101010000001011000010011000
000001000011000100010111110010011100100011100101001010010000001010000011110110100110010000
000000000011111011100001000001101000000001110001011010010110101101101010110101001001100101
000000000000100111010010111100111101001101010011010110111111101101111011001111011011110111
000000000001110100010001100000011100010100001110000110101111001000111111000101010111101001
000000000001111000000000111110100000111011101100110110111010010100011100111010100110010100
000000000010101011001000001100011010001100110010010110101110101100011100000111000111001000
000000000011010001000001010111111100100111110010010110000011100010000111100100100101011000
000000000011100000101100011010110001110110100111010110011111111100010011000101111011100010
000000000011101100000111000000010000101101010100100110010001010000011011101110111110000100
000000000000110011101111101110000011100101010101001110101010100100111100111111011001010101
000000000001000000101111010110011100111000001101111110011000001100010001100011111001110000
000000000001100001110111101001001001010101111011101110100000011100011110101111001100101011
000000000010100011101000110000001111101100111010101110110101000110101101010001011101110110
000000000011010101111101110100001000000001100000111110100100100101011100001010000000000110
000000000001000010111100110111010101001100110000000001100001001011101110110111010101001110
000000000001100010100000001000110011111001010010110001010110010000100010010110101101110001
000000000001110011011001010110010011000001100010010001111000100111001000000111000000000101
000000000010100001000110010100001001011101111010100001101110011111010011100011110000101110
000000000010101011000010011111010001101010101011100001010001100110011101101011100001101101
000000000011010010101010000001001010111001111011100001111000101110110100110011100011001011
000000000011011101011000001000011010000010001010000001111010101010101001001011011001101000
000000000011100010111001000010011101111110110110100001100111011101011000000011000101110111
000000001001000010110110010101000110001100010111101001011000101110010010001101101100110000
000000000010100100110101101111011101011011000111001001101000110011101011001000011110111010
000000000011011110011000101111101101110001100101001001100110010110101000011100100101110101
000000000000001011111110011001110011000010101011100101001010111110100100011001001110000010
000000000000001110001111010010010100100101010010010101011110001111000111000100110110110000
000000000001010111000111110000011001110001101000000101100010110100000100100010101011001001
000000000010000010111011010011111101101111001101010101011011100111010100100110001100111100
000000000000110100100010100011010111011011000111111101110010110100101001100100111101001110
000000000001111100101001100000100111101110010110001101111000000001010110000010111000001000
000000000010000111111011100100110110011110111011101101101100101000011100101010001000110101
000000000010100110101000101001001011010111100111111101101011001100111000000001110000010001
000000000010101100100000001000111111010110010100101101111010011000101000101100110100101010
000000000011000010000011111100001110001001000111011101000010111110111001001101110100000111
000000000011101000101101100101110111011111110111101101010101110101010001110111100011100101
000000000011101011010010010110001010000000100100011101000110111101111111000001011011000101
000000000000010111111110000010011001010011100100010011011011110101011101000011011110010101
000000000001000110000110010010111010101001111111100011011110010000111011110010010000011001
000000000001100010000001011110010010001011100000000011011110110001010001000110010000100100
000000000011101001000001001101010001100111000110100011011110101000000101010001010110000101
000000000000011010001111000111111111110001010001111011011110110010110100000011100011101011
000000000001000011000010110011101101101101000111011011110111000000111000000111100100001100
000000000010001110001010000101100010011010111000111011101111010011111110000011110010110100
000000010010100110000110110010111001111100100110101011000000110111111111000101110111111110
000000000000001000011100001000011111110100111011100111010111100011011001000100001101011000
000000000000111110101001010110101011111101110101100111001001010011111110011100011011010101
000000000001011011001000100100011000111111001011010111010101000010100101101000001011111001
000000000001101001110111000111110010101010011010110111010000100101101010110011010010101101
000000000001111100011100111011010000010000110111000111111011101101001010111011011100111000
000000000010111101001111100100110100010011001010110111000111001100001111111010101110100001
000000000011000001101010111101001011101010011011000111001011101101100101001110011111000001
000000000011100001011110010101110010111011101001100111001111110001010000010011110110000101
000000000011111110111101100011100110011110010001100111110110110101110010100111011100111011
000000000001010111100101101100000000100011110111011111000100111110110010010100100101110010
000000000010110000101111110011110110100010000111111111000011011011011000000001101001101101
000000000011110110110000011101101011110001110011111111100011111101011101110001100001100000
