0001000000100010100000001011101010
0000010000000001000000010100101011
0000000000000011000000010011010001
0000010001000100100000111001001101
0001010000100110100001001000111011
0000000000100101000010001010011101
0000000000100001000010010101101001
0000000010100101000010010011101101
0000000100011010100010011001101010
0011000000100001100010011010011110
0000000000000111100011100011101010
0011001101100000100011000110000010
0000000000000111100011110101110010
0001000001100010100011111001110110
0000000000101010000100101100101010
0000000000100001000100101010101011
0000010000000111000100111000100101
0000000000100001000101101011011000
0000000000100000100101011100011011
0000000000000001100101010110000110
0000000000100100000101110000101101
0000000000000010000110100001111011
0000000000000111100110110110011100
0000000000001011100110110010001001
0000000000000001100111001101000101
0000000100000011100111100111111111
0000000000001011100111011100100010
0000000000001000100111111111110101
0000000001100111100111110101001101
0000000101000100001000011011010011
0000000000100001001000011110000101
0000000000000001101000011111101110
0100000000000101001000110110010011
0000001000001010001001001001100000
0000000000000011101001111001001001
0000000000000110101010110011101111
0000000000100001001011101001011101
0000000000000110001011010011001010
0000000000000010101011111011100110
0000011000100000101100100010011000
0000000000000001001101101001011000
0000000000000100001101010101110001
0001000001100001101101111011110100
0000000000010000001110001000111010
0000100100100000101110010111001001
0000000000000110101111100101111110
0000000000000001101111111001100001
0000000000000111010000010010111100
0000000000000101110000010111101010
0000000000100001110000111101000111
0000000000100000010001001101110011
0000000101001101010001100101111011
0000000001000111010001100011101001
0000010000000000110001110111010101
0100000000000100010001111011001011
0011000000000001110001011111100100
0000000000000110110010011000011101
0000010100100000010010111001011100
0000000000000101010011100000010000
0000000000100100110011100001001110
0010000000101010110011001011011010
0000000000100000110100101011101110
0000000000001011110100011110011011
0000000100000110110100110111000001
0010000001000010010100110000111100
0010000000000001010100110010010010
0000000000000001110101000000011100
0000000000000001010101111110111011
0100000000000011110110001101011011
0000000100000100110110011011110000
0000000000100110110110010010100000
0000000000100100110111010110001001
0000000000000010011000111010000100
0000000000000110011001000010001100
0000000000000000111001000001100010
0000000000000010111001001110110101
0000000000000011011001101011001011
0000000100001100011010000101010010
0000000100000111011010011010111101
0000000001100010011010110110101001
0000000001000000011011001110110000
0000000000100010011011101010011100
0001000000100011011011001100000110
0000000000100000011011111111000100
0000000000000110011011110100111110
0000000000100000111100001111010000
0000011000000100111100100001010001
0000000000000001111100100111100100
0000000000100101011100110011111000
0000001100000100011101001001011001
0000000001100110011101001001001001
0100000000000011111101101110001001
0000000000000011011101011001110111
0000000000000010111101011110100000
0000000000000001111101110101110000
0000000000100000111110001110101111
0000000000000111111111100111000011
0001000000100101011111100000111111
0011000000100010011111100110001010
0001000000000001111111010110110011
