000000000010000000000011010011110000011101010101100101100110001011
000000000101000000000101100001010011010111010111010110010100010111
000000100101011000001110110110110111010010000100100110110101001010
000110000010001000010000110100000000101111111010101010000110001101
000110000000000000010000111100110011111000100010110011010000000110
001110000000000000010110001100100110100100101100000011101001010101
001010000010000000011001101101000100110001001011001100111011100010
000000000001000000011010010001010110011000111010000101010100010010
001100010001001000011100110111000100110000000100000011001010110110
000100001010000000011111011111010100111101100010001110100100101101
000100000000010000100000100000010001011111110000000011100111101100
001100000000000000100011010001110010010111001011101110110010011110
000000000001000000100011100110011100010101000001001010010110111011
000100000000000000100101010010111001010100110110100101101001011111
000100001001000000101000011110010010101100010110010101010101010010
000100010000010000101011001110111001100110000111010000011000010001
000100010000011000101011011000110101010000000101110001011011010011
000000000110010000101101111111100101010010101111110011010011110111
000100000000010000101110010011100101100111101000001111000001010100
000100001000001000110000011100111010001101100011111000110010000011
000000000010000000110000011111110101010101001111010000010000001010
000000000010000000110011100001011101111110111101001111000111111101
000100011100000000110011111110111010101101100100110001101100111000
000100000000000000110101100100111111011001010110100001011110001000
001100000100001000111100110010110110000000001110000100011001100110
000000000000000000111101000110110101001101001001001111111100010010
000100000000001000111101001000010100101101111001111000011001011100
000000000010000000111110101011011011010100011000001011111111110011
000000000010000001000001001111011110000100111000101010000011001011
000110000100000001000010011000110011100111011001010110100010000100
000110001000000001000011001000010000010100011110111000110110011001
000000000010000001000110010001001011000111001000010111010110111000
000000000010010001001100001011111110000111011100011000100100011010
001000001000011001001111001001011111100100011011110010001010101101
000000010100000001010010101010010101001110110101101110010111101010
000000000100001001010110100100000100110101011100000111111010100110
000000000000000001011001110000111011101110110011111011100100110101
000010000100010001011011011110011111011000101000100100101110000111
000000000000000001011011111011111001010010111111100110101001110000
000010000000001001011111111111001010000101111101110010100011010001
000000000000000001100000001010110111110010110100111111101000011111
000000001100011001101010110001110010110000001101010000101101001101
000000000000001001101011010000011001010010111000111101010101010111
000000001000000001110100011111001001111111001101010010101010000000
000000000000000001110101010101010111011101010100111011110110101011
000000010000000001110111000001110000000111101001011110100110100000
000000000000000001111001011001001000010000111011110001010111010101
000000000001000001111001011010000000001111111110111101100111000010
000000000001001001111010001100110111111111111110111010101101011100
000000000000000001111010011111110111110010111001110101101101011100
000000000100000001111110101101010010001110101111001000001111011000
000000001100010001111111111011011101101011101101101010110100001110
000000011000011010000001011000110011010001010100100000110001111101
000000001000000010000001100111101001100011110011011010110011011001
000000000000001010001001101110110100101111111010011101011100010101
000000000000001010001010111010110011111001111110001000110110111001
000000000100010010010010110110010001011001010000011101110000000010
001100000000010010010011111100110111110010100111100011111111001111
000010001100000010011101010011010111000011011011011111011111010011
000010000000001010100010100111101111101000010101111010100010011111
000000000000000010100011101000110000100010110000011110011101101011
000010000010000010100011101011001010001001010010110100011101101101
000000000100000010100110100010000100111111010101001101010000100001
000010000000000010101001011011101100110111001001010011010011111000
000010000000000010101001011011000110011111011001100000101100111110
000010000000000010101001110101101100001111001110000101000111111111
000000000000000010101011101010001001010110101001001011101111010000
000000001010000010101011111100110010101100011110110101110001111011
000000010100010010101111110111111011011100000010100101100000110100
001000011010001010110000101110011011001001110000111101001111010010
000000001010000010110101001110110111010111101111101111101100100001
001000000000010010110101111111110110011101011010100111000100001111
000010010000001010111000000101011100101001110010101100111111001101
000010001000000010111011101111101111111110011101010001110011101000
000010000000001010111101100010111111100000001000111000101010100100
001010001101000010111110101011000010111111100011010110001011001010
001000000000000011000010000001101011001000110011000011111111011011
000100001011001011000100000011110101110001110011101110100101010001
000100001001000011000101000011001011011100011100010011000010000000
000100000000000011001000010011011110001100011011110100111101010000
000000000001010011001011111011101001001111100011010011110100010001
000100000000000011001100011100011011000100101011101111000111111011
000100001001000011001100110111000100001100011101101111001011101000
000100001100001011001110100101100100000011110111000011011001011011
000010001000000011010100111100000100000111100110010101101100100001
000000010001000011010110000101111000011100000101111111100011101110
000000000010010011010110100011110000001001101101101101001101101010
000100000000000011010111110101111000000010110100100010001000010100
001010001100000011011000011110110101001010001000100001010110111100
000000000010000011011001001111001110110010001001111110001100001000
000000000001001011011110110000100110101000101100110011001001111101
001100001101010011100011111111110011111101110101100001011001111001
000000010101010011101101011011101110110000101110110011010000010110
000000001101010011110001101000010111011000010010000001100010110101
001000000010011011110001110100110110100010000000011101011101010100
000000000001010011110110010000011111111010011011111011000011000000
001000000010010011111001000000100111011100011000000101000011100001
000000001010000011111010100001010100111110011110000100010011111100
000000001101000011111011011100010010111011011110010101110110101001
000000000101000011111110100100010000001111010011001010111110000101
