0000000000000010010100110000101000001011010111110001010010
0000011000000100111011110001000000100011100001110011001110
0000001000001000100000101100110010101011110111100010010000
0000000000001100000111101100000100110101111100110110001101
0000001000001111110011001000010000011011001101010010111110
0100001000011110010000010010000100100010110101011000001000
0001000000011111110011010110010000110001000110010101011001
0011000000101101011000111100101000010011010011001011010010
0010000100101110001101000101110110001111010011011000000010
0000001000111110010111100111001010011100010010010000001100
0000000001000000100111111001000000010110010111110010110011
0010001001001011100000101100000000110000110101100100001110
0000011001001111010001110111011000110000011111101101010001
0011001101010001010111111000000100111010101001100111010010
0000000001010001101000111101100000011100110010110000001010
0011001001010010101110000100010110110010001010010011001000
0000000001010101010001110110111100011010111010100110101110
0000001001011101000111010110111110111011100011001101101000
0000000101100000100100011100110100001101010011101000110001
0010001101100010000010000110101100010011010101110100000001
0000000001101001001111100100101010110000101001110110101011
0001000001101100010101011110101110010011000000011011111110
0010001101110000101100001110101000000100110110000010010100
0010000001110011011100100000000000011011100010101011100001
0001001001110100100111111111001100011001100011011101101001
0101001101110110001100101100000000101111100001001101000111
0010000000000110110011111011001011010001010110001011110011
0000001000000111011110100000100001011101111011110110010001
0000000100001100001001000011000101011110000111111101101111
0000000100010000000101110011101101010010111011011010101001
0000001000010100100111011010001111110010001000111011000111
0000001000011010010110100111111001010001101011000100011100
0011000000100101001100001101000101001001000101011110100000
0000001000101110100011001000110001010010110010100011000110
0001000000111100101010100011011001000100110011110110011000
0010000001000000000001101000100101010010110111010010100110
0011010101000010100000010000011001001100001011111011101101
0000001101000010100111000000000111100010000101100100010010
0000000101000010110101010100111101010001011100110110001101
0010001101001010011101101010100101100100110001010110001100
0001000001010011100110110101011001000000000011100101011001
0000000101010111000100000000110001100010011101101110110111
0000000001010111010011000010001101000100101001111100001000
0010000101010111110111110011001011110001111101011001100010
0010000101011011010010000110010011011100111100011010010110
0001000001011100111110011110001011111000001101111100011000
0010000101011101011011001010001001001101011101100100111000
0011011001011111010010010101011111100001000000110110001111
0011001001011111100011100111010001000101100001011000001011
0010000101100000010010010001000001100010000001101111001101
0011000101101101111000101110011101100111011000111010100100
0000001001101111101111100110100011101011010011010100001001
0010001101110001010100111010001111111011111101100011110001
0010000101111001001101001010100001110111011001110100111001
0100001001111011001000100000111111110010010010000011111101
0001000010000110110011110011100100110101111000001101001000
0010001010001010100110001110101110101110000000110000000110
0010001010010010010110000111110110110001111010100101111101
0000001010011100011001001001100110101001010010010010011010
0011001010011100100010010010010000010110011100011001000011
0001000010011111110110011011011010100110011001110100110101
0010011010101000001001011111010110101000011110110001000111
0010001110101111100000001011110110000100010010001101111010
0001000010111000100111111010010100000100010110000100010010
0000000010111100111100010011011000010011010000101111111100
0010001010111111010010011111000100100001101100100000010010
0010001011000110000111010011100100100111101110010111101001
0001001011001100001010001011000010001110110000011110010101
0011000111001100110011001110100000001101000011010111010000
0000101011001110100110100101011100111101011000101011010110
0011101011010010010100001101101000110101010001001101000011
0010000111010111110010111100100010110110000010111001001100
0101000111011111110110101001111110011110010110110011001111
0000000111100101110010000001000000111011101011111010001000
0011000011100110010110100011010110110101001010110111000001
0001000011101010010010010001101000100100001011101000100111
0001001111101010110110001110100100101100111010100100010000
0010000011101110000101110111100010010100100111100001010111
0010000011101110101101110101001100101100010001111000001011
0010000011110111001100111111011110110011101111101111010011
0000001011110111011101100110111010011100110111101101000000
0010001010000011001100011000000101010101111100010001111100
0000000110000101110110000001011111010110110111001011101111
0010000110000111101011100100110101010100110111101110101100
0011000110001100111101101001111011101110111011110000101000
0010001010010111000100010001011011011111001110000111101101
0010000110110000001010111000010111101100001010101011010000
0011000110110100011011000011001111101100010110111000101110
0001001010111000101000111100110001011110001011000111001111
0010000110111001011011011011000011110011110101001000101011
0111000110111101111110110011011101111101011100010010101001
0010001011000000000101110111101111011111011110100001110010
0000000011000110010001101000111011000010001000000001010001
0011000111001001001100001010010101101011001010000110101111
0000000111001110111001000010111011110000100101011011001011
0010000111011011110111110100001111101101101101110001011010
0010001011011101010001010001010111010100000011001100010001
0011001111110011101000011010110011010011111100100001110001
0010000111111000000100100011111111010001101101011001001011
0000000011111100010100101000101101111101111011011010100001
