00000000000100000000100100110000110000010110000000000010
10000010000111000100000000011000001001001011010010000011
10000100000101000111100001101010000000000101000000000001
00000000000100000000000010000010000001000001001000100100
00110010010010000010000100001000000001000001100011100000
00000000100000000000000000000000000000000110000000000000
10000000101011000100000100001011100001100100011000001000
00000000000100001110000110010000010000001010000110000000
00001010001011001000000100000011000000000001101011000000
00100000110001001100100000010010000001000010100100110100
00001110011100000111100110111000000100000000000100000100
10011110001111000111000001000010010101000000011110000110
00000000000000001000000010110001000100010110100000000000
00000010001000001000100000100000100100000011000011111000
10100000100000001000000100000011001100011010111001000000
00000100010000000010000000000100001000000100000100000101
00110000000000000000000000000100001000101100011000010001
00000000101001000001100111110101100000110001011000000100
00000010010000001000001001010110001000101000001000001010
00000000100010000000000000000100000100000010000010000010
00100000110000001001000000010100110100010000001101000100
00010000011010100110001010010101000100100000110110001000
00010100000000101000001000110100000100000011011001101010
00010100010000001000000000000010000011000010000000011001
10000100010101001010101111000000001010010100100001000010
00001100001100000011000000000100000110100111011100011110
10100000010001000000000100001100000111010011010001000000
10000101100000101000000000000001001010101000010101000010
00100011100110000010000000101000000111000100000100000010
10010001001001000000000010111110011010000000000101001111
10010001000001000000000000000100000110010000101110001111
01000010000010100001100000100011110001100000100000101001
11100010000000000001000000000001000001100000011100010100
11110000000101000000000000000010110001110001111100111011
01110100111000000100000010010000100001000000000010001000
01101100100101001001100010101000001000000110011101000101
01010010000010000001000001000100001001001010100101111101
11010010010011000011000001010100010001001001100010101000
01000000101000000011100000100100001000000000000000000000
01101000001010000111001011001100000001001111110000110000
11000000101000000100000000000100010011110001011000101000
11000011010001000000100000010000011000001100001101010000
11010101100000000010100011100001100001100001010001001100
11000011000010001100000100010000000000100010000001000001
01001001100100101010100011100001001001101000000010100001
01001101100110100011000011010101011100000000000000000001
11100001000001000000000001000010100011010001111000110001
01000011000000001000001000000000000010000001100100110000
11101101000100100001100000110110110011001001000110110110
01110111000011100011000101110100001010000111100001110110
10001010011000000000110000001000001000000100000010000011
00000000000100100000010001001001000000101000010101000000
00000000000000000010010000001011001001101010000000000000
10010000000010000000110001000000010000001000001100101111
00100100100011000110010101010001010000010001000010001010
00000000010000000000011000000000000000000000000011000000
10010000000100101000011000001000000100000011011001100000
00111000100000000001010001100100010011010000101010001110
00001000011100001110011101000110010011100011000110001010
00000001000000100011110001100000001000100100010000000000
10000001000000100000010000001100000100000000000010000011
11001000101000000110010011000001101000000000000010000110
01100100100011001011011100101010110001000100111100111010
01101010000011001010111110000000000101000010101000100100
11101101000100000001010000000000000000010011101001100000
01100001101000100100110010110000000000100110000100000000
01001001000010000110011000001010000101000111001110000100
11100001010001100000110000010111011010011000010000001000
11000001000000100000011000000100000010000100100000100000
11000001110001001000011000101110000111100100100010001000
00101010000000010000000000000000000000001000001001000100
10110100010000010001000010001000100001010100100010010011
00000000010101011000000000000011000000100000010110000010
00110000011011111111000011100000101000001000000100011100
00101110111110011110000110000011000000010100010001010000
10000000010010011100001101010000001000000100001000000000
00011100100101010000001000110010101101000110110110111110
00001000001010110111000001000000100010000000100000000000
10001000000001110010000000000100011010100011111101001110
10010000001001010000101010100100010011010000001000000110
10011000001100010010001010001110000010000011001011000100
00000010000101011010001100000100010010010000011000000000
00100100010010111000001100000101101010100000000100000011
01100110100010011001001001000101000000100000110010011000
01101100100110110011101010011001000010010101100110100010
11000001100000010000100110101011010000000111000100110111
11111111100001110000100000010000000000010010000010011010
01010101100110110010001010101111000111100111000011101111
10010100010110010001011001001000010000100000010000010000
00100000100010110101011011000011010000001010010000011001
00000110100010110011110000101010000100101000010000010000
00010000100000010000010000000100010000100000010000011100
11110000110000010000110000000000110000110001000001100000
01000000001001110000011000000000010000111110011100011100
01010100000000110000011000010000000001010001111001101001
11110000100001010100011001000000001000001000010000011010
01001110001011111101011100100110001001010010101000100000
01100000100000010001010000000100000010010100111000011000
01010011000000010000010100001000001000000001000000010000
01001101110110111000010000010000000001100010001100000110
