00000000000000000000000000000000000000000000000000000000
00000000000000000000000000000000000000000000000110000000
00000000000000000000000000000000000001000000000100010111
00000000000000000000000000000000000001000000000110010011
00000000000000000000000000000000010000001000000000000000
00000000000000000000000000000000000000000000000010111110
00000000000000000000000000000001100000000001100000000000
00000000000000000000000000000000000000000000110001110000
00000000000000000000000001100000011000000000000000011110
00000000000000000000000000000000000010000000100000000000
00000000000000000000000000000000100000010011010000001000
00000000000000000000000000000000000000000010001101000110
00000000000000000000000000000000000000000110000101000000
00000000000000000000000010000001100000000110000001000000
00000000000000000000000011000100111000110000010000000000
00000000000000000000000111000100000010100000010000000000
00000000000000000000100011110000001000011100001100000000
00000000000000000000001100000000000000000000000000000000
00000000000000000000000000001000011101100010110000011110
00000000000000000000000111111001010100001000000000000000
00000000000000000000001000001100000100000100000010000000
00000000000000000110000000010000001000000010010010101001
00000000000000001000000000000000000000000000000000000000
00000000000000001111000000000000000011000000100000010000
00000000000000000000010100000000000000000000000000000000
00000000000000000000010000001101000000000000000000000000
00000000000000011000010000001000000000000010001001001110
00000000000000110000010000001101110110011000000100000011
00000000000001100010100000001000010000011000001000000010
00000000000011000001000000000000000000010100001000000000
00000000000100000000000000000000000000000000000000000000
00000000000100000010000011100010000001000011000000000000
00000000000100100001111101011100000100001000000000001000
00000000000110000100001110000000000000000000000000000000
00000000001000000100010010000101000100000000000000000000
00000000010000111000010111101010000001000100001000000000
00000000011000000000000000000000001000000100010110001000
00000000011000000000000000000101000011001000010000001111
00000000110000011000000000110000000000000000001010001100
00000010000000000000100100110010110010000000000001100000
00000100000100000000100110100000000000000010000001000000
00000110000001000100000001100000110000000000000000000000
00000110000001110001000000110000000000000000000000000000
00001000000010000000110100101010000000001001011010111011
00001010000000000000000000100000001000000000000000000000
00001010000101000000100000000000111000011100000010000000
00001010010100100000111101101000111100000100010000000000
00010000000100000010100010000010000100000000100000001000
00010000001100000010000110000010000010000000000000000000
00010000011000001000000000000000000000000100000000000000
00010000100000000000000000000000000000000000000000000000
00010010000011000011000010000000000000000000000000000000
00010100000000000000000000000000000000000000100000010000
00011000000000000000000000000000000000000000000000000000
00011000000000000000000000000000000000000010000001000000
00011000000100000000000010000001111011101100000000000000
00011000001000000100000000000000000000000000000000000000
00011000001100000000000000010000001000000000000000000000
00011100111100000011000000000000000000000000011110000011
00011110011001111101001111110001011000111100001110000000
00100000010000000001100000000000000000000000000000000000
00101000000000100000010000000000000000000000100000001011
00101100010000110000100000010000000000000000000000000000
00110000000000000100000010000000100011000000000000000100
00110000000000001000000100001110111000111000001110000010
00110000000000100010000010011110001001000000000000000110
00110000100100000000000001010000010000000000000000000000
00110000111000000001100000010000000110001101000111000000
00110010000001000000000011000000000000011000000000000000
00110100000000100100011000000000010010000010000000000000
00110100001000000000000000110000000000000000000000000000
00111000000000001000000100000000001100001111001110000100
00111000000100111000011001000000100000011000000000000000
00111010001100000001000001110000011000111000000110000010
00111100000010000100000100100011110010000000000000011100
01000000100000001011110110011100010001111100001101110111
01000010100011000000000000000000000000000010100001110000
01001000000100100110000000000010000001100001110110000011
01001110100000001100000011110001110000110000000111100100
01010110010000011000001100001000000011000011110010000011
01011100000000000000000000001111100010000001000000001000
01100000110010000000000000000100000000100000011000010000
01100010110000000100000000000000011000000000000000000000
01101100000000000000000000000000011100001110000010000000
00000001000110010011000000100000011000000100000110000011
01000001110000100000011000000000000001100010000000010000
01100001100000000000000000000000010000001000000010000100
10110000001000000000000110000001110000000001000000100000
11000000011000000000000000000000000000001100000000000000
11010000000000000010000010010000101000010100000000000000
10000001000000000000000000000000000001000000110000111000
10000001000000000001000000000000000000000000000110000101
10000001000000000000000000001010000000000000000000001010
10000001000000100000100000010110000000000001111010001011
10010101100000110000000000010000001000000000000000000000
10100001000000000000001000010000001000100000000000010000
11000001000100010000000000000000000000000000000000000000
11100101001011100000000000100000000000111000011001100000
11101011010000110010000000010000000000000000000000000000
11111011100100011100000011000001100000110000000000000011
