00000000000100000000000000000000000000000000000100000000
00000000000010000000000000000000100000100000000000000000
00000110001111000011100001100000111000010000000000000100
00001110001011000000100000000000010000010000001100000101
00000000000000000000000000000001000001000000000000000000
00000010000000000000000000100001000001110000001000000000
00000010000000000000100000010000010000000000000000000000
00000110000011000011100011110001111000110100000000000000
00000000000000000001000001000000000000100000010000000001
10000000000000000001000001000000000000010000011000001000
00011100000100000011000001110000000000000000000000000000
00000000010000000111000111000001110001111000000000000000
00000100000110100011000001100000110000110000011100011100
10000000000011000001100001100011101001111000011110011110
00001000000000000000000000011001111000111110010101001100
00000000000010100000000000110000000000000001000000000000
00001100000100000000000000011000001100001110000110000110
10000000000101000000100000001000001100001110000111000011
10001110000101000001100100111000111100001110001111001111
00011010001000000100000100000010010001010000101101001101
00000110000011000000100000010000000100000110100010000011
00001100000110000110010011000001101000100100010010000000
00011100001100000110110011101001110001111100111110011110
10011110000111000000010000000000000100000011001111101111
00000000000000000000000000000000100011100001000000000000
00011000001000000100000110000011010011011110101100001110
10000010000001000010100000010010000010000001100001000000
00010110001110100101100100110011010010101001001100100110
00010000000110000010000101001011100011110100111000111100
01001010001011000011110001100000010100010010000001100001
00000000000000001000100000010000000000000000000000000000
10000010010011101101100010110000111000001000000101000000
00001000001000001000000110000011000011000110001000000100
01000000000000001100000101001010000001000001000000100000
10011100011100110011011001100000101000000000111100011110
00000110000110000011111010100100110100010010100000100000
00000000000010001001001101111110001110010111000010000000
00010100011100111100011110011111000111000010000010000001
10011000011101001110111111000011111011111001111001111100
10010011000011100001100101110001001000101101010111011111
10001001001101100011100010110000000100000011000001000010
10011111001010100011110010110001111000111010011110001111
10001111001110000010010000101000001100011110001111001111
10000001000010100100110100100000100000000001100001010000
00000001000000110000000000010001110000110000011000011100
00000011000001110000110000111000111100011110001010000001
11000011000011000001100000110100011000001111000011001010
11000111000100110010010010011000001100000110000011100000
11000111000011100011100011110100000010100010000001100001
01000001000001101000000000010000001001001000100100000100
00000001000100001011001111100111111000111100010010010000
00000001010101011000011101011001000000010010001001011000
00100000010100000000000010000010000000011000000101000000
00101110000111110011110000011100001100010111000110000011
00101000001101000000000000000010000001000001100000110000
00100100000011100001110000111000001000001100010100100001
00110110000000000000000000011011001011100101111010111011
01110000011100100000000100010000101000100110011010011001
00100100011110001111000111100011110001111000100100000010
10110110010010101000000000011000001110011110001111001011
00111000010000100000001000000100000000000000110000110000
00100000000000110100011001011001101011101100110100001010
00101110010101001100001100001101000100000100000010000100
10100011000001110000110000111001011000011100000010000001
00100101010100011111000111000001100001100000100000010001
10110011011011001101000100000000010100010011001111110011
10000100100111000011000001100000110000010010011000011101
00000010100010100000100010110011000001000000000000000000
01000110100010010011001011011111111111110111111110111101
10010110111010011111011111001110100110100111010011001001
11000010110010011001111001111100111110011111111110111100
01000011100000000000000010000000000001000100100010000010
11000011100001110000110000010000000000000000010000010001
11000011100111100000100000011000000000000011100001100001
11001111101111010011010011101011100111100011000011110011
10000011100001110000101000010000000000000000010000000000
11010011100001110000111100011000100000111100011010011011
00100000100000010001010001001000100100000110000000000001
01110000110100000110000010000001000001100000110000011000
01101000101100000110000110100001000001001000000000110100
01110000110000100000100000110101111001011001100001110000
11111000111100000111000111000011001011100011111001111000
01110000110001010000001000000000001000100100110000010000
01100110110111000111101111110011110011111001110100110001
00100110100011001001101101110100011000000000001000100100
10110000110000001111001011100001110100110010110000111000
00110000110010011001011100000111000111000001100000111000
01111100110110011111101011000000000000000000000000000110
11111110110111101011101111111011111101111111111111111111
01100000100000011000011100000110000101001001100100110010
01111000110100011111101101111110000110000000000000000000
11101111111111000011100000100101001001001010100110110111
11100001110000110000010000000000000000010000100000110001
01100001100000100010000001000111100011100001110001110010
01100001100000010000000000110010001011010001101001110001
00100001100000110000011000011100001100001110000000000001
11110001110001111000111101111101011100001110001101000101
11101001110000111100111100011111010101111010011101010100
01111001111000111110011110011110000110000111000001000011
11100001110000011010011110000100010010000001110000110000
