00000000000000000000000000000000001000000100000010000010
00000000000000000000000000000000000000000100001110000110
00000000000000000000000000000000000000000000000000001100
00000000000000000000100000010000000000000100001100001110
00000010000010000000000000000000001000000100000000000000
00000000000011000001000000010000000000000100000010000000
00000010000010000000000001100000010000001100001100001000
00000000000011000001100001000000000000001000000110000101
00000010000001000000000000000000000000000000010000001000
00000000000000000000000000000000101000110100010000011000
00000000000000000010000010000001000000100000000000000000
00000000000000000000000000000001000000000000010000110000
00001100001100000001000011000000000000000000000000001000
00000000000000000100000010000000000000000000000000000000
00000000000100000110000010000000001000001100000010000011
00000000000000000000000100000010000000000000000100000100
00000000000000000000000100000010000000100000100110000011
00000000010000000000000000000000000001000000000100000010
00010000010001000000100000000000000000000000000000000000
00010000010000000001000001010000011000000000000000000100
00010010010011000001000001000000100000000000000000000000
00010100010100000010000000000010000000000000001000000100
00001000000100000000000000000100001010001100000000000010
00000000000000000000001000000100000000000000000000000000
00000000000000000000000000000000000000000011100000100000
00001100001010000000000000000000000000000010100001010000
00010000001110000000000010000001000000000010100001010000
00000000011000000100000100000010000010000011000000000000
00010000010000000000000000000000000011000010100001100000
00011100010000000000100000010000000000000011000001010000
00000000000000000100000001000100100000000111110101010011
00010010011000000000100000000110000010000010000001000000
00000100000010000000000000000000000100100010001000000000
00001100000000000000000000010001001100010110001000011000
00000000001000000100000000010000011100001010000100000010
00001000000000000000000111001011000100000001101000000100
00000000001000000100001000001100000000000010000000000011
00100010000010000001001000000000000000001000001110001110
00100000010000000000000000000000000000000000000100001000
00110000000000001000100100100000100000010000000100000001
00100000010001001000101000110000110000011000001101100000
00111010010001000100000100010000000000000010000101000000
00100010000000000000100110000000000100000010000001000011
00101110010100001000001000001000001011000101000000000011
00100010000011000000001000111011010110010011000100111110
00000000110000001000001000000100000100000010000011000001
00100000100000000000000000010000011000001100000110000100
00100000100000000001001000000110010011000001000000000000
00000100000000000000010101000000000000000000100010100001
00000000000000000010010001001000000000100000000010010111
00000000000000000000011000001011000000010101001101110100
00100110010101001000011000001000000100000010000010000001
00000100000010010000001100000000110000101000000110100110
00010110010000010000001000000000000000001100000010000010
00001000001100010100000000001000000000100000111000101000
00000000100101010010100110000010000001010011100000100100
00000000100001010100101100001100000100000000000000000000
00000000000000010000010000000010000010001011000100000110
00001000000001010100110000011100001110101100010000000000
00000000000000010000011000101100000110000001000000000100
00000000011010100001000101000010100010000001000000100000
00000000000000100000110000010010010011001001100110100011
00010000000000100100010010001001001100000100000001111011
00100000000001110000110000010000101000110000111100011100
00100000100100110010010000001100000000000001000111100011
01000000000000000100100100011000001011001000000100000100
01000000000000000010000100001101000101000011000000000000
01011010100000000000100000111000000100000100001010000010
01000000100001000000110000000000000100000000010000001000
01000000100100010010000000011000001000000000000000000000
01011010110010010010010011101010000110000000000000001000
01000000100000100100010100010110001101000010100001010000
01110000100000111010010010000000000100000010000010000001
00001001101000000000011010000001000000000000110000110000
00000001000000100000000000000000000000000000000100000100
00010001000000100100000000010000010000011110001111000110
00101001001001110100111100000000000100010010000100001010
00100101101000110100111010010000000100000100000000000010
01100101100100000000100000000000001000011000000000000000
01000001000000000000011000000000000000000100000010000011
01000011000011000000010001001000000000000000000000000000
01100111100000000000010000000000100100010000001100001100
01110001100000011001101001000001101000011100001000001100
01000001100001100100111000010100000110000010110010010000
01100001100000100000010000000000000000000000000000000000
01000011000000110000001010100000110100000010000001010000
01101001101000110000100000000000100000101110010110111110
10110000011001000001001100001000000000000000000100000001
11010000001000000000000100000010000001000001000000000000
11000100000100000000000100001010000100000000000000000000
11000000000001100000110000000000000000000010000001011000
10000001000001000000100000000010010001000000100000100100
10100001010000000000010000001000000000001000001110110000
10100001010000101000100000010000000000000000001000001000
10000011000001100000010000000000000000000000010100010100
10010001001001100000010000111000001100000010000001000000
10000011110111110000011100000100000000000000000100000100
11100111000010000001000001000001000000000000000000000000
11000001100000000000000000000000000010000101001000001001
11110001101100100000000000000000000000000000101110110010
