00000000000000000000000000100000011000001100000110000111
00000000000010000000000000000000001000001100010110011111
00000100000001000000000000010000000000010000011000001100
00000010000101000010000000000000000000000000000000000000
00000000000000000000000000010001001000101100001110001101
00001110000110000011000010110000001000001100000110000010
00001000001001000111100011110000011000101100010110001011
00011100000100000010000010100000010000010000000000001000
00010010001111000000100001110000111000001100000010000011
00011100001110000100000000100001101000101100010010000011
00001110011111000111100001110000110000110000011000010000
00000000000000000000000000000000000000000001000000100000
00000000000000000000000000000000000000000001000010100010
00000000000000000010000001000000010000001101000010100011
00001100000100000000000000000000000000000010010101010110
00011110001111000011000001000000110000101011000100100010
00000000001000001100000000000000000000000000000000000001
00000000010000001000000000000000000000000000000000000000
00001110001111000111001110000001011001111100011110011111
00000000000000000000000010010100111000111111001100101110
00000100000000000000001000010100001000000101000111000110
00000110000011000001101000100100000000000010100011100000
00011110011100001100001110000111000011100101111001111010
00000010000001000100000100000100000100000001100010000001
00000000000000000000001000000110100110100001000100000010
00000000000000000000001110000111000111100001010000011000
00000000001110000001101111000111100111110010111001111000
00001110010011001010100000011000000100000000000000000000
00101000011100000100000100000010100010000000010010001010
00100000000000000000000000000100000000100001010001011000
00000000101001001101100110100111110011111011000101100100
00100000100000000000000000000000000000000000000000000000
00000010000011010001101000100000011000011100011110011111
00011110001111010111101111100011111011111101101110110110
00000000010000010000001000100100001110001111000111100101
00101010011000011000001100000111100011100001111000101000
00001000101111011000100110011111010111100111111001111100
00100000101000010100001000000000000000000000000000001001
00000100000000010000010000100010010110000100110010000000
00000010010011010011111000111000001000001101000111000110
00110010010001010000010000000000000000000000010000011000
00111110011110010111011011111001101010000001110001110000
01001000101000000001100000110100011000001100000101000010
01111110111111000111100111110000111010011101111110011101
01111110101111000111101111110100111010110111001111110111
01000000100000010000101000000100001000000110000010000011
01000101000010000000000000000000001000000100000000000000
01000001000001000000100000000000011000001110000000100000
01001001100100000000000000000000001110000111100101100010
01100000110000111100011100000100000110000010000000001000
00110111010011100000100000101000000100000010000001010000
01111001010000100000010000001100000110000110000010100000
01010001100000101000011100001100000110000011100001100000
01000001100000110000011001001100000000100100010010010001
01010001100000111000111100101100000110000011000001100000
01100111110111111110111100100111110010101000010011011001
01100001100000110000010000011000001000000100000100000000
01110001110000111000010000001001000101000010000001000000
10000000000000000000000000000100000010000000000000000001
10000000000000000000000000001000000001000100000000000000
10011000000000010100000010001101000100100100011000011000
11110000101000010001000001001000000010000001000001100000
11000110110110011010011000011100011100101011011100101101
11110000111000011100111100101110000100000011000001000000
10000101000111000001100010100010100001010000111100011110
11000001000000000000000010010001001010000101011010000001
11001101100000000001100000110000011000011101011010110001
11111001110100001111101101111111011111011101000111010011
11000001000001001000011000001010001011100110001010010110
11100001100101010010001000000000011000010000001110010111
11110001110000011000001100000010000100000000000001000000
11111111111111011111011110001110001111000011100111101011
10011110001010100111011111011111110111000001110010111010
10010000001011111111110011111101010100110010011110011111
11000110000010101101011011001000010000000000011100011101
11100000110001110000100100000010000011000011100101100111
11100010100011110011111111101110111110110011111001101000
10000101000010100001000000000010010000000100001110001111
10001001001100100110001111100001100011110000110001111100
10001101001100100110010010000001000001100110100011011001
10000001000000100100010110001011000000010000101000010000
10000001100000110000000011000001000001000000010000000000
10011111101101111111101111110010111011111001011110011111
10110001110000111000010000001110000110000011100001100000
10100001110000111000011100001101000101000011000001100000
11000001000001100100100000010001001011100111001111000011
11100011000011100011100001111000001000010100001110001101
11100001100000101000001000000000000000000000000000000000
11111001010101101001011101001010000100100010000000001000
11000001110000101001010101011010000000000100000010010010
11100011110011111001001100000000000010000000100001000000
11111101111100111100001100101111110111100100100001110001
11111111011111111111111011110111111011111110111011111001
11100111100101110000010000010000101000010000000000000000
11111111111000111111110111011011100001111000101101111101
11111001101100111110111000011100000010000000001000000000
11111011111110110100010011001100001100000110001000000100
11100001110000111010111100101101000100000010000000000000
11111001111100111110011111001111000111000011100100110111
11110111110001111000111000111100001110000111000001000100
