00000000000001000001000000100000011000000000000000000001
00000000000010000001000001100000001000001000000000000000
00000000000000000000000000000000000000100000010000000000
00000100000010000000000001000000001000001100011110001111
00000100000100000000000000000000000000000000000000000000
00000000000000000010000010000000111000111100000100001111
00000110000100000001000000100000000000000000111010011010
00001110000111000001100000110001011000011000001100011111
00000000000000000010000110000010000000000000000100100000
00000000001001000101100000010001001000101100010110000011
00010010000001000000000000000000000000000000000000100000
00000000000000001001000101000000000000001000001100000100
00000000000000001000001000000000000000000000000000000000
00010100000000000101000100010100011100001000010100010011
00011000001100001010001011000110101110000100000001000010
00001110000011000111100011110000110001011011101101001100
00000010010001001010101100110000001000000110001110011111
00001110000111000001100001110000011100111110011100011110
00001000010001000001000001100100011110011110110010111001
00000100000011000000100000001100000010000000000000000010
00001000001000000000000000011000001100000100000010000011
00000110010011000001000011111001001101101100010110011111
00100000100010000000000000010100000000000010000000010001
00111110110111000001100011111011011001111100001010001111
00001110000001000010110000111000011000111100011110001111
00111110011111001011111111111011111011110101111101111100
00000010000011011111101110100111011011100000110000111000
00011010111101010111110011111001111101111111111111111011
00110100110000011000011000001110000010000000000100100010
00111110111011011110011110101111010111100111010001100000
01100100100001010001001000100001000001000100100000000001
00001001000000000010000010100000010000000000001010101101
01000111100111010010101101110010111011111000011100101110
00000000010000101001001000011000000010010000001100011100
00110100011110101101000100111110011110111011111000110100
00000000100000100000000001000000000000000010000100000100
00110100110000101000000000011000111110001011000101001000
00000000000000100000010000000000000000000000110000011000
00000010000010100000010110111111011110101000110111010110
00000110000111100111010111101100110101100010100010000011
00111110011000111100011110010111111111010111110011101001
00010000110000110001011000000100001010001100001010001011
00011100101100110110010110011011001001100100100000110000
01011110101110111111010111101001110101111100111111111111
01111110111110111110011111111111111011111111011111101001
00000001000000100000000000000001000001000000000000000000
00001111001111100111100011111111111011111101011011011111
00101111110101111101101010110000011000111000111100001111
01100101100100100000000001001001100101000000001110000101
01001101001010110111010011000001000001100000110010011000
01111111111101111110110111111011101111101001111111111011
01101111111111111111011111101011011101111110111110011111
01101111101110110011111011111111111111100111010111011111
01100111111110110011111111101111110111111111111111011110
01111001110111111111011110011111010111000111100011010011
10000000000000000000100000100001010000001000011100000010
10111000011101000000000000010000001000000100000000000001
10000001010100001011000110000010101000001000100000110000
10000101000000001100100100010100101010110100010000000000
10001101000100000000000000011001000001000010100001000000
10000001100000010101000011000001100000000000000000100001
10010011000111010111110111111001001111101111111111110111
11000011100011000001100100110011001001101000110010100011
11110001111000001100000100000010001000001000000000000000
11110001110000001000001100001111001111001011000001110000
11010001111000011000000000000111000010101011010101001100
11111111111111011111101111110111111111111111111011111001
11101011110000011001001000001100010100001110000111100111
11101101111101011110101101011110011110001011001100101101
11111111111100011110011100010111100111110001111010111010
11111111101111010111110111111111111111111111011011111111
10010110010111101011101011110101111101111011111101111101
10011111011111110111111110111010011111101110100011100011
11000101001010100101100011110001010001010000000000000000
11000001000000100000000000001000000100000010000100010100
11010001100001100000001000000100000100000010000001000011
11111101111110101111001111011110111111000011110001110011
11010101101100100110111101101110100001110001110001110000
11000001010000110000001000000000001100001011000001000001
11000101100000110010000010001100000110000011100000110000
11000011000010110000010000001100000110000000000000000000
11111101011110111110010010000000001000000100000110010111
11001111101100110000011000000111000010010001001001001000
11011001101000111000011000001100001010000100000010000011
11001101110000111000011000001100001101001000101101011110
11011011111110110111010111111111111111111111111101101100
11100011110000111100011100010000001001000000101000001000
11110001111001111000111101100111010111110110110110110010
11111101100100111100011000001000000010010001001000000000
11111101111110111010111001001110000011000101000010100001
11101001100111110001010000001000011100011100001110000010
11100001111010111111011101011100101100010000100100100110
11110011111110111100011100101111010111100000110001010000
11111111101110110111011110111110011111101111110001111000
11110001110000110000010000001100000101000010100001110001
11111001111000110101110101001111000111000011100011110001
11111111111111111010111110011111000111010111101001100010
11111111111111111111111110111111010111010011001101000100
11111101111111111111011110111111111111111111011101101100
11111111111111111111111101111111110111111111111011111101
