00000000000000000001100000110000011000001100000000000000
00000000000000000000000000000000000000000100010000001001
00000000000000000000000000100000000000000100000010010000
00000100000010000001000001000000100000100000000000000000
00000100000100000000000000000000000000000000000000000000
00000100000100000010000011000000100000000000000000000000
00000000000000000000000000000001000000100000000000000000
00000000000000000000000000000000000001000000100000000000
00000110000011000001000000000000100000100000011000101001
00000110000101000001100000110000111001011101101100001110
00001010000011000001000000000000000000000100000010000001
00001000000100000000000000000000000000000000000000000000
00001100000110000011100011100001101000100100010000011011
00001010000010000001000000010000000001101100110001011000
00000110000011000001100000110011111001111100001100010100
00000100000000000010000000000010100001100000010000100000
00001000001000000001000100000000000000000000001000001110
00001110001111000111100011110001111001111100111110111110
00001110001100000110100011010011000011001001100110100111
00000100000100000011100011110011101011001011001001001001
00000010000001000100100010010001001000100110111001011001
00011010001100000010000010000000000000000000000000000001
00000100010110000111100110110010110001010100000010000111
00011100000110000001101011110001011010111000111110111111
00010010000100000010000011010100100000011000010000000000
00010000011000000000001000010110001000000010000010100001
00000010000010000000000000011000001000001000000000000000
00000000000000000000000000001000000100000100000010000000
00000000000000000000000000001000000100000010000010001010
00000000001000000000001000001000000000011100001110001011
00001000000110000001000001111110111100011101001110000111
00011100001100000011000011101110110111010011111001110100
00100000000000000000100000000010000001000001100001100000
00100000000000001000000110010000111001111100010110010111
00111000000100001100000010000100100010100001111001111100
00100000100000000000000000001000000100000000100000010000
00000000000000010000000001010001001001100100100010000000
00000010000011010001001111010011111011111111111011111010
00000000000000011000001100000000000000000000000000000000
00000110100111010111100011110001011001001100000100010100
00001110001111010111010010100000100000000001000110010100
00001110000111011011011101101000110000011000010010011110
00000000000000100000000000010010000010000000001000001000
00011100101110100111100111111011111110111111100111110111
00100000000000100000110000010000011000000000001110100100
00010010110010111000011101001110100111100011111101111110
01111110111111011111111110010111000111100011110001111000
01100010100000010000010000101011110101111101111100111000
00011111000101000111100110110111011011111101111111111110
00000001000000100000000000000000010000001000000110000110
00100011100001100011100001010000001000011100011010011101
00000001000000100000010000001000000000000000000000000000
00010001010101101010110000111000010100010110001010001001
01000001000001000000000000010000000000001100000110000011
01010111010010000011000000110100111100001011100111010011
01000001100000000000000000001000000000000000000000000000
01101101101110000101000010100000000010000010000000100000
01000001000001100110100010110000011000111100001100001111
01110001111100111101001100000110000000000000000001000000
01001101101100111110011100001100000010000001100000010001
10001110000101000000100000110000011000011100111110111110
10100000010100001001000100001010111001011000011100011110
10000110001111000001110000111010001000000001100000100000
10011110001111001011110111111100101110100111010110001111
10000000000011110001100000110000011000011110000111000011
10111110111011111111110111111111111011111111111111111110
10110100110010110010011010011111110101100011110011111011
11000000000000000100000101000000000000100001010011000011
11000000100000001000000100010100001001001000010100001010
11001110000010001011010000101000010000001000010100011101
11000000000000110100011111001111000101000010010001001000
11110010111010111110111111101111011111111011001001111000
10000111000110000000100000100000010000001100001110000011
10011111001010100100001001000110000111000011111111111011
10010001011001111000111000111110001100011100001010000011
11000111001111000011100001010000001000001100001001000111
11011111110111001101101111110111111010111110011110011110
11100001110111001010000000000000000000000100000110000011
11111001111000001001101000110000000000000010000000000000
11110001111000000100001100000100000011000000000000000000
11100001000000010000000000000000000000000100100010000000
11000111110011010001101000110100001000000100110000101000
11100111110110010010001100011110111101010100101110101111
11110011110011011001111101011111100111010001100001010000
11000011000001100010100001100000011000010000000000000001
11001001010001101000000000010001011000101100010110000110
11001111101111101110001111001010000100010011101011111101
11011101111000101111111111110111111011111000010100011010
11100011100101100001110001111000001000001100010000101000
11110001111000101110111101111110001111000111100001100011
11000001000000111100010110001000000110000110100111111011
11111111011101111110111110011111100111100011110001111000
11000111110011111011111001101011100111100011110100111010
11110001110000111000010100000010000000000100000000000000
11111011111101111111111110110111111111110011111011111101
11100001110000111000011000011000000100100010010001100001
11111001111001110100011110011100011111011111111111111111
11111001111000111111111111011111000011100111110010010000
11101001101100111010111000011100000100000010000000000011
11111011111111111111111111111111111111111111111111111110
