00000000000000000000000000000000000000000000000000000000
00000000000000000000000000000001000001110011111001110000
00000000000000000000000100000000000111000010111111000111
00000000000000000010000000000000000000000000000000000001
00000000000000000100000000000000000000000000000001000000
00000000000000000000010000000100000111000000000000001000
00000000000000000010010001001000000100000000100001110001
00000000000001000000100011110000000100000010000000000000
00000000000011000000000010000000000000000000000000000010
00000000000110000000100100010011101100011100000110011001
00000000000000011000000000000000000100000010000000000000
00000000000010010000000000000000000000000000000000000000
00000000000000100011010110000001100000000000000000000000
00000000000000110000011000000000000000001000001000000000
00000000010000000000110000011011111111111110100111000011
00000000011000101000010000001000000111100101100001110011
00000000011000111100000000000000000000000100000010000000
00000001000000000110000001010000001000000000000000000000
00000001000000100000000000000000000000000000000000001001
00000001000000100010000000000110000000010000001111000101
00000010000000000000000000000000000000000100000100000010
00000010000000001101100000111000001000000100000010000111
00000010000101001111110111100011111000000111100001101111
00000010001100001001000011000000000000000000000000011001
00000010111111111110111111011111101111011111111101111100
00000110000001000000100000000110000011100100011000001111
00000110011111010011100001110011100000011100011010000001
00001000001000000100000000100000111000011101111110000000
00001100000000000001100000000000000000000000000001000001
00001100000000000010100000000000000000111100000110001111
00001100000110000011101000110010011000001100000010000011
00010000011000001000000011000000000000010000001000000000
00010010000001000000100000010000000000000010100001000000
00010010000101000010100000000000000000001000000000001110
00010110001011000110000010000000001000000000000000000000
00011000000011000000000010110011000101000111100111110110
00011000000100010010000100000010000000010100000010000000
00011110000000000000000000000000000001000011100001100000
00011110000111000000000011001001000010011100111111110111
00011110001110000111100000110000011000000000001000001001
00011110001111000101100011100000110000010000000000000100
00011110100111111111111001100100000000000000000000000000
00100000000000000000000000000100000000000000000010000001
00100000000000101000010000011000011000000100000111000011
00110000000000000000000000000000000000000000000101110000
00110110000111100111111011000110000000011000100011000001
00111010010011000011110010010100011110001110110111011110
00111110001111000111100000110000000000000000001000000110
00111110001111010111000010001111110110011111101111100111
00111111010111100101100100110001100000111001100001010000
01000001100110100000010010000000000110000001100000110000
01001110000010000000100000110010011000001100000110000111
01001110110000111100010110001111000110110001100111100001
01100001010001111100101111001101100100110011011111001111
01101001100000101000011100001110000101000010010001110110
01101110111111000011000000001000000000000000000000000000
01110101100000111000000000000000000000000000001100110111
01111100111110111000010000001010000110000011000001010000
01111110100111010111000011110000111000010101001010011101
10000000000000000000000000000000000011000001100000100000
10000000000000000000000000000000000000000010000000000000
10000000000000000000000000000000000000000010011001000001
10000000000000000000000010001000010000101100001110001111
10000000000000010000010000000100000000000000000001100000
10000000000000100000000000000000000000000000000000000000
10000000000001110000101110000110000000100011000001000110
10000001000000000000011000001100000000000000001110000111
10000011000001000001110000000000000000000000000001100001
10000110000000000000000001000000000000000000000001100000
10011111000000000000100000010001100000110000100000011100
10011111101111000100100010001100001111000110000011000000
10011111111000110110011010000000000100001010000001110000
10100011000000100001010000010000001000000100000000011000
10110110001001100000000000000001000100000110000000000000
11000000000001000110100000000000000000000000000000000000
11000000000000100000010000001001000110000011100001110000
11000001000000000000000000000000000000000000111001000100
11000001000001000001100100110000011000000111100000110001
11000001111111000000000000000000000000001000000010000100
11000100000001011000001100000101100000100000000010011001
11000101100001000001000000100000000000000000000000000000
11001101100011111111111111110110111001010110000011110001
11001111110110000000000000000000000000011000000000110000
11010001101000001000001000000000000000000000000000000000
11100001010000111000011010001101110111111011111111111111
11100001100000101000010000000000000000010000010000000000
11100001100000110100010000001000000100000010000001000001
11100001110000000000000111000010000001010011011000000000
11100001111000000100000000000000010000001000000000000000
11100001110001101000001110001100000000000000000001100000
11100001111000111110010111010000011000100000001000000100
11100111111101110100000010000000000010000001100000101110
11101101111111111110000010101101100010000001000010000000
11101110000000000000001000000000001000000100000010011011
11110001111011100000011000000000000100000001000001110000
11110001111000111000011110001100000000000010101101111111
11111001000100010000001000001000011100000100000000000000
11111001000000100000000000000000011100000101110011111111
11111111101110100000111110000111100111000011100001100000
11111111111111111111011111101100111110000011101011111000
