000000000001000010010100101000100010101101001110
000000000000110101011000101000100010010011010110
000000000001000101011000101000100010110011010110
000000000000110001011000101000100010001011010110
000000000001010001101100101000100011001011111110
000000000000011011110000101001000001100000100110
000000000001100011100100101001100011110000101111
000000000001101111110100101001000100001000101000
000000000001000101100100101001000010110100001110
000000000000001001100100101001100000111100101110
000000000000010101001000101001000001010011010110
000000000000010101001000101001000001010011010111
000000000001100101000000101001100011110011100110
000000000000011110110100101001100001100111001110
000000000000011111010100101001000001100111101110
000000000000110110111100101001100010010111011110
000000000001110010110100101001100100001111001000
000000000000110011000000101001100010001111100110
000000000000010010110100101001100001001111001110
000000000001011111101000101000101011100111111110
000000000001000111101000101000101010110111111110
000000000000101010101000101010001001111111011110
000000000001111011101100101001001100100000100000
000000000000000110001100101001001000110101100110
000000000001100101100000101001001011110100001110
000000000001010001110000101001001011001100101110
000000000000100001110000101001101001101101001110
000000000000101001110000101001101001111101001110
000000000000010001000000101001001001001011001110
000000000001100011011000101001001011101111111110
000000000001111011111000101000110100100000100000
000000000001110000001100101000110100001001001000
000000000001010111101000101000110011011000000110
000000000000110110011100101000010010010101001110
000000000000100010010000101000110001101101010110
000000000000001010010000101000110000111101010110
000000000000010101100100101000110001010011111110
000000000000001011101000101001110001000001000110
000000000001110011110100101001010100010000111000
000000000001000011001100101001110010110000001110
000000000001000011001100101001110010110000001110
000000000001100011101100101001010011110000101110
000000000000001111111000101001010001001001000110
000000000001011111110000101001010011101000110110
000000000001011111111000101001010011101001000111
000000000000010111111000101001010001011001000110
000000000000100111001000101001110001111000000110
000000000000100111110100101001010001111000111110
000000000000101101111000101001010010000101000110
000000000001001101001000101001110011000100000110
000000000001011101110100101001010011100100111110
000000000000110101111000101001010010010101000110
000000000001010101001000101001110011010100000110
000000000001000101001000101001110010110100000110
000000000001000101110100101001010010110100111110
000000000000110001101100101001010010001100101110
000000000000111001110100101001010010011100111110
000000000000101001011100101001010001111100001111
000000000001101101000100101001110100000011111000
000000000000000101001000101001010000110011100110
000000000001100101001000101001010011110011100110
000000000000010001010100101001010001001011111110
000000000001100001000100101001010011101011011110
000000000001101111001000101001010100000111100000
000000000000010111010100101001010001010111111110
000000000000100110111100101001110001110111101110
000000000001111011000100101001110100011111111000
000000000000101011101000101000111010000000001110
000000000000011011101000101000111001100000001110
000000000000101001101000101000111001111100001110
000000000000000011100000101000111000101111111110
000000000000101011111000101001011010000001001110
000000000000001011011000101001011001000000001110
000000000000011011000100101001111001100000000110
000000000001110011110100101001011100010001000000
000000000001010011011000101001011011010000001111
000000000001100011110000101001011011110000111110
000000000001101111001000101001111100001000001000
000000000000101111011000101001011010001000001110
000000000000001111110000101001011001001000111111
000000000001001111010100101001011011001000000110
000000000001001111110000101001011011001000111110
000000000001001111110100101001011011001001000110
000000000001111111000100101001111100101000000000
000000000001110111110000101001011100011000111000
000000000001101101010100101001011100000100000000
000000000000011101100100101001011001100100100111
000000000001110101110100101001011100010101000000
000000000001110001001100101001111100001100010000
000000000000100001100100101001011001101100100110
000000000001011001110000101001011011011100111110
000000000000101001011000101001011001111100001110
000000000001001101000100101001011011000011100110
000000000001111101000100101001011100100011100000
000000000000111101000000101001011010100011011110
000000000000010100111000101001111001010011101110
000000000001111001001000101001011100011011101001
000000000001111111000000101001111100100111111000
000000000000011111000000101001111001100111111110
000000000000011111010000101001011001100111111110
