0000000001011000010111101001
0000000001011010100111001110
0000000010110010011100110001
0000000100010111111111010011
0000000101100010100110010110
0001011000000000111011100010
0001011010011110001010001011
0001011110001011010011101001
0001011110100100000000001011
0010110000000000010110101100
0010110011000100111010100111
0010110100010101011000110001
0010110100111010110000110001
0010110100111010110000111010
0010110100111011010010111010
0010110101100001110100110001
0010110110100101001111011000
0010110111111100111011111111
0010110111111101100010100111
0011101000000010100110101100
0011101001110110001011111111
0011101010011110110000000000
0011101011000111101001001110
0011101100010111101000000000
0011101101100000000001011000
0011101110001010110001110100
0100111000101100010111100010
0100111000101101001110101100
0100111001011010011101110100
0100111001110101001110000000
0100111010011100101100111010
0100111100010100101101110100
0100111100111000101101000101
0100111101001101001111100010
0100111110001011000101010011
0100111111010011111110001011
0100111111111101011001000101
0101100001110101001110111010
0101100010110001100011100010
0101100100010100111010000000
0101100100010110100111101001
0101100101001110110001011000
0101100101100011101000101100
0101100110100100101101110100
0101100111111110001011111111
0110001000000011000101010011
0110001100010100000001001110
0110001101100010011100110001
0110001111010001001111101001
0111010000000011111111110100
0111010011000100010111000101
0111010110001000101101000101
0111010110100110110001100010
1000101001011001011001110100
1000101010110011111110110001
1000101011101000010111001110
1000101011101011101000100111
1000101100111011111110110001
1000101101001110011101101001
1000101111111100101101000101
1001110010011101100011101001
1001110010110011000101001110
1001110101100001110101000101
1001110110001011111111110100
1001110111010000101100000000
1001110111010001110101011000
1010011010110000010110110001
1010011011000110001010011101
1010011101100001100011000101
1011000001110101011001011000
1011000011101011101001100010
1011000100010100000001001110
1011000101001100010110000000
1100010010011110011100110001
1100010110001010001011001110
1100010110100101011000010110
1100010111010001011000001011
1101001010110011101001111111
1101001110001010011101111111
1101001111010001110100001011
1110100000000000010110100111
1110100000000010001011001110
1110100000101110011100101100
1110100010011111010011110100
1110100011000110100110000000
1110100110001011010010011101
1110100110100111111110010110
1110100111010010100110000000
1110100111111110011100010110
1110100111111110100111110100
1110100111111111000101110100
1111111000000010001010000000
1111111000000011101001000101
1111111000101100101101011000
1111111001110101001110100111
1111111010110001011000111010
1111111100010100111011110100
1111111110100100010111101001
1111111110100111010010000000
1111111111111101011000001011
