0010000000001000100001001100001010010110011111110101001011001001111011111001010111101001100000001001000011001111
0010000010001100000110000110001010010110001011100001001111101011100110000010000111110100110000110100111100001110
0010000010011000000001011100001010010110010111100101001011001010011100110000100001000011100011010110001100111111
0010000010011010000011011100001010010110010111100101001011001010011100111010100011100110111110000010101111001110
0010000010011010100010001100001010010110000011100001001111101000000001100000111011100100111000011111010000110100
0010000010011010100111000110001010010110001011100001001111101011100110001000000100010110111001000110101110101111
0010000010011010100111001100001010010110010111100101001011001001111011110000011011111100111010110100101000010100
0010000100101000000111011100001010010110011111100101001011001010011100011000100011101100000000101000110101111110
0010000110000100000110001100001010010110001011100001001111101000000001001000110011111110110011111000111011111111
0010000110000100100000011100001010010110000011100001001111101011100110000010000011110001111111001101001100100111
0010000110000110000000011100001010010110010111110101001011001010011100110001100111101011100111111001101001100110
0010000110000110000111011100001010010110010111100101001011001010011100111000101011110011000100101110010100111110
0010001000011000000001001100001010010110010111100101001011001010011100111000100011101110111000010111001010000111
0010001000011000000101011100001010010110000011100001001111101000000001100010110111111111101110000101100010100100
0010001000011010000111011100001010010110000011100001001111101000000001100000111101001001011001000011101111011101
0010001000011010100001001100001010010110000011100001001111101000000001000000110011111000111111010001101111010110
0010001100000100100010001100001010010110010111100101001011001010011100011000101100010001100001111110101100001111
0010001100000110000010011100001010010110010111110101001011001001111011111011010011100001100111010010111011001101
0010001110010110100000001100001010010110010111100101001011001001111011111000010100000001111100111000110011100110
0010100000001110100110001100001010010110010111110101001011001001111011110011010100000001100010011011100000001111
0010101000001000100101001100001010010110011111100101001011001001111011111010010111100111111110001100100010001111
0010101000011110100100001100001010010110001011100001001111101000000001000000111111101100111110101100000110001111
0010101010011010000001011100001010010110010111110101001011001001111011111011010100001100100001101011000011000110
0110000000001110000100001100001010010110000011110001001111101000000001000001110110111000110010010000000111010111
0110000100000100100000011100001010010110011111110101001011001001111011111011011011111110100101110110011110111101
0110000110000000000011011100001010010110010111100101001011001010011100011010100111100110010100010110010010101110
0110000110000000100011011100001010010110010111100101001011001001111011011010011011110110110101100001001001011110
0110000110000010000001011100001010010110000011100001001111101000000001100010111111100110001010110110110110000111
0110000110000010000010011100001010010110010111100101001011001001111011110000010100000110110011101000110101011111
0110000110000010000011011100001010010110000011100001001111101000000001000000111000001110011101001111010000101110
0110000110000010000011011100001010010110010111110101001011001001111011011011011011111100101110111011100111101100
0110000110000010000111011100001010010110010111100101001011001010011100011000101011110100110101001100111010011111
0110000110000010100001011100001010010110010111100101001011001010011100011010101011110110010011100000111011010110
0110000110000010100111001100001010010110011111100101001011001010011100111000100000000100100101001110011110110110
0110001000011100000000001100001010010110011111100101001011001010011100111000100000001110111101001110011010001110
0110001000011100000110011100001010010110010111100101001011001001111011111010011110111001101101011101011111010100
0110001000011100100010001100001010010110010111100101001011001001111011111000010110100101101000100011100111001111
0110001000011110000010011100001010010110010111100101001011001001111011011000010111100110110100111110010100010100
0110001000011110000100011100001010010110000011100001001111101011100110100010001100001001010111111111001110010101
0110001000011110100110001100001010010110010111100101001011001010011100110010100111101011111011000011101111100110
0110001010011000000001011100001010010110000011100001001111101011100110100010000001011011110101110101101010000111
0110001010011000100001001100001010010110001011110001001111101011100110100011000111110000111000010011111001001101
0110001010011000100001011100001010010110010111100101001011001010011100111010101000010011110001000110111000001100
0110001010011010100001001100001010010110001011100001001111101011100110001000000101010011100001111011101001110101
0110001010011010100001011100001010010110000011100001001111101000000001100000110011111100010011000011001101110101
0110001010011010100011011100001010010110010111110101001011001001111011111011011111111011100110101110100010001111
0110001100010100000110010110001010010110010111100101001011001001111011111010011111110100100011111100000010010111
0110001100010110000000001100001010010110010111110101001011001001111011011001010010100011101001010001111000101110
1000000000011110100100011100001010010110010111110101001011001010011100110011100001001110111110111100101100110101
1000000100000010100111001100001010010110010111100101001011001001111011110010010010100101001001000001010101010100
1000000110010000100111011100001010010110010111110101001011001010011100110001100000001011101000010010111001011101
1000000110010010100011011100001010010110010111100101001011001001111011110000010111101011110101100100101100011100
1000000110010010100111011100001010010110010111110101001011001001111011111001010011101011110100111111101011001101
1000001000011010100110010110001010010110000011100001001111101011100110101000000111111100110111010100001000010111
1000001010011100000000011100001010010110010111100101001011001010011100111010100111100001101000101010100101010110
1000001010011100000110011100001010010110011111100101001011001001111011011000010100001001100111110000111111010101
1000001010011100100100001100001010010110001011100001001111101000000001001000110101011111111100100000100001010101
1000100000001100000000001100001010010110011111100101001011001001111011111010010101001001010010111000100000111111
1000100000001110000000001100001010010110000011100001001111101000000001100010110100010001100111010010111110111100
1000100000001110100000011100001010010110000011100001001111101000000001000010110111110100110000101001100111111101
1000100000001110100010011100001010010110010111100101001011001010011100011010100011100001010101111000101100100100
1000100000001110100011011100001010010110000011100001001111101000000001100000110001010110101100101100111000100111
1000100000001110100110001100001010010110000011100001001111101011100110000000000011110001000000100110100000000101
1000100000011010100000011100001010010110010111100101001011001010011100111000100000001001101001111010011111110100
1000100010001010000000001100001010010110010111100101001011001001111011111000010000001011111110010111010100000111
1000100010011100000110001100001010010110010111100101001011001010011100110000100000000100101010111001110101011111
1000100010011110100101001100001010010110010111100101001011001001111011111000010000000011110001010000000011011100
1000101000100010100111001100001010010110011111100101001011001001111011111000010000000011101101110111111100001110
1000101100000000000101001100001010010110011111100101001011001010011100010010100001000001001110111111110000100101
1000101100000000000101010110001010010110010111100101001011001010011100111000100001001110110110110110100110000111
1000101100000000100001011100001010010110000011100001001111101011100110100000000101010000110000001000011001110100
1000101100000010000001011100001010010110010111110101001011001001111011110011010001001110011011111010111011101111
1000101100000010100101011100001010010110010111110101001011001010011100111001100100000011010101001010111011001100
1000101110000100000000011100001010010110010111100101001011001010011100111000100101000001000111001111111011101111
1000101110010010000000001100001010010110000011100001001111101000000001000010110011111011111110101001001011000111
1000101110010010000011001100001010010110000011110001001111101011100110100001000100010001101100111111010010111111
1000101110010010000111011100001010010110010111110101001011001010011100011011101000011101110111010100111000000101
1000101110010010100000001100001010010110010111100101001011001010011100011000101000011001101101100111111000110100
1000101110010010100101001100001010010110010111110101001011001010011100111011101110111000101001101100010000101100
1010000000001000000111001100001010010110010111100101001011001001111011011000010100001110000100001110001000110101
1010001000100110100100001100001010010110010111100101001011001001111011110010010001000011001000000100101110000110
1010001010110100100110001100001010010110000011100001001111101011100110101010000100011100000000001110110101001100
1010100000100110100110001100001010010110010111110101001011001010011100111001100011101110011101001001111111011110
1010100010001010100101011100001010010110000011100001001111101000000001100010111111100001110110010010010111101100
1010101010100110000001001100001010010110010111100101001011001010011100111010101100011010110101110011011101100101
1010101100010100000010011100001010010110010111100101001011001001111011011010011111111010100001100100111100011110
1010101100010100000110001100001010010110010111100101001011001001111011111010010011100001000001000100001010000101
1010101100010110000000001100001010010110000011100001001111101000000001000010110001011100110011111111001100111110
1010101100010110000110011100001010010110010111110101001011001010011100110001100001000001100100001111010100001100
1010101110000100000010011100001010010110010111100101001011001001111011011000010100000001111001111100101110001100
1010101110000110000100001100001010010110001011100001001111101000000001001000110011111100110100111001110111101110
1100000000001110000100011100001010010110010111110101001011001010011100011011101000010110110110110100000110011101
1100000010011110000110001100001010010110000011110001001111101000000001100001110010110100101010011000000011110110
1100001110010000100111011100001010010110001011100001001111101011100110001000000100010110110110100010010101101100
1100001110010010000111000110001010010110000011100001001111101000000001000000111111100001100001010011111011000100
1100001110010010000111001100001010010110011111100101001011001001111011111000010000001001111011101100001010011100
1100001110010010000111011100001010010110011111100101001011001010011100011010101001011100110000110111100110100101
1100001110010010100111000110001010010110010111100101001011001001111011111010010100001110111110010101111000011110
1100001110010010100111011100001010010110010111110101001011001010011100111011101011110111110011000101000010110111
1110001100010100000110011100001010010110010111100101001011001010011100110010100011101111111100001101100010111111
