00000001001100100011101001010011010000101000100110010100100011010110
00000010100010011011101001010011000110101001111000111000111100011100
00000011110101011011100001010101100110101100100100110001010000000010
00001000101011111011100001001111001010001110001010111000010111001100
00001010010010000011100001010011000010001111000011101010000111011101
00001011000101000011100001001011000110101101001010110011000010000001
00010010001011111010101011011101100010100011010111110100110111000101
00010010001011111011101001010011011110001010011110001111110100001001
00010101101000000100111010100111010000100011000001101111101010100010
00011010111011100100111010111101100000001011100111111010110011101000
00011101000011111100111010100111011110100011010110010111011100000110
00100001001001000011101001010011000010101001011110010110001101001010
00100001010010100011100001001011000000101001001000001011000010000010
00100001010010100101110000110101100110001110001011001001010011011101
00100010111100011011101001010011010110001011010111011101001111001000
00100011110000111011101001010001001100101000100111101000010110000010
00101001100010111011101001010011000100100011100111011001000101011100
00101010010111100011100001010011000010100010111001101111010101100001
00101100100011011011100001010101100010000001111000010101000100111101
00110010010101111011100001010101100100100110111011000010010001011111
00110110011000111011100001001011001010100111000010100001000101011111
01001001110101010011100001010011000110101000010110111011100010100100
01001011001100101011100001001011000110001111100101000110101110110000
01001110001101001011100001010101100000101101111010010011110100100110
01010000100000001011100001010011000100001111110011010101000111100001
01010101111010001100111010011101100010000101001010001110001110010101
01010110001111010011100001001011001100100111110010010000010110000001
01010110010100110011100001110101100110001111100101000010011000111011
01011101010001110100111010100111010000001110111011101011110100100101
01100000001100001011100001001011001010001110001010110111011111011010
01100000001100001011101001010011001000001110011100111101101101111100
01100001000000101011101001010011010100000001001000100110010010101111
01100011100010110011100001010101100010100110001011111110101101101111
01100011111001010011101001010011001110001111000010011010011000111000
01100011111001010100111010111101101100101000100111101111101010100010
01101000111100010011101001010011000100001011000001011100100001000111
01101001110000110011100001001011001010101001111001001110011001011010
01101010000101101011100001010011001100100011000000010111111101101110
01101010000101101011101001010011000000100010101111111011101011000000
01110111000110010100111010100111011100000100110011110110000100101110
01110111000110010100111010111101100010101001011110011000110110100100
01111100000011010011100001010101100010001010011111101101100110001010
01111101010100010100111010011101101010001111100100111001001100111000
01111110100001001011100001010011000000101100010100010000001011110110
10000010101011101011100001001011001110001010011110000010111010001111
10000101010011110011101001010101011100001111010100001000000001001101
10001000100010001011101001010011000100001111110011010001110010110110
10001001101110101010101011011101101010101001111001010001011010111010
10001001101110101011100001010011001110101001011111110110101111111110
10001010000000010011100001010101101100001111010100011111100001010100
10001111011010010011101001010011000100101000000000111010110011101000
10010000111011110011100001010101101100001011100110001111011111011001
10010110001111001011101001010011001110100010111000001100110111000110
10011010101001110011100001010011001110100011010110001001101100011110
10011110100100110100111010011101101110001111000010000010001100101000
10100000001100010011100001010011000000000001101110010110111000110001
10100000010111110011101001010001001010000100000011000111110110011000
10100000010111110011101001010011000100000001001000111111011110010111
10100000010111110011101001010011011110000001111001111110101101101111
10100001000000110011101001010011000100000001001000110111000001110001
10100010101110001011100001110101101000001111110010100011000000010011
10100010110101101011101001010011000110101100100100110010111000011101
10100100000001010100111010100111011110000000010111100011101011000011
10100100011010110011100001010101100010001011110001111000001010111011
10100101010110010011100001010101100100000000100110100001001100111011
10101000100111101011101001010011001110101101101101111000011110101000
10101001110000101011101001010011001000000000100111001000110111101010
10101010000101110011101001010011001010101100100101010010100110110110
10101010011110010011101001010001000100000000100110110100000001100010
10101011010010110011101001010011010000000001101110010001001110101001
10110111000110001100111010011101100000000101011100010001100110100101
10111010101100010011100001010011001110100111100100001110101100100001
10111011100000110011100001010011000100101001101110101011100000110110
10111101010100001011100001010101100000001111010101110111110100001010
10111101010100001100111010011101101100001111010100001100101001101101
11000000011011111011101001010001001010101000010111000001010010010000
11000110110100100010101011111101101000001111110010111010011000111000
11001001100111000011100001001001011000101001101111010110010000111101
11001001100111000011100001001111000100101001101110100101110000001000
11001011000101011011101001010011000000001110111011110001101111000001
11001111001000011100111010100111010100000000100110110111001011001001
11010000110010011011100001010101101000101000000001001001111000001101
11010100100100111011100001010011000110001111100101001100000010111101
11010110000110100011100001001111001010100011110000110010101100001110
11010111010001100011100001010101100010101001011110011111010111110011
11011000000010000100111010011101100010000101001010011110111010100000
11011001001110100011100001010011001100100010101110010111001011001001
11100000000101111011100001010011001100100011000000011011001001110100
11100001010010111100111010100111011110100110001010010000000001001110
11100011110000100011101001010011000110001111100101000010111001010011
11101000101110000011100001001111000010100111100101101001000111001110
11101010010111111011100001110101101000101101011101000110000101100000
11101011011011011011100001001111001000100110111010111110101110110011
11101100100011000011100001010101101100000000000001100111001001011011
11101110011010111011101001010011011010100011110000100011011101100100
11110101110110011011100001010011000100101101011100100101101101111111
11111100001010100100111010100111011010100110101100100110111010100011
11111100010001000011100001001111001110001011110000010101101100110001
11111101000110000011100001010101100000000100110010000111100001010111
11111101011101100011100001010011000000000100110010011001100111101000
