00101010010010001000011101000100000001100001110010001000110010101011100001111111111011110001
00101010010010001000011101000100000001100001110010010110010010101011110011100101001110100001
00101010010010001000011101000100000001100001110110000101110010101011100110010001001101011101
00101010010010001000011101000100000001100001110111011001110000101011111111001100110010111010
00101010010010001000011101000100000001100001111000001110110010001101101110110110100100111101
00101010010010001000011101000100000001100001111010101011010010101011100111011110000001100111
00101010010010001000011101000100000001100001111110101101110010101011100100101011011101001110
00101010010010001000011101000100000001100001111110101101110010101011111111000110110010101111
00101010010010001000011101000100000001100001111110111001010001101011010101011001001011000101
00101010010010001000011101000100100001100111101111111010010101011011101010110000110001001010
00101010010010001000011101001100100001100010110011001010010010001101101001101101101101111010
00101010010010001000011101001100100001100010110101111100010111011011100100101011011101001110
00101010010010001000011101001100100001100010111000001110110000101011111011001000100111010100
00101010010010001000011101001100100001100010111010101010110011001101001001100111101101101111
00101010010010001000011101001100100001100010111010111110010010101011101010010010110001000110
00101010010010001000011101001100100001100010111011100010010111111101100011100111101011101110
00101010010010001000011101001100100001100010111110100110010010101011110101111001001011010000
00101010010010001000011101001100100001100010111110101100010100011011011111100110110010111010
00101010010010001000011101001100100001100010111111111010010000101011110000000111101101101111
00101011010010001000011101000110000001100010110001100100010010101011111111000100110010110110
00101011010010001000011101001110000001100111100010010110010010101011101001011010010010001000
00101110000010001000011101000100000001100001110001101111110111011011101011000000000010001110
00101110000010001000011101000100000001100001110001110001010010101011110010001000000010010111
00101110000010001000011101000100000001100001110010000011010010101011100110010011101101000111
00101110000010001000011101000100000001100001110010010110010010101011111100101100010001101101
00101110000010001000011101000100000001100001110010011101110010101011101010001111001110110100
00101110000010001000011101000100000001100001110010011101110111011011111010100111101011111011
00101110000010001000011101000100000001100001110100100000010101011011100111001011111110011001
00101110000010001000011101000100000001100001110100111110110000101011110101010011001011010000
00101110000010001000011101000100000001100001110101100010110010101011110111101011011011011010
00101110000010001000011101000100000001100001110101111100010010101011100101011011101110001010
00101110000010001000011101000100000001100001110101111100010010101011110111001011011011001111
00101110000010001000011101000100000001100001110110011011010010101011110010101010000010011011
00101110000010001000011101000100000001100001110111011001110000101011101110011100100100111101
00101110000010001000011101000100000001100001111000000101010000101011100100000001011101001110
00101110000010001000011101000100000001100001111000001110110101011011110101100100110100100010
00101110000010001000011101000100000001100001111000010000010000101011100011011010010100001001
00101110000010001000011101000100000001100001111001010010110010101011110000110010010010000100
00101110000010001000011101000100000001100001111001011001010010101011111011011111011000110011
00101110000010001000011101000100000001100001111010111110010010101011100010110111011000111111
00101110000010001000011101000100000001100001111011100011110011101011001010011000110001010011
00101110000010001000011101000100000001100001111011111101010100111101001010100111001110101101
00101110000010001000011101000100000001100001111100010111010011101011011110011100000001101011
00101110000010001000011101000100000001100001111100011101010010001101101101010100000111110011
00101110000010001000011101000100000001100001111110101101110010101011100000010000110111011110
00101110000010001000011101000110000001100010111100010110110000101011101100101100110100111011
00101110000010001000011101001100000001100100100100100000010000101011110001111111011110100111
00101110000010001000011101001100100001100010110001110001010000001101111000011101011011101011
00101110000010001000011101001100100001100010110010000010110100011011011110000011111110000000
00101110000010001000011101001100100001100010110010011101110010101011101101110110000111111111
00101110000010001000011101001100100001100010110100110101010000101011110011011000110001000110
00101110000010001000011101001100100001100010110100111110110101011011100111010100000001110010
00101110000010001000011101001100100001100010110101110111110010101011111111000110110010101111
00101110000010001000011101001100100001100010110110010000110010101011100101000110010001111000
00101110000010001000011101001100100001100010110111010010010000101011100110010011001101000100
00101110000010001000011101001100100001100010110111011001110000101011100011011010010100001001
00101110000010001000011101001100100001100010111000011011110101011011111000101010000100011010
00101110000010001000011101001100100001100010111001001100010010101011110001101010100001011001
00101110000010001000011101001100100001100010111010100000110010101011101100100110110100101110
00101110000010001000011101001100100001100010111010111110010000001101111000000000000100011010
00101110000010001000011101001100100001100010111010111110010111011011101001010000010010011101
00101110000010001000011101001100100001100010111011101001110101011011111011100000000111001110
00101110000010001000011101001100100001100010111011111101010001001101010010011101111101101001
00101110000010001000011101001100100001100010111100000011110010001101100100011100100010111100
00101110000010001000011101001100100001100010111100001001110011101011010101111011001011001001
00101110000010001000011101001100100001100010111100011101010000101011100101111011101110011111
00101110000010001000011101001100100001100010111101001010110000001101111111111011001101001000
00101110000010001000011101001100100001100010111101011111110010101011111001000111001000101100
00101110000010001000011101001100100001100010111110101100010100011011001110100001011011011010
00101110000010001000011101001100100001100010111110101101110101111101100001100010000100000011
00101110000010001000011101001100100001100010111110110011010010101011100000101101001000111001
00101111000010001000011101000110000001100010110000110011110010001101111110100011111110010101
00101111000010001000011101000110000001100010110000111000010010001101111001010000110111001011
00101111000010001000011101000110000001100010110010001000110010101011110011110000110001011111
00101111000010001000011101000110000001100010110011010100110000101011110001100000100001001100
00101111000010001000011101000110000001100010110100110101010101011011101100100110110100101110
00101111000010001000011101000110000001100010110110001111110011001101000100001001011101000010
00101111000010001000011101000110000001100010111011111101010011101011000010000000100111001101
00101111000010001000011101000110000001100010111100010110110010001101101001001101101101101111
00101111000010001000011101000110000001100010111100010110110010001101110111011100000100101011
00101111000010001000011101000110000001100010111101000001010000001101111001001111001000100000
00101111000010001000011101000110100001100100101011111100110000101011101000011111011110100111
00101111000010001000011101001110000001100111101111111010010000101011111011110101111000110000
00101111000010001000011101001110100001100001110000111000010010001101111010101111101011110111
00101111000010001000011101001110100001100001110010001000110010101011111011000000100111011000
00101111000010001000011101001110100001100001110010010110010000001101110000000111101101101111
00101111000010001000011101001110100001100001110010011101110000001101111000100010000100010110
00101111000010001000011101001110100001100001110010011101110010101011110110000100010111110101
00101111000010001000011101001110100001100001110011000001110101011011111100101100110001101110
00101111000010001000011101001110100001100001110011010100110010001101101110100001011011011010
00101111000010001000011101001110100001100001110011011111010010001101101010101101101110111011
00101111000010001000011101001110100001100001110011011111010010001101111010110010110100000110
00101111000010001000011101001110100001100001110100101011110101011011110001100000100001001100
00101111000010001000011101001110100001100001110100110101010000101011110011110000110001011111
00101111000010001000011101001110100001100001110101110111110111011011101101000001011000001110
00101111000010001000011101001110100001100001110101111100010000001101111110010100000001100111
00101111000010001000011101001110100001100001111001010011010011001101011110010100000001100111
00101111000010001000011101001110100001100001111100010111010001001101001100000110110100111011
00101111000010001000011101001110100001100001111110101100010011001101011110100011111110010101
00101111000010001000011101001110100001100001111110111000110101111101100110000100110010100011
