00000110110110010000001111001111100000100011011000001100010111010110101100100001011110101100
00000111010110000000001001000100000111000011100010110101101101010000100011011111001000000111
00001010010110010000001111001111100000100011011110111100011111010101101011000000011110011110
00001010100101000000001001000100000111000011101011100000010111010101111100001111110100000101
00001011010110000000001111001111100000100011010100011011011000010111000101101001100101010110
00001011010110000000001111001111100000100011011101110001110101010101100000110000100001001110
00001011011110000000001111001111100000100011010000000110100101010010000011000000101010110100
00010110010101100000011001000100000111000011100000000110100101010010011101000111111011010101
00010111000110000000000111001111100000100011011111100010001101010010000101101001101100000110
00011010010101000000011001000100000111000011101010100001100010010000100101100011110110000101
00011010010110010000011001000100000111000011100100101010010010010100011101000001110101100100
00011010010110100000011111001111100000100011011100010001101010010011101010001011000010010111
00011010100110000000000001000100000111000011100110110110101101010001001000110110011011010101
00011010100110000000011111001111100000100011011001010010000101010001001101101111011111001101
00011110000101000000011001000100000111000011101000001100010111010110101101111111110011000101
00110110010101010000000001000100000111000011100101000101001010010000110111110101011000000110
00110111100110000000011001000100000111000011101000010001101100010010101111100001011111111011
00111011000110100000000001000100000111000011101100010000111101010101101010011110110010000111
00111011100101000000000111001111100000100011010000000111110010010100000010001000101101000100
01001010010100000000011001000100000111000011100001100101111100010100100010001110101011010101
01001011010110010000001111001111100000100011010100100110010011010110001010001110010110101111
01001110100110000000001001000100000111000011101101110110110010010111011010100101101001001110
01001110100110000000001111001111100000100011010111101000111111010110100011000000101010110100
01001110100110000000001111001111100000100011011011000110111010010100010110111011010110110111
01001110100110000000001111001111100000100011011100010001101010010011110011101000000110001100
01010110010101000000011111001111100000100011011111100010001101010010010110110001001010110100
01010111000101100000000001000100000111000011100000000110100101010010011000110000000000010101
01010111000110000000000001000100000111000011100100100001010100010100100110010011110011011111
01010111000110000000000001000100000111000011100101000100011101010110110000011011010110001111
01010111000110000000000001000100000111000011101000110010011010010111001011000110010000101111
01010111000110000000000111001111100000100011010110110110101101010001011010100110111011100111
01010111000110000000000111001111100000100011011010100001100010010000101110011001011011110110
01010111000110000000000111001111100000100011011111100010001101010010000000111100110011111100
01010111010110000000011111001111100000100011010010010001011100010111110011110111101011101111
01011010000110000000000111001111100000100011010000000111110010010100011000011110111111001101
01011010000110000000000111001111100000100011011100010001101010010011110001011100010111100100
01011010110101000000011111001111100000100011010000000110100101010010010101000100011100100110
01011010110110000000011001000100000111000011101110000110010011010110011010110110010110011111
01011010110110100000000001000100000111000011101101110010110011010101000010011000001000011100
01011110010101000000011111001111100000100011010110110100111100010111110011101110000000011101
01011110010110000000000111001111100000100011011111100010001101010010011011101101100110011110
01100111100101000000001111001111100000100011011011000101111100010100110100001001001110011110
01110110110101100000011111001111100000100011011010100001100010010000111010100101101001001110
01110110110110010000000001000100000111000011101001010001001110010001100011000110100100000101
01110110110110110000011111001111100000100011010101000101001010010000100010001110101011010101
01111011000110000000000111001111100000100011010101000101001010010000100101101010110111111111
10000110000110000000001111001111100000100011010110110110101101010001010011101101010011000100
10001010010110010000001001000100000111000011100111011010110011010101000010001000100101100100
10001110000101000000001111001111100000100011011111100010001101010010000111011011111110111111
10001110110110010000001111001111100000100011011010100000110101010110100011000101110110101100
10010110000101000000011001000100000111000011100101000101001010010000100100100100110111101110
10010110000110000000000111001111100000100011011100010001101010010011100011011001000000110110
10010110000110000000011111001111100000100011011000110110011011010101010000011000000101010110
10010111000110000000000111001111100000100011011001010010000101010001000110010110100000010111
10010111000110000000011001000100000111000011100100100001010100010100100101101111101011100111
10010111000110000000011001000100000111000011100110110111111010010111001001110100000111010110
10010111000110000000011001000100000111000011101001010000010100010111111101000100101001111100
10010111000110000000011111001111100000100011010000000110100101010010001100100111010000011101
10010111000110010000011111001111100000100011011111100010001101010010010111010111111101001100
10010111000110100000011001000100000111000011100110110110101101010001010100000011011100111101
10010111010110000000000111001111100000100011011101111010110011010101011110111101100011111100
10010111010110000000011001000100000111000011101011000010111011010110000011000110100100000101
10010111100110000000011001000100000111000011100100100001010100010100100011000000101010110100
10010111110110000000011001000100000111000011100000000110100101010010011111111111111111111111
10010111110110000000011001000100000111000011101001010010000101010001000100100001101010000110
10011010100110000000011001000100000111000011100101000101001010010000100110010011111101111111
10101011000110000000001111001111100000100011010100101001010100010100110010100000000001111100
10101011110110000000001111001111100000100011011001010010000101010001001100100010001100000101
10110111000101000000011111001111100000100011011010100001100010010000110010100110001111001101
10110111000101010000000001000100000111000011101100010001101010010011110001011010011001010101
10110111000101100000011001000100000111000011100000100011000011010011011010100110111011100111
10110111000101110000000111001111100000100011010110010011001011010000000001110100111100101100
10110111110110000000011001000100000111000011100110110110101101010001001010001110011111111111
10110111110110100000000001000100000111000011101111100000011100010100100101101001100101010110
10111110010110100000011001000100000111000011101001010011010010010111011001011001111111010110
10111110010110110000011001000100000111000011100000000101101110010010101101110110110100111111
10111110100101110000000111001111100000100011010110110110101101010001010111110101011000000110
10111110100110100000000111001111100000100011011100010001101010010011110110110010011000011101
10111110110110000000011111001111100000100011010001100010111011010110001100110111111101100101
10111111100110000000011111001111100000100011011000110110011011010101011101000010100111001101
11000111010110000000001001000100000111000011100110110110101101010001000000110110101111111111
11000111010110000000001111001111100000100011010101000101001010010000100111011101110011001110
11000111100110010000001001000100000111000011100100000101100101010011111111111111111111111111
11000111100110010000001111001111100000100011011011000101111100010100110111111001000101100100
11001010010110010000101001000100000111000011100101000101001010010000111101000111111011010101
11001010100110100000001001000100000111000011101100010011111011010101010011100010011100001111
11001110010110010000001111001111100000100011010101000101001010010000101101101111011111001101
11010111000110000000011111001111100000100011010100101001010100010100100011000101110111011100
11010111010110000000011001000100000111000011100011110101000010010011111101011110010111010111
11010111100101000000011111001111100000100011011001010010000101010001011010100011100111111111
11011010100110010000011111001111100000100011011010100001100010010000111111111111111111111111
11100111001110000000001111001111100000100011010001100010111011010110000000110000100001001110
11101011000110000000001001000100000111000011100011110101000010010011110101000100011101010110
11101011000110000000001001000100000111000011101001010010000101010001001000111111011010101111
11101011000110000000001111001111100000100011010010010000001011010001100110011001101110101100
11101011000110010000001111001111100000100011010110110111111010010111000000110110101111111111
11101011010110000000001001000100000111000011100010010010000001010011010000010001000100101100
11101011010110000000001001000100000111000011100010011110011011010101010001011010010101000101
11110111100110010000011111001111100000100011011000111110011011010101011010100101101001001110
11111010010110000000011111001111100000100011010111001000100110010001011001011111110001100111
