0000000010111111000100101011001011011011110100000000011111001001001011110001010100011000110101101111001100000011000
0000001010011111110001100010110010110011011111101000111110000111110000000111100110000100011110111100101101100010100
0000001100101000111101001010011001010010110110011101011111000100101111110110101010001000100100110101111010000110101
0000001101001111100000011001011110100000001100110101010010001011000100000111100010011111011001100010100010111100011
0000001101101010010000111010110111111101111011011111111100001111101010100100100000111100011100011101010011100010111
0000010000111110111110000000110001101011010000001000011111011100011111111101000110010110010111110111100110101101100
0000011010011001011010110101010111101101111011110000100101000001001001011111101100110010001010101001100010110101100
0000011011001010100100000011000111101000000101011011101110010111111110100100000100001011110011000010101100011001111
0000011100101101100110001011010001001110110110011111001000000001100101110110010110110000000101111001101111011101000
0001000100011010111110110111010000001001111011011101010010001111111111110111111001001110101100010001111111001101111
0001000101011100010000000110110000011111011011111011010010011000110100101100111100011011010000000110010100111010010
0001001000011010011010101111101000111001000011101010110110011001000100110100110110101000011100111010111100010100000
0001010000001011011100100001100010100110101110111000111110011010101100000011000110011101101000000010001110000101011
0001010001101101111110010110011111111111100111110000100011000000011100101000001010001010010000010010011010100001011
0010100011111001110010101011000110111000011001101000011011001111111111100000001000100001100011110110011010101101111
0010101101011110100110000110101111110110001100101001011111011001000111001011000100101110010011010111011110000011111
0011100001111011000010011010010011111110111001110101010100001010000101011011111100011010000000000000010110001101000
0011100100011111100000001100110000100111000111001110101110011001101100000100110000100000110101000100010110101000011
0011101100001011011100110101001111011110001011100000011101001011010001111000111010110011100110010011001011001111110
0011111011111011101100000111110001101110101111101111011111010001010101001001110110101111011001011001000010000100111
0100000000101000011010110111101101011100010010000110001010000001001100011001000010111011100001100011111001100111111
0100000010101101100110100101101011011011110001110011101011010001110001011011000110000100011000001111010001001011111
0100001100011111011111101100111111010011110010101101100010001011101110101110010100010001101000000011101110111111110
0100010001000001110000101001110111011010100000100001001101000100000110000010100100011110101100110110111110101011101
0100010001111011011110101101010000000010111101100110110100011011110000101111100010011000100111111011001000000000010
0100010010110000000100001001110111010001010100101011110001001101100001100101101100000011001101111000001000100101010
0100010111001101100110010001101001010111111111000010010110000101000110011110110001101010110100000001100111001011101
0101000011111110101001110100100100101100001110111101001001001100100011111011111110111101100110100111001110001111100
0101000101111000000010000110011010110000110101101110000001010010100101111100101110111000100101110000000010011011111
0101011100101000001000011110010000011010000111010111101101110110110010101011110110010011110011110000100001000101001
0101011110111110011100001101011110011111001001100001000101001000011100110011011010101100111000110011111101011111011
0101100111011001001110011100011110010110010001110100111110010000011101111000000110110001010100010111000110100010001
0110010011011110101001111001111110110001001010110011111101011001010001011000001110100011000001000111010011001011001
0110100010001101110100010111101100110000010010001100011110000111100101110000000000111001010100001100111011111000101
0110101010111001101001100111111101010000101010111011110011000001001111000010110000111000011100011100000010001100101
0110101011111000100100101110101011010000000101001011100001011101000010111000100100110101011110110011100010001110101
0110110001111100011100111000000100000110101101010111111010010001010101010100010110101110001101110110111101111111100
0110110101111101000010110111100100101100101101101001100110000110010101010100111010011000000111110000111010001001110
0110110111001010101110101011000101111101010110110000111000011000110000110100110110011011010100111111011100110011001
0110110111101111011100101111011100100110000111010101010111000101001011100111010100110110001000010010111111011001100
0111100000011000110010100101001110011000100011001111010011011111111100100111110000111111111000111111010101100001010
0111100100101101111100110011010010101000110011100001111111000000001000000010101000110111101001110000110001100101111
0111110000001001100000110110001101010000011000010010110001010000001001110111000000111100000000110101000011011001111
0111110000101010011100110011010011110101110111010111011001000001001101111000000000011010110111001000101001011110011
0111110000111110111010010101100001001111000010001011000101011101110110101011100100110011111001101010100001000010101
0111110001111100000010110010111001111100110001111110010100010010100111101111110100000011110100100001111000010011100
0111110010101100101000110111100100010011001110101111011101011110001011000010101000001010101011101010101001100010101
0111110111101100111100100001100010001001110001100101001111000101100000001001010000010100001110000111000001110110110
0111111100101100110000100010110010100101001010110110111101001101000101011101111010111110101111001011110111011000100
0111111100101100110000111100101001001110101110110001111010000110000111101010001000100110101111011000100100000101010
0111111101001000010000001011001011111001011100011100000000011011010111011111001010100101010111100000001110110011011
1000100011101000110100111110100111000100100011101111001110001110111110011011100100110001110110100100110000111010000
1000101000001011110011111101111101110111100000111101001000010011100110101010000100111100110001010100001100011011111
1000101010011100011111010010001011110010101000100100011101011110010100010001001000011010011101000010100010100001111
1000101111011110000011110101000110111001111011000111101001011000110000100011001100001001111101101111000001100110101
1000110001001100011010101111100001001110111110000001000110001001110001001010001000101010011110001001010000010101100
1001100010011001010100001111000001100000010111000000110011010010110110111110000000100111001001001100110001011111000
1001100010101100011101000010110010001101100110001101101100000000001010110101010000110001010101101001011001010100001
1001111000001001111000011111001000011010111011100111110111011001010001101111000010010011111111100011001000110000111
1010000000101101000001111000000110101011111011010011011000011100110110011100010110000101110101011100001110000110100
1010001101111111111000100000011001100011000010011100110000000101100111110111110101101111101100111010010110011111000
1010010110111011010110001000110000001001010000101010110010001010110001001111111010001110100001111101011010011101010
1011010011011001100011011011101011110101011011110101110001010011100001100010110000110110100001011011010100101001110
1011011010101100101100011000101110111000000011111001110101000110111110001100010110101010110111100101000010001011010
1100100000001001100000001011101100101110011010110000111000010000011110100011101110011111010001111000110010100101110
1100100000101011010100101100101001110001100000011011010011001001011100010000010000110100011101100100101111000111101
1100100001101101111110111000100101110010110000101100100101011101100000011001100100001011100101110100100001010010010
1100100010001101110010000000001000110001111010011010110001001111110100110110000100001111100100000101101000011111001
1100100111101000001100110101111011101011000100101111001111010001001010101100110100010011010111010000010011011000001
1100101110001001100100011110001001100111110110000000010010011110101010001111000000000001111110001010111100101001101
1100101111101110001110011100110000001000000000100000011001001000010100010001111010011101110011000110000111111010101
1100110000101000111110111101010011101000100010001110011000010101101110100010101110010100100000100100111000100100101
1100110100110011000100100010101011100001101110110010000111000111101110110000110000000001000001000000111101010001001
1100110110001110101000011100110100010011111110100100001100001110111110110110110010101111001101000000100110000001001
1101100010111111111100000010001111011001100011000101011010000110111101100100010100100100101100110011011111110101110
1101100011111110101110100010101101010101101011010011111011010111001100010101000110100000110010011110000010001100101
1101100111111010000000111100010000111101111001101001001110011011001001111010100100101000000010010001110000010000001
1101110010111010101111001001100001010111111100010011111110001000110111111111010000100100001000010100101111010011110
1101110011001000010100011010101000010111100010001110100011001100010100110001000000110001011001111100111001101000100
1101110011011010001100101100010001100110000111100011001101011100001000000001100100100000100000001011011110011100000
1101110011101010001110011011001110011100010110001110010111000111110101101011100000010101011000010100111010110111110
1101110011111100000100011100001010001101000001100100000100011110000100011101110100101011011010011010110011000101101
1101110100001001110100111001100110000001101111001010010010000011100011101101011110111011011111000000100100010001110
1101111001011001100011111110000101100001111011100000000110010010111101000110000001110011110100010001100101001001000
1101111111011000000110100010011100111010111101000000011010011010111101110000001110110011010010110010011111000000101
1110000011111100111001010101101101101001110010010100011000010001001010011110101010101110011011000101111011101010111
1110000101101100001100111101111000110010000001110001110101000010010011110101000000000101110000010001110011011110100
1110001011011011110010101111110011100001101011110011101000000100111101001011010110111000110100101011011010001011101
1110010110111101110100011000011110110010010111011110111111010100010001100110110100111101010110110110001111011101001
1110011010001010000110000100000111110000001010001111101011001001010010010111111010101101110111000011100110001010011
1111000001101011011100001001100010010111011000110000000111010101000101001101100100010111101110011110000001011000011
1111000011111001110101000000011111100000100101101100000011011101100000011001000010001011000000100100100100100100101
1111001010011110111010010011111111111010110111011111011101000110101101001100111110100111101100100001110100110101000
1111001011101010010110100011011011010110010001110101111101011000101110010011111110110101010101000111111000011001011
1111001101011100011000001101100011111010000101101010101101011011011011101111111000000101011100100011011011110100000
1111010011001010100000011100100010110110110010100011110001001001110010011101111111000110100101010101100001100011011
1111010111111111000000100000011101011010110000011100101111001000110101011011001000111010110100010110100111011100101
1111011001101011011101000110100110110010101000001111101000011000000011110010010000000100001100110111001000001001110
1111011011001101001101110001110011100100000111100100010101000001000010101100101100010000100011111110111110001110010
1111101001001111000010110001001101111001011110101101110110010011100011100110111001000001101010100110111001001001001
