00000000011001100101001111101010111000101010010010010110111110010100101010000101001101111011111001111101011010100000001010000110000000011101
00000011110110110101111101100010111010011000110010110111000100100000001010001111100010111110010100110101011001000001111101110011000100101101
00000100101111010111001001100010010110110110011000000110011111001101011000001011100001101001001101111101010101010010110101000011001001011011
00000111001101010001011001100000110111100000000010001100111001111101101010001101001111111010000111110101011000000111101101001111101101001110
00000111111100100011101001000000000101001010000010110111000000101111001010001111100011110110111000111101011011100011110100010111100100000110
00000111111110111111010011010111000101111110111011011100001100100101101000000101100100011010101111111101011011101101111100000111001101001010
00001000011000111000101101000001011101101000110000101101110100110110011010000010100010001001110101111101010001011100001000111000110011100000
00001000101001001101000101110010000010000000010010111101010110010000011000000010001000010111101101110101010001011000001001000111000100010010
00001100011000001001110001110011010111101010110001000110010001100101001010001110001001111110010001110101001011100000001011010111000100000010
00001100011010111011100001011110001010110010000001010110101101001011001010001111100011110001110110110101000111111110110111100000001100001110
00001100111100110011111101100101110110010000010001010110011011000110011000001011100011100101011100111101000010111101000011000011100101011100
00001110001001110011010001010010010011000110011001111101110001000110001000000110100011011010011111110101010101011111001000101100010011010001
00001111101010011111010111110000111011000010110001111101111000111110101000000100001110001111101001110101011100001000001111010011000101100101
00001111111000011111110111111111110000101100101010111101110001111010001000000011001011111100100111111101011110101011001100011111100100101001
00010000001011110101011011001001000101111010111000011100001001110100011000001111001011000100000011111101011010100100011110110011100101111001
00010000011001110011010001110000001010100110111001101101010010011111111010001010100001011000000100110101011001000000010011001101111101000111
00010001111010011111110101110100001111111010001011110111011100001010001000001100100110000100100010110101010110110111111000011111000101000010
00010010101011100111101001100011001000010000011010001100110110001111111000000111100000011100001110111101010011111101000100011111100101010010
00010100011001000111111001000000000000110000101011001100101000111011111000001010001010011101111100111101000101010011011010100111100100010010
00010100101010101001111011100000110100000000111010011100010010000101101010001100001110000110100110110101001001000001001111001011101100000100
00010100101101111101111011000111000101111100010010101101111010001100001000001100100110110010100101110101011001001100111001111110111101110111
00010100110000001101100101110010010101101010011011100111001100111100011010000000001100000011010101111101000111111011011011011111100101001100
00010110100110010101110111010110110110011000110011111101110011001111111010001110100001010010100100110101010111111101101010100111000101011000
00010111011000011111011101000011110010111010111000100111110011111010111010001100001111011101011001111101010101011010011110001111100100011100
00011011101101101001100101111111001100011100111001111101100100011011011000001100100110001010110111111101010100011101001100101111011100101100
00011100101001110001111101101110011001110100110010111101100001110010011000001001100100011110000111110101000010110101010001010011000101101101
00011100111011111111011011000010000001100000111000001100110110111101111010000001001110100010001010110101001100000110010110010111000100100111
00011111101111101101110001110101010011010100001010100111001011001110101010001101001101001110010000110101010010110110100100011011000101100111
00100001110010111111000111011111011010011110110000001100001111000011101010001000100111100110001100110101011110100011100001110101111101010011
00101010000011111001101011101110001100011100111010011100101000100100011010000010001011100110111111110101010001010100000101001111000101101001
00101100001010010011100101110001011010111110101001101101011000101000111010001100100101011101001110111101011111101100101111101011100100101001
00110010000101000101100011010010111001010010010000101101101000001000001010000110001001010010101000111101000011111100010001110011100101011100
00110010000101010001110111010000111000011110011010000110010111010111001000000110001000011101011101111101001011100010001100110011001100111001
00110101000011011101110001010011100010011110110001011100100110111111111000000110100011110011100000111101001000001111101110001111100100100011
00110101100010111001101111100000010011111100100000100111001101011110101000001011001010101100000111110101011110101101001101000011111100111000
00110111010000011101100011110000111101101010010011001100001001001110011000001010001001000001001001111101010011110101011011100111100100000010
00111110010110101111001111100111101111010110110011110111111001000010111000000100100100100100000011111101010100010111001110111111100101101101
01000010010100011101010101110101111110100010101011100111011000110100111000000111001010110000101100110101010000011101110001010111000101011100
01000111111111011111011101101110100000011010111001101101110111011010011010000000100100001001111111111101000110111111011110110011100101100111
01001100001001111001001011100101010101111100010010001100001100111010010010001011100000101011001010110101000110110111100111110011000100100101
01010000011010101011001011101111011101010110110001101101111111001001011000001101001100111111000010111101000101010101101110101111100100011000
01010011111101101011101011101011000110001100011011010110100000001101011010000110001001111111011000110101001001000100011011100011000100011100
01010101011000110011000101111010011101010110111001111101101101000000110010000101100100001010001110111101000010111111010110001111100101101001
01010101100011100111000011111001010100110110111001101101001100101011001000000110001000001001111100111101011101001100110111000111100101111101
01010110110101000011100111011000101101100110101011110111111111000111011010000101001110010011100100111101011011101101010111101111100101100011
01010111111111011011111011100000011000001010111000001100111000110010101000001010100000100011100011110101011001001100010100010011101100010100
01011000001001111101101001001101110001011100011010001100100111101111011000000011001010111110000100111101000011111000101000011111100100011100
01011000011011111111100001011001011101000010011010000110111100000001100010000100001100111011101111111101011100001100001001010110011011110110
01011100001100111101000001110110111101101000111011000100001100001101101000000001001101111111101010111101011100001111000100001011001101010010
01011100111000110001001001001101010101110100101000100111111100010000101000001010100010010011100001111101011000000000000010011011100100000010
01011111001111011001000001110000000010110100000011011100100010011101111010001110001000100011101010110101010101010001111110010100001100011110
01100001100001111001011111001111010001101110010000110111000001000110011010001001100101101101101100111101010111111011001011011011100100001010
01100001100001111101011101100001001101110110110000111101111000011001011000000000100111110011011011110101000101011101010010011111000100100111
01100101000000101111100001011100110001010100011011010110000101111101000000000011100010001010111111110101011101000001000111100111101101011100
01100101110001000111110101110110110001111110010000110111111110100000111010000000001110111101110101111101011000001100000110101011001100001000
01100110100000100101111001100010011000001000010000011100101001011111111000001001001110110011000110111101001011101011101110000011100101110111
01101010010101011101111101100111101010001010100000001100010101100101011000001110100011101011011001110101000011110101011111100100010010001111
01101010100011101011101111001000010110001110011010110111001010110010011010001110001000100010010010111101010101011111000001000011001101101111
01110000010101010001100101010110100101111110111001010110110111000001111000001110100011001000110011111101000010111110011100111011100101110111
01110001000000010011101011101010101111001010110011110111110011011111101000001100100101111100010010111101010101011100011100001100110011110000
01110001110011111111010001010101101101011010101010100111100110011000011010001100100101100100100001110101010101010110100011110101111100100010
01110110000110111111011011001110010100101010011000111101100110001001011000001011100000001010000111111101001011100010001100000011100100100011
01110110010100111011101001101100011101010010111000001100101100101001101000000100001111000100010001111101000010111111011000011101101010000100
01111000000011100101011111101001100101110000111001001100001101111110001010001110100010001111100100111101011110100010011100001110000001011101
01111101101111111101011001100011111000110010110000000110110011111111011010000110001001101100110111111101000011110000100010010011100100000110
10000011000101111001111011001000000110111100111010101101010101111111101000000100001111001011101101111101011100000001000000000111100101000100
10001000110100011111001011000100001100101100111011010110110100101101011010001111100001000101001110110101010011111011011111101011000100000110
10001011010011010011110001110011001000000000110001011100000011110010111000001100100111001111110010110101000100011101010010100111101100000100
10001111000100110101011001000000100001010000000010111101000101000110111010001100100101011001001000110101011101000000100101010011000100100111
10010001010100101001011111000011111100001000010000010110100110001011001010001010001001110111000001111101000111111001011100000010011101001000
10101010101010011001110101011100001011000000010010001100010010001011001010000101100111110011110100111101010011110101001000011011001100000010
10101100010111101001010011010101000100100010011010010110100000110101101000000010001000011010001100110101001111100000000101010111000101000010
10101101011111011111110101110110110000100010110011010110010011011110011000001010001010100000011001110101010011111111001010001111000100010110
10101110101000010001110101110001000110100000001000011100000100110100011010000110100000100110101101110101000001010000100100111111101100100011
10110110001000101101010111010000000011110000010000110111111111000101111000000101100100110111001110110101000100010100011101000011101100111111
10110110111011010111001111001100111110101000110000101101010111000001001010001001001101100111110101111101010100010010101100110111100100011000
10111111110010010101101101101100010001010000110011100111010001010011101000000011100001100111010001111101000011111001101101111111100100111001
11000010001001111111110101111101110001001010111010110111111100110010001010001110001001110100101111110101001010100001101100011100010010100000
11000011000001011101000111010100111010001100110010100111010110000010101010000010001010001001100110110101010010110001010110010011101100001000
11001000100111111101110001111101101010110010100001011110011000100110100010001110100001111011101101111101010101010001001011100111100101100111
11001011110110100001110001110111001000011110110001101111000111100010111010000011100001110111010001110101001011100100111010111111000100001000
11001101101111100011101001001111110111011000101000010100111111110100111010000000001110110110000110111101010111110011111110010011001100011100
11001111110011110101010101010110100000100010011000110111011010001000111000000101001110100011111010110101000110110110101101000011100000101110
11010000100011011111010011110100101110110000110000111101101111000111011000001101100111000100011010110101011001000010110010000111000100011100
11011000100010100111001011100111010110000100010010011100011011000011111000001011001011111100001101110101001000000101011101011010100100010000
11011100100111010111010111010100100000011100010000011100000010001011001010000111100011010011001100111101000100010100110110100110000000110010
11011111000000011001110111010101010011000000100010001110111110000110001000000011001011111001100101111101000010110011011010000110011101100111
11100010101000110001100011010111001000100110011001100111001001111101011010000011001011000001010001111101010111110100111111100011100100110111
11100010101010100101001011101110001001101100010011101101111101001111111010001011001000001100111111111101010110110001101010111011100101011000
11100111001110110000101011101001010111111100010000011100110111000000111010001011001001010101001111110101010111111110000110100111000100011000
11101110001111000001110111011011011101101100010000101101111110010110001010001010100011111101010011111101011000001001000100111111100100100011
11110010110111001101001001101000010010001000010001100111101111101111111000000001100100111001010101110101000000010110010110111111101100100011
11111001001011011101111101000101001100010010001011101101110011110010101010000010100011100000010011111101011110101101110110000011100101110011
11111001001110000101010011110000011010010110011000010110101110100100001010000110001011101001101001110101010110110111001111101111000101110111
11111010110100001101101001000000100010001100110010010110111100010011011000000101100101010010001110110101011010100010001001001111000101100011
11111010111011100001001011101101101110111100101011001100101000010110011000001110001011101100011010110101010101010101011010010100010011110100
11111011110011111111111011101110111110101000110010000110110101110111011010000111100001010011000010111101001111101011101010001011100100001000
11111100010100111101100101110010001011011100110001110111001100100011101010001001001100111011010010111101011111101000101110011111100100000010
11111101001110011001011101100100101110101000011000111101001000100110101010000001100111000010101001110101010110111001100110001011000101010010
11111101001110100101000111010001000111110100110010110111100011111011011000001110100001011011001010110101001010100100111110110011000101111001
