0000000000000010111110110101111001001110100000011100011111000010010110010101001101110000010001110110100000001001010
0000010100110110110000001100111000000011010011000101111011111110011011001111011011100001111111101110111011001011101
0000010111011111110101110111101111001101001110001010000011000101001010110100110001011000111111010010000011100110010
0000011001010100110110111001011010001111001101010100110111000110110000001110000000000001100110100100011000011010000
0000011010111111110010111000111001010110110000010100110101000001001000010010011111011000010101000110001100101101100
0000011011011101110010110101010010001100100110010111011101011101110011111110111001101001101100001111101110111001110
0000011011100010110100011111111011111000110001010100000001010010010000000000101101000111101010000011011011100000100
0000110110011011110010010111010000111110110101111010010101010001011010101101010001100000101101000000000010010000001
0000111110111110110001000011000100001011010000011010001011011010111100110110110111111001010100110000000011100001011
0001001001011010110010100011101011010000100100101000110111000001101100100010111101101001000011001101100011111010101
0001011000110111110011010110010001011101010001110011000111101010100010110010000100001111110010101100110101111010100
0001011010011000110001010110011111010101001011011101100011000010000111000011100100000000011010100101111100000000001
0001101001110000110101001000110110011000110000011011111001001101000001111100111000000110000101100111001000010100111
0001101110010110110100011011011011100110111100010100000111011010010110110010101010011000100011010010101110100110001
0001111101010100110000100101110101111011000011101100010011011010011011101000101111010111001011010110001010100010000
0010011001011000110011100100011000011001000000111110001001000110011010110100000111110001001010100111111110010000011
0010011010001110110010101110010110100001001110000000110011011110011111110110011011000001111101111100100111001101101
0010011010110110110000011111101100011111010001010000100011011101000110100101000100010000110001000100111100101111101
0010011110111111110101100011111100010001001010111001111011111101011110110100111001110000100000001110001011100110010
0010100001011111110001011100100111001011001101111000011001110110011011010011111001010001110111010010101011001111001
0010100111001100110001001010001001111111011011111010111001011101010011010101001010001111010111100110110100010110000
0010101001010001110001011001100110000011001001101100100011010101010000111010100111001000010011101100001010100100111
0010110110110011110101100111001110001111011101100111110111111101101101000000001000100000001100010010101011111100100
0011011001101010110011001100110011000000101011100100110001010010101000100011101000001000111101011111011100011101111
0011110110010111110011000001111101000101001110011010011011001010000010100111101110011000111011111110010001011100110
0100001000011101110001001110110111011100110100001010101111010101011010010101100011000001000100011000010100000010111
0100001001011010110010001110110001110000100010110011000001011101101000000111000110010000011100011111001011011010101
0100011010000010111100100101100110001011010111011011001001101101111101001010011000001000010011011101010001111110110
0100011010100101110111000001011011010111001110000111001111001110011010111111011000100001100110101110011000011101111
0100101110010010110011001101110000110101011110100111101111010101000011000011110010110111011000100101110110100101101
0100110011110110110001100000001000001101000101001010001001100010000110000000101111100001010000000111000100110110100
0100110110011111110011000011010100000100101010100111011001011001110100101001010011101001101100111110110100111000011
0100111110101101110010101010011111011110110000001000011001010101000111111010111111011001000110101010110110000110111
0100111111010101110000001100111111001000111110010010001010011001001101000011000010001111101101001000110001110000101
0101101010011110110101011011110010011110100111100010001101001001101001111111011011001000010111111111101100010100000
0101111101001010110010110111011111011110110001000101100011101010010111111010010000011001001000010100010111101111000
0110001010000110110010010100000111011000100101011111011111010001010111100010010111000111100111010111010010010010101
0110001010010001110001011000010111010011000011101110010111111010110111100001100010110000001000100110011001011010100
0110011001111111110100000111011000000000101100101111000011100101101100110001010100110001001010000010001000101011001
0110011011011100110010101110010101000110101110110101001101010001010100000101101110001001100001000000000011101011010
0110011101011011110001110010100111011111000010011101111001000010011101111101110111111001100110110110010000000001111
0110100011011100110011011101000011001001000000011000010111100110111101010011110000101001100011011011010000110001111
0110100101000101110001101001101101001010110110111000101101100010011111110100010011111000111111000110111011111101000
0110101000010011110001000010010101100000101010011111010011000110110110111101100000010001111010011110101100010011100
0110101000011110110011010001000100011010111100101000110011101001101101000110010010000000101110100000100111001001110
0110101001011110110110010001000010000001001110001101010101111010101010000011101100001110101001011011110110010100101
0110101010000101110001111110111110010010100000010001110101111001011100100111010100001001111111000101000011000110111
0110110010000101110001110011110001011111011001101010010011110110010001000001000010001110110111110110100000111001001
0110110010110011111101001111110010111001001001101001101111111010110100111010110110011110000001011101011001101111111
0110111101011001110010000101101111101110111001110100011111011110000001001001110110111001011110001010111001110101011
0111011100110001110100100010111001011110110110110001010011001010110111110100001100001001000110110111011010110001100
0111101001010110110011000000111000000011011011100001110011110101010100100110111010110001000001011000111111011111001
1000010010111110110100011100010111001011000100101110101101110101001111011110000000001000111000111000001011001011100
1000010110101101110011001101001001010100111011010101011111001110010101010100010011110000111001011001001100111000000
1000011011001110110001010010110101010100101110111101011011011001011011111101011000101111100000011111110000111011111
1000011100011100110001011101011001010010101010101000100111011010001111000001000100101000111001000010001100010001111
1000011101010111110001111001010111010011001001010110100101100010110111110101101110010000001111011001010000011111100
1000100011110100110001100110111100001010100101100110110001000110100010000111111111000111011010100010010011011011010
1000101001100111110000011110010001001101000010001001001010110110101111111101101011010110100111000111000001001010011
1000101011000001110001000111000111111100100011000011110111101110001101011001000011100111111111011111001111001100001
1000110111001110110001001000100000010110110011111010110111111110101010011000011010100110110010011101110110101001000
1000111000001011110101011100101001111110101100100110010101101101101000110100110001111001110100101001101100010001101
1000111000011100110111110101000000001011010001010111010101000101111100001100111000000001111010110110000111110111111
1000111011111101110011000000101010011010110000101001011101110101110110001001010000100001100011101110100011000110111
1000111100011111110010100011011100001110111110111101001111010110000101011011100111011000010001011010000100111010010
1000111100111101110010111110010100011110100011100000010011000101001000010010011111110110111000001111110011011110011
1001010001101001110011001111011110000100110110100001000101001110000010110100100101110000011000000110011000110100100
1001111110101011110000111001000110011110111111011111111111000110001111111001011011111111111110011010000101010010110
1010001110001100110001011011101101011000101110000110000101000010011100001010010101000000000101011000100011011100010
1010001110010000110101110100101011010011010101010110110011100001010001010010001100111001101000111111100111010110101
1010010101011110110001001111100110010011010111110110101101001001011101101011001000100111100111001111010010111111100
1010011000111000110001110001000101010000101100010111001011101010111000111001100001101001100001001110000000100010000
1010011101110111110000001001110001111100101111101101110001000010101110010000001001100001001110110010100101111100100
1010101110000111110010001010110000001010100100111100111011001101101111011000001010101111000000001101110000110111100
1010101111000010110011001011110000011101001101001011101101101010101100111100000000011001010110000111111100110000110
1010110100001001111010100010111100000101000011011101100011111110111110001110010011101110101001110010011101000010001
1011001001111011110010101100101110001101010010101011000101110001100101110001111001001001011011010100100000101101001
1011010101010111110001010100001101011100101100010111000111110101101000011001100100111111101101001001000101111110101
1011101001110100110000100110100011000110111111110001010111100101110100111011101110111000110100000101010101010010110
1011110000010100110000110101111000001100110110101010000011010001100001111111111001111000111101011100111100100111001
1100001011101111110010101001000101010011010110000011000101101001001100000010000100101001010001100101111110111001101
1100010101111110110010101010101110000001001100111001111111101010110011000110000111000001111111111100000011110100011
1100010110111110110010101010010111001110110001000010101111001001100001110110100000000111100100111101111100111010001
1100011000110100110100100101100100010101010110101011100101001110011110001100101110100111011110100001111110100011101
1100011001011010111100001010010000000001001001011011001011011010111100001011101101111001101000100011111111111000001
1100011001111111110110011000110001110001010000100111011011101001101001011000000110110001001010111111110011010111100
1100100001110010110011000110001010000001011101100111101011011010001001110110111111011000010000111101011000111001100
1100110110011110110010100011011010100011011111111001010001100101011011111001001101110001111011010101111010111111000
1101001010110101110001011010011110001011010001010101001001001010100001111010000111001001011000100110100110000001101
1101011111010110111101010000011101011000111011000111110101011110111010010100111101110000101001110100110011011000100
1101111110010111110010100001000011001110100101010010111001011010110001011000111001111000101001101011100001101100000
1110001101001111110010110011110001001001001011010000111001010010011100000011111010100001101110101010000001001001101
1110010111000011111110101111101001101000101010001000101101011001111010110100001010101111000111001110101000101111111
1110011000011001110100100110000011001011010010000110100001011101000101110100100100011110101010011111001110100010010
1110100101101000110001111100100111000110110011110010010111100110100010110111001110011000001100000111100101010100000
1110101110100010111100100001000010110001010000011011010011011110100000111111011001101000000110111011011101101100110
1110101110111001110101011111111111011000111010001010100011011110101001100011111010011001011001011110010001010001000
1111010000010111111100111011100011000011001100011011001111110001111010100101100010110110001010110110011010011010000
1111110111010101110011001100010001011000100100000100011111001110001110001111110001010001110001000101011100001000101
1111111010011010110100000110011000011110110001100011111011011001111110100000000010000001010100111101011111100110100
