0000001110111011110010010000010001101000101101011011001001000001000111010001100101011
0000001111010101111000101000001111000101001111110001011111111011001011000000000000011
0000010101101000000010001100101000010100001110111011101110000111100000001011011110100
0000011010111101100111110110011000100101001101101101000001011000000110101010011110010
0000100010101111100001001100111011010011011110000100101111010010010100011011101100100
0000100010101111111100110110001000111011011011111001111010110110111100010001100101000
0000110010011011111001100111101000110001101101001001011100100001010101011111101000001
0000110010011011111101100100011000000010001010111110010000000010110010001111000001110
0001001100011101111001010010010011000010110111101000001010011111100001000100011111001
0001001101110011111101110000001011010001111100011101001111010010011000010010001011111
0001101011101110001111111101101101101001010011011101001101011001001011100111111101100
0001101011101110010011000010000001000110101110111000000111100100000001100011100010110
0001110100001111100001101110001111100100100000100011011000111001011001001011010111001
0010010001001100010101100101010101011011100100110011100101000100111111110010010101100
0010010100010000001110100101000101010100001000000010010101001011110011100011101011000
0010010101111110000101000110101111011001111101000101101000010100111111011110110110111
0010011010101011110110010000111101011011011001100101010001111100100110101111011111110
0010011011000101101100111101111110101010100111100101001001100111010101011010101001101
0010100111100101101011010101001101100111111010000100101010011011010110110101111111110
0010101001011110001001100110100110101011110001000101100111101001111111010111001010000
0011000011011110011010000110010011100101100101001010101100101110011010110101111111110
0011010010000100010001110010110110000010110001010001101001000101110010000011100111001
0011110000101011101010001110111001001110010010110110100010100100000100011100001111011
0100010000010010110111111101101110101001000000010101011101110000011011101111001101111
0100011110101001010100010101110001111101011101100110000100010101111111011111100001111
0100100010001001011111000000111100100101001101101101110111000000101100111000011100011
0100110110001111010001011010111010010001111100011101010010000000101011111001001011000
0100110111100001000111000011100011100001010010000101000010000010011011011011110111011
0101010111101000110100010110101101011010100111100010101100101110011000000001010111000
0101100001000001000011001010101011001111101100110000010011010101011110000000001001110
0101110100101001010110010000111101010111000111010100011010110110110010011000010000001
0101110101000111000000101011010000110101011100111110111101111101100100000111111000011
0101111110100000111011010111011111000110010011101111100100111110010000101011000000100
0101111111001110110000000010010010000111000101001110000010000110100011110011000010100
0101111111001110110110010011100001110100001100100110000010000110100010000010110000001
0110000000110000110101101100110001010011001011110101001110001110100100110000110111100
0110000001011110101101101111101110101000000011000100000011110001111111011010111011111
0110001111100101011100101011111111001000000111100001000100010001000111011001001110100
0110011111010001001000111110001110100110101100100100010010000100010000011011110111000
0110100011110001010110001101001010110010100100100110111101111101100110001110001101010
0110100110101101001000010110000010111101110101000001110111000000101100011011110111000
0110101101001010111111010111110011000001111000111110001111011011010010011110100100110
0110110010101011000011100001111011011101110001100100100101001101110111011110110110111
0110110011000101010101001110000101100110101100100101100000100110011101000001011110101
0110110110011001000000111100011111001110000001111111111101011111001100010110011101011
0111000011111000110001101100011101101111111011011101110000001111001101101100101010110
0111010011001100110001100110100101101000101011100011110001011110000010001100110100101
0111010110010000100101010010111100100111010010100010000110110101001110111111110110010
0111011000101011011101100100011000111101110011111001110111001101011100110110000011011
0111011001000101001100101010110001101010110010010101111110001000100001111011100000101
0111100100001011001101110001000101101111111101100100111000010010110110011000001011101
0111100100001011010000110100110101100110111111101100100010101001110100011110101101000
0111101011011110100000001001100100101011001010101011011111010000101001011000001011110
0111111110110110100101100111000111110001111110000000111101011011110100010100111111000
0111111111011000101010110001111010111000000111100110111111110110110101001101100011110
1000010000010011001001000100010010011111111011011011011101010110001001100000001100001
1000010100100001001101011010010101000110101110111000011111010100010000100011110000111
1000100110111010100110101101101100101001010011011100000011010111101111101100111000100
1000111001011011000000101011010000011111101000010011110100011010110001000110111101010
1001001001100110110111100011000101111101001110101111111001000111000001111110111010101
1001101010100111000000011101110111000101110010100111101111010110101100011110101101000
1001110000011010111110000110111111000011100111110000011110100011001111101100111000100
1001110100101000101011101001010010000110111011001001111010011101011110110011010000101
1001110101000110110011110111111010100001000111110101010110011000100101011111110011101
1001111010010011011101100111000100000001000101101001110001010011110000111100010001011
1010011010001100110001010000000010010010011101010101010111000100011010000111101010001
1010011110111110110011110111111010110110010101010001000110010111100101100111110100010
1011011101110110101011011100101001001100110110010111001010111101001010100111110100001
1011101011011111001010010011001110011111111011011010000001110111011101011011100101001
1011111010000101001101100101010110000001010110100001010000001011111010101000111100001
1011111010000101010000001000101010001001010111111000111101010110000101101011010010101
1100000000000001100001111010011100010010011011101100111101110000010100110110011000111
1100010001011011111111100001010100101101100010101011110011110011000001001110010110101
1100010100000111100111101011101111001010001011100111000111000110101001011110111111001
1100011010111100000110100100001000101010100111100101001000110110011010110000100101110
1100011011010010001110000111110001101000101101011010111100001010111001000100000100101
1100110010011010010010111011000001110000101110011000011100001110001101010101100001101
1100110110101000001100001011011001101110111110110100001101110110010011011101011000000
1101000010100111100011111111010000000110101110111001011011000101010111001010001001111
1101101110110011101011000010000010010111101111110011100000000000001101111100000011010
1101101110110011111011001010101000111010100101111111110110110111110000001100111101011
1101111010110101111011111100001111101101011001000101001101111111011011101111010110011
1110000101001011100110100100001000000011001111010110001101011101110001011100011101010
1110011011000100001011111110011101000110010101010110100010101001110111011000011001100
1110011111110110001111100000011010101111000000110010011011100111111100001101101010011
1110100110001010001011110100100101001110010100001111010010001101011000000000000000000
1110101000110001111100101011111111011101100010101100111110101010001011010111010001100
1110101101101101110000100011111010111011001000110001000110011010010100000110110100111
1110110011100010000010010010000011011111010101000101100110011110100001101010011110001
1110110110111110001111111101101101001011100000010001101001001000000000001111010011100
1110111000000101100110111010100011101001111101000011001110001110100111010100100100111
1111001100001010011001000110000000101111111011011101001000011101111011110111010100000
1111001101100100001101011010010101100010001000100011001110100101000110101110001000110
1111001101100100010000111101010001110101100001101001111010110110111111001101101010000
1111010111011001100110010001110011100101001011010100110110110011001010000100000100110
1111101011111001110001001101110101101001111101000010100000000100110101011010101001101
1111101111001011100111010111110000010000000010011011100000001101111110100001000000110
1111110000101010001000111110001110111101001110101111101110101100000000000110110100111
1111110000101010010001100101111001110011001111010001000111101101001000111001001011011
1111110101110110011110100111010111101110000011100011110011111110110011011010100000011
