00000001110100011101000111010100111
00010110001011110001010110000100111
00010110010110101100000010111011000
00010110101100001011000101101111111
00010111000101100010100010110010110
00010111000101110001000010110100111
00010111111111001011001001111010011
00010111111111001110100000001001110
00101100001011001011001100010001011
00101100001011001011011111111111111
00101100110001100010100101100100111
00101101000101100010111111110100111
00101101100010100010101011001111111
00111010000000110100111010011110100
00111010011101101001111101000111010
00111010100111100111011101000010110
00111011010011011101011101001101001
00111011010011100010101011001011000
00111011101001000000010100111111111
01001110000000011000111111110110001
01001110000000111010010100110000000
01001110011101000000001001111001110
01001110100111101001100000000100111
01001110110001101100000010111000101
01001110111010101001110011101111111
01001111000101010110011000101011000
01001111000101100010111000101100010
01001111010011110100110100110100111
01001111110100000000010100110000000
01001111110100110100101001111001110
01011000001011001011001011000010110
01011000101100001011010001011011000
01011000101100110001010110001100010
01011000110001010011101110100100111
01011001000101010110000000000001011
01011001000101010110011000101100010
01011001011000011000101110101001110
01011001111111101100001011000101100
01100010001011111111110001010000000
01100010101100100010101100011011000
01100010101100100111000111011101001
01100011000101101100010110000110001
01100011010011010011110100111010011
01100011010011111010001001111101001
01100011011000000101101100010001011
01100011100010001011000101100010110
01100011100010001011001110100000000
01110100000000010011101110100000000
01110100011101011101011010010011101
01110101001110101100000101101000101
01110101101001000000001110101011000
01110101110100011101011101001000101
01110101110100100111001001110111010
10001010010110010110000000001111111
10001010010110101100001011000010110
10001010101100011000100101100101100
10001010101100100010111111110001011
10001011011000001011011111110110001
10011100011101011101000111011110100
10011100011101111010011010011110100
10011100100111011000100111011110100
10011100100111111010000010110110001
10011100111010101001110100111110100
10011101010011000000011010011101001
10011101010011010011110100110010110
10011101101001111111100101100101100
10100110000000000101101100011100010
10100110000000100111001001110000000
10100110000000110100110110001011000
10100110111010100111000010111010011
10100110111010110001011111111000101
10100110111010111010000111010011101
10100111000101001011010110000101100
10100111010011011000100101100110001
10100111010011111010011010011000101
10100111101001011101010100110011101
10100111110100000101101011000110001
10110000110001010110000111011011000
10110001101001111010001110100100111
10110001111111000101111000101000101
10110001111111111111110110000101100
11000101000101011000100010111011000
11000101100010110001000101101111111
11000101100010110001010001010101100
11000101101001110001001011001010011
11010010000000000000000111010100111
11010010011101011101010011101001110
11010010011101111010001110101001110
11010010101100011000110011100001011
11010011001110001110101110101101001
11010011001110101100011000101011000
11010011010011010011110011100111010
11010011100010011000111000101011000
11101000000000011101010011101101001
11101000011101001011010110000110001
11101000110001111010010011101010011
11111110001011100010100000000101100
11111110010110100111000010111011000
11111110101100100010110001010001011
11111111011000111111100010110001011
