000010000000001010101111011011011000001011100010000110000000001010
000000000000001001011110110100000101111000000011010110000000010101
000110000000011011100101011110101010111110000001001000000010001111
000000000000000010110011011001110100100001000010001010000010100000
000000001100000001111111111011001011000010010010001010000011100010
000000000001000011111111101010011111101000110001100010000110011000
000000010100000010010000100010111111001001011110110010001000011100
000010000010000001011001101100010100111100100000001100001000111110
000100000001000011000011000101010110111011000010111110001001000001
000000000110000010101111101100001100011110100111011110001011011110
001110000010000011111001110000111010001011010011010110001101000011
000000000001001011001110111010001011110100011111100000001101000110
000000000000001010001010000101111110100000000001000000001101101110
000000000000000010011010011000010100110011010010000000001110001000
000000000001000000000100001100010001100100111101000000001110100100
000000010000011010011100101011010001111100001111000010001110111001
000000000110000001010001110111011110100001010111011000001111010000
000000001010010000100000110101100011011110001110010010010000110010
000000001010000000101110011011111001010100100010001010010000111110
000010001000000010101000010011100010010000001101111000010001010010
000000000000000010100000111001111101011010110101111000010011001110
000100010001001011001111100111000010011110000110100100010110110000
000100000000000000111100100011000001000010010101001000011001010001
000000000010000001001111011011001110111100101010000100011001111011
001000000000010001001100101001010011100011011110110100011011010111
000100000000000011000001010001100010011111000010011010011101001011
000000000000000010000011000011000111101110110111100000011111111001
000000000101000000011000001000001000000010110001010000100001001001
000000000000000001101110111101100001111101001001010100100010111101
000000010000010001011011110111000001101111111000001110100011010100
000000001110001000000100001111000000111011110100000110100100010001
000000001100000010000111110110101111100110001110000110100101110011
000110001000000011100000111101001010101110010111010000100110010011
000000000010010000111000000011000111011101101001110000101011010001
000000000000000010001111010000000001101111000101101110101011101011
000000010000001010011001010000001000100001111010001100101011111100
000000000001001001001100111011001010001000110101100010101101001000
000010000000010001010011011101100001000011100111101010101101100001
000110000001000010111111011101111011101011000110101110101101110100
000100000000010011001011111010100010101001101110101110101101111011
000000001000000010000111000111010111100010011010110110110000100010
000000000000000010000110110011010110010110101010101110110010000010
000000001100000001110000011000111001110000110000100100110011011001
000000000001000000011101110000010001110011111110110000110110100000
000010000000000001000101010000001110000011000101111010110111010011
000000010000010010110110010011100001000101111001010010111000101101
000000000100000010101101101010010111001110101100110110111001100001
001010001000010000010110100000100000001011110010010110111100100011
000000000100000001010110010111101010111010101101001010111100111000
000100000010000011100100010100010011110001101000100101000000010010
010100000000000000111001010011110010111000110101001011000001010000
001010000001000000000101101101011011011101010001111011000011100011
000000000000010010001100101000111011111100101101000101000011101010
001110000000000010110110000100111000111101010011101001000011101011
000000001000000010001100011110101100010101001010011011000100101001
000000000000000010011110111111100100111111000110001001000110001101
000000000001001001010111010011011101010001000101010001001101111010
000110000010011011100110011111111111101011111110111001010001111101
000010000000001001010011010110111110111010011100010001010010001100
000000000100000010000001101101101010110000101000101111010011111010
000000000111000000101101110001101000100110101001011011010101000000
000100010001001011011100000001010011100011101000101001010101110010
000000000001011011000101011000001010000001011010110011011000010100
000000000000010001110000000111110011001011101011001011011000100001
000000000000010010010101110011001100001101110100001011011001010010
000000011100000001111111101101101001111011100000100001011001010010
000000000101010000011111101010011000010110110111000111011010001010
000000000001001010001011100011101110000111100011011001011010010011
000000000001011000110101101010100101010001110101110001011010011101
000000001000001010011001110010110101111000011101110101011010101111
000110000000000010110000100110010010011101001110101011011011000110
000000000000000001101010011110111111100110011000111101011100111010
000000000010000001001111000101101101101111000111011111011110011111
000000000000000001011010010110011101101101000101000001011111101110
000010000000000001011111110011101100111110111001100011100001000010
000100000000000000111101111101000011001110110011011101100001010000
000000000010000010000111000100100010000100100010001001100010101001
000000010110001011000101001110101110001111111100111101100100101000
000100010000010000110001110110100000111110000100110001100101111111
000110000001000011101000100111111000001001000100000111100110111011
000110000011000011011011000011101000011100101001101101100110111100
000000000000000001100001011001100010011100101111111011101000011001
000000001010001011010100101011100000100101100011111111101001011100
000000011000010001010001101101000000111101111110011001101010010001
000000000001010011100010001100000101101010000000100011101010110011
000100000100000000110010111101001011011010100101101001101011110100
000000010000010010010000101110000110010110000111100001101100011010
000000011111000000000111010101110011011110011011000011101110001101
000100000000001000111000010101011100000011111101101111101110100100
000000000000000001001110001111100011010001011000110011101110111001
000000000001010011011100110100011001110111100101100011110000001000
000100010100010011001001111000101100000110000010110011110010000110
000100010100001000111001111100000100011010101000001001110011010111
000000000001001001011101100001001001000100100001110001110011101111
000000001000000001111100110000101100100000100011110011110110101000
000110000101000010011011010001111101101011010110011101111000011110
000110010100000010011110110000100011101101101100011011111001110101
000100000000011011011101111010010101010001110100001011111011000001
000100000000001000101001000100101011110101110011110001111100100000
000010000000000010100010110100001010111101000111000111111110101001
