00000000000001000000110011110100011100000001110110110010010101110001
00000000000000000111110011001011110001000000101000101110101100101001
00000000010001000100110110100110000101000001001000100111100000111001
00000000000001000000001010111000100111000001110110011110110000000001
00000000000000000110110000111111100111000001000101011010110110010110
00000000000000000011100111001010000000100001000010100111010100000100
00000000010010000111111010100111110011100000101110111100000011100010
00000000000000000010001001011110101011010001100100010010001111010100
00000000000001000001000100010110010100110001110011001101000000000111
00000000000000000000111110001111010010110001111011001111101011010100
00000001110000000111011100101001110000001000110110011100110001010001
00000000000000000000011101010111011001001001110110111101000101001010
00000000000000000001101110110101011000011000011011011001110010100110
00000000000000001000000111101000001010011000001011111011101000001100
00000000000000000010010001000001110111011001111110000010111000001110
00000000000001000000010111101110011111011000111101101000001100000000
00000000000000000001000111000001101011111001111010011001111011001000
00000000000000000010111001110001011111111000100110101111110111101010
00010000000001000010111101110011001101110001111110011011110100111100
00010000000001001000111110110100010011110001110110111011011011101001
00010000100010001011100001111000000100001001011111000101000000010010
00001000000001000010100100100000011010000001001010001010001110010111
00001000000011000001000011101001110011010000011111000011101011000100
00011000000001000001101010111000011110011001011010000101000100001011
00000000000000000010010111110001010000000011100101010101110000011000
00000000000001000100100101100011001000000010100010010111110000001110
00000000000010000111111011011111010001000010000000011111010101101101
00000000000011000000000011010011111101000011100110011010110100000100
00000001000001000000100001110011010011000010100111011101111100001010
00000000000001000000001011001001100110110011010110010001110001110110
00000000100001001001011100110101111100001011101000010001100100010010
00000000000000000011110010110111111010001010100000111000101101001001
00000000000001000101000000110001001101001010010111000100100011110101
00000000000010001111111001011001111101001010000011110001101100111010
00000000100000001011011100000110100000101011001110010001101000010010
00000000000001000000111001111010001000101011010101101110000101010001
00000000000000000100001101000111001000101010001010100001110000010010
00000000000000000000110100001100000100101011010011111011111100110110
00000000100000000110111000010001101000011010110001100101110100001101
00000000000010000011111101010110110011011011011111111010011011011110
00010001100011000100111110010111110010100010001110001100111011010011
00001000000001000110100110011001101101100011000001010111010011100010
00100000100010000011000001000001010000100010111011101111001010111001
00000000000000000011001101111100111000000100100100110110111011011011
00000000000001000100110100000111010000100100110000011010001100001010
00000000000010000011100101100010111110100101011001011011110010001101
00000000000001000100011111010111111110010100100001110010010000111011
00000001010001001000010101010001110011010101110101100011110000001101
00000000100000000111100010010110110111010100011101110111010011101011
00000000000001000000111101111111110111010101010010001101010101001011
00000000000000000011011111010110111000110100110010011011110111010010
00000001100000001011000001101110110010110100010010101111101001101010
00000000000001000101110101010100011110110101001010110110111010011010
00000000000001000000110001111111100001110101111011101010110100001111
00000000000000000110001001001101111011110100100100000000001000001001
00000000000000000101010010111110111100001100011000011000011011011100
00000000000001000000110100110011110110001101111001100100000000111011
00000000110000000011001001000111111001001100110010000111110101100011
00000001100001000100001010111110100010101100010001110101000111001100
00000000010000000000110111100011000001101100110100011100001010111010
00000000000001001101100010010100000110011100000100110110000010001110
00000000010001000001100000010101100011011101010000010001110010001010
00000000100001001111010101110110111111011100011101111011101011101000
00000001000000001111001100001001110000111100001111111011001100011100
00000000000000000101011011010011001000111100010110110110010110101011
00010000000011000100111101011010001100110100110011001001101101011100
00010000000000000011000001000110001010011101100000110111010001111101
00001000000001001001010110010100011101110100010011111100000110010111
00001000000001000001111110100110101000001101011011000111111100001110
00101000000000000101001101111110111011011100101111111101111100110110
00000000000001000110001010110100111110000110011001111111101100110111
00000000100000000111001010100111100001000110010101010111100111111100
00000000000000000111101111111000001001000110010101110011001110100111
00000000000000000001101100000101001000010111000100001101110001010011
00000000000000000010010010011001101000010110111000110101000011101100
00000000000000001001101101000001110110010111111111101100101001000000
00000000000000000110001011010011001110010110110111001010010110001001
00000000000001000100000111110001101001010110111000001100001101010000
00000000000011000100001001000011000101010110000100010110111011100000
00000000000000000010011111110001011100110111111101010001011111010100
00000000000000000101111001001101001110110110011010100000111001011000
00000000000000000110101010001111111101110110110101000000000101011111
00000000000001000100010100110011010000001110110001010110100110000001
00000001000000000010001010000001100010001110001101101101100000010100
00000000000000000010001000101100111111001111100000001001110000101010
00000000000010000111100000011111100110101110110010001011110011110011
00000000000011000100000100001111010001101110000011010010000001101000
00000000000001000101100000111100001111101110101111110101001101000011
00000000000001000100011110100000000100011110011000011111001000001110
00000000000001001000010001011111000100011111111110101010100001111101
00000000000000000011010101010110100001011111010100101000100110100110
00000000000000000100100101000001011000111110110010011001010111100100
00000000000000000010011011100101110110111110110000101101010001100001
00000000000000000011100101010100010001111111000001001000011100000001
00001001110010001110111100011001001111000110000110100111011101001100
00001000110001000110110011100111000001110111001101010100011000111110
00001000000000000001010100001111111111110111000111000101101001010100
00011000000010001110111011101100000010101110000011010000111100010110
00100000000011000000001101110000011100100111101001110001011111001100
00100000000101000111100100100101010100011111000001000001101101111000
