000110001000000100101110000001010011100110011001000000011000000101000101011010010000011001
000000000000001100001000010010111111101011101000110000010010001010010011001111001111001110
000110000001110001001000110110101010000111001011000000100111001111110101000111000011100101
000110000010100010101100110001101101001111111101100000010101101101101000100111101000000111
000000001000110001100010011100001110000110100011011000000110100011101110110010011010001100
000100000101011100010101000011110011000011110110001000000000100100011100011111010000101010
000110001010011011100010101101000001000001010001101000010000000110010101001001000100110100
000100001110011011111100011100000010010001000100011000001110001100110110101101011111001001
000100001011010000101101000111011010111110100101111000110101010111101111101011101101001111
000010001011110110111100111010000000001001011111001000101011110010101110101101001000010110
000000001000001101111010111000110011110111001000100100101101101110011010111110011100100000
000000000000001110010011010001011100101000100110100100110001101111110010011001000101011101
000100000001000110100011010001100110100000011001100100101000111110110000110100100100001100
000100000001010101010111101101111101001111010101110100001111100110010110101000001011110001
001000000001110111011110001110100001110110101000000100100110011100011000111010110000000011
000010001010001000111100000001101100111101110000000100011110111101000010111100101001100001
000010001110001011110111111111100001101000110110010100111010011010100000000111101001100001
000100000010110001000010101011001110101010110110000100110101010101010010110011101101111000
000100001011010001000011100001001001000110101100000100001101001111010100101110010101110100
000010001011111000111100101001111011000111001011000100101110101010001010111101110000111111
000000010100100011110101110101110100011001011000011100111100001011110010100101101111011111
000110000101011000000010110101111101110111100000101100010100100010010000010010000000110011
000110001001101111110000111010100110101000100110001100111001010001001110101001100110001011
000010001111010101001111011010010010101011010110001100111010010000101011111010011011110010
000000000000000100010110001111110100100100001010000010100011101000001110100101110000110011
000000000000011100111000100100100000100110010100110010100110110010101100010000101011011110
000010001010100010110101001010001100101001011011010010111010001101000101101101011001100000
000000000100100011111000000011001100110110100010011010010100000001000000011110101010001001
000000001001011010000011111010011110011101100111101010010011001000000100111011100001110001
000000001101110110000000100100010101100011001000111010001110111110010101101100011101100110
000100001010110110000011101100100100111100101100111010010011100001110000110010000100000101
000100001010111001101100011101000000011110101110001010000100001001100101000000001010110101
000110000111010111110010001101000110010010011111101010001011011100101010111101110111111011
000010001011101001000100110010110010011000111101101010101011011011000110110110011010000000
000000001000001111000001011000111010110011001001110110110011110100100001011101110111001000
000110001001001000010110100111100000101111011010010110100100011000000111111010000001001000
001000000001010010001111011011010000011000110100010110010110110100010001010001110100010100
000100001001101001010000100000001100011011001001010110000001111000001010010010101110011001
000100001010000000000010111010001110110001000000100110101011011100000100101111100111001110
000010001010100011101001100111110000001010000101100110000101011101111101100110001001110001
000110000010100110010010111111110101011010010001000110001101001000000011010100001010111001
000010001011000110000101001010101111010011101111110110000001110110110111100101100100011010
000010001011010010110111111111101101011101100111110110000011011010101000011101001101111001
000000000101100111101001100000001100011111111010011110101001000111011100101010110101101011
000100100101111001110110001010000011001110010100111110010011111001100000101000111110011100
000000000110001001010110011000110000101000010010101110010101001110110000010111011101111111
000110000110011010001011011010100110000111101100111110000000100101111011101001110001100000
000100001010100101000000000000110000101000011001111110100101010000100001110001011011100111
000010000110101111111011100111010101001000010010101110100101101101110111011110010100010101
001000000111011100010100001010101110100010110110101110010100100000111011000110011100111011
000010000111111110111100101001000000100000000111011110111110000001101101011011000100001010
000000001000001011111111011010000100001010000111000001111100001101100001111110011101001101
000000000001000011010101111000111000000111110001110001001100000010100110100111011001110110
000000000001000110101000111000100101100011100001110001101110111100000011101000001100000010
000000000001001011001110101010001010100110101101100001011010101110100010111111000010110011
000000010001010010011001101100011000111101001010100001100001011011110100110110011000011010
000100000010010010101000000101001010101110010011110001111001101111010100101110001011100001
000110001000101010001011001101100011110011000110011001111010100001001100010110111001101101
000100001001011111110110100001101111011010011000101001011111001000011010100100100101010000
000100001110100110100110100110100000100100000010011001111010101010101101100001011000110111
000110001010100111001111101010111101010000110100101001101011100010001101100101010100001000
000010000100010000110010011100000101010011001100100101110011000110101110001001000000100001
000000000101000001000001011100110110100000001111000101010001010101101001100010100111000000
000010010001010000111011111100001110001111101001100101110001000110101101011001111000001011
000110010001101110001010010101010111000110001110000101011011110111111101001010000100100000
001110001110010101001011010001111111100101010101110101000110100100110101001001100001000010
000110000010111000011101001101001000110010101011010101101010110001110010010101000001101100
000000001000000101110111000000111111100111000101011101001110010100011000101111011111010100
000000000100110010010011110001011000110100111000111101110100011010111011011111000011101110
000100001100110100101110010001001010111111010111011101101010110100011111101001101000000110
000000001000111111100000100001000010110110111101001101111000101010101101001101001110001000
000100000101100011000101001100001010010100001100101101001011111011111001101000000111010100
000010000110000100000100110010100000101010101001011101001100001011100111111011011100100000
000110000110000110101100010101000000101001101100111101111001001111100111101111000000101001
000100001110100000001111000100001111101001100111001101000110000000111101101001111100010110
000010000110110011101100001101110001100110011110101101001000001100001011100100110101100100
000110000110110100100001011010110010100111101101101101001101000000101001100100010010000111
000000000000100101101100101101010001110000100101000011010101100010110001100101011001000011
000000000000110100110001000010101100000010111000000011010010111100100101101100011100010011
000010000001001010100001010110010101001101001110000011010010101101110110010110000101001110
000100000011000010001000010001000111000001111111110011111100011110010110111100000010110011
000000001000010110110010100101010111011011101011011011010110111100110110001100101011001111
000110001110010100010000101100010010111001001100011011111000111110011010110101011100001110
000100000110011011111010011001001101110010000010111011101010110101111110111010101011100010
000110001011100000100101000010100001000000110000001011110100000001000010010111011010100000
000110011111100101111000000101110100100001011111111011110011100011000001000001100101100110
000010000111101010101010111111001100011000000100011011001010001001111100101001110001110010
000000010001010100000101001101011111101111001010010111100000111001101000010110110111111001
000100001001111001011001001000101000110111100110000111110010110000101010110101011001110100
000100001010101111011000000010000010011110010001000111010011000001111101000010000001010000
000000000011000100010000101111001011101111001111100111010100001001101110111110000011000110
000000000011110111010001100111000011110111100110100111101001110010001110111101110000000001
000000000100110101101101010101010100110011100111011111000010101001110101100010101101010001
000010001000111000100000011011100001011010011111001111101100101010000011101111101010011010
000000000101011000001011010101101000110111010010001111111011110101111110001100100111111001
000000000001011010011001111101000010100011110111001111001001110000011101000111110000010000
000000010001111010110001010110011110110000010011011111011110101111110100101100011100011011
000010000110101110010010010101010110001001000011001111111010001101011101000111010010100000
000100000111010011011000100110111110111100011000011111001110100110100101100000000110010100
000010000111110101010110000100110101100100100011001111100101011111110111100111110111100100
