000000001000000001001100011101010001100000010001000011110111
000000000000000100001000001001010100000001111010011111111110
000100001100000110100100011101101011010000000001100100101100
000000001000000111000101110101001010101110111110000100100111
000000000000001010000100010101110010011101010000001110111101
000000001000001011110010010011011110111101110011110111111011
000000000100001111010000101100101111111000101001011011010011
000000000100001111010110100101010011100110111000111011000101
000000001100010010001011101101101000110000101100000010011001
000000000000010111111111101000000100011010100000110000000010
000000000100011000010101010001110011011011101000000000000000
000000001100011000100110101000101110111100100100000001100001
000000001000011000110010110110000111000111010001111101101110
000000001100011010101000011010111111110110111011101101000000
000000000100011111010000010010111101101010010101111001010000
000000000100011111011110010000101011011000000011100000011001
001000001100100001000101110001100011010100001000010111101000
000000001000100001110110010111111100010111101101100010101110
000000000000100100110101010111001110011000001001111100101110
000000000000101000100000111001100110100100110010011101001110
000000010100101011101011000000110111001100001011011001100001
000000000100101011111110110011100111101000001101100111001001
000000001000110001101010111011101110110111001000111001001010
000000001000110001101100010111010111100000010111110101010110
000000000000110010000001001111101000100001101011001111000001
000000000000110010001100000111011110000011001010100111000101
000000001100110010110001110000000101101001101100010101101000
000000000100110011001001000001010011100011110110001001101000
001110001100110011011000101010011111000111100011101010011010
000000000000110011110101111100111010000111100110001100000110
000100000000111001001111100100111000011111001111100100100101
000000011100111011011010001111110110101110001100111111011000
000000000001000000100000110111111100001110010011111110100101
000000000001000101100001101100111010010101100101010000101100
000000000001000111000000100011110100001110010111100010111000
000100000001001001110011010100001000100011111101110100010010
000110000101010101011110010010101101010001010011010111100100
000110000001010110110000001101110100000111010101110111011111
000010000001011010001001010111100000011000110010111111101111
000000000001011011101110110100111111110010110010011100101101
001000000101011101101110110100100101110000101110011111100011
000000000001011110000010001110011110010100000011010010111100
000000100001011111111111001000010010011001001100001001111100
000010000001100110001111000100100001011101010000111111111001
000000001001100110101010010110000011111110110101000100001100
000000001001101000010101100111000010100101000100001010111110
000000001101101010100101100001010111100110011100101110101110
000000001001101011000011111101100001000101111010001010111001
000000011001101011010000001101001001000010111100001010001111
000100000001101110010011000110011110001101000011010010000111
000100000001101111111010100101000110111010011100101010011011
000110001001110000000111000110010000100000010011011000110101
000100011101110001111101101110000101000011111010000111111111
001000000101110110110011101111000101011110001101010011110001
000110001101110111011111001101001101000110101011110100010001
000100000001111001000100011011001110100001000011010001010111
000000000001111010100100010010001010010111000100011100111001
011100000010000000010011100110011000101001110100100101010100
000110000110000100010001011011100011110010011110011000010010
000110001010001011011010111110110101001101101110010100110011
001000001110001100101000101011000111101000010111011111010110
000000001010001110001100111100000001011100011111100000000100
000100001010001110101111000000010001000011101111111111100010
000110000110001111000011010010011101111110011101100110110010
000100000010010000110001110110000100010101011001001011100000
000100000110010011101110000010110001111100001100001011101101
000110100110010011110111110101111111101001001101010101101111
000110001110010100001111111001000100010010000000000001011001
000110001110011011000010110101000001010111101101100101101100
000010000010011011111011101000111101011100010010000110011111
001000000110011111110011010010010101100110010101101110100010
000100001110100010100111000111101111111010011011100010010101
000010001010100010110100111110111111000010000110111000000001
000110001010101011000111110010011001100100101101011100010010
000100001010101100101111001101111101111011000001111010100010
000010000110110001110110011010000011110111100010011101111010
000010000110111001000101110110011011011101100000000111011101
000110000010111001001001100001100000011010011101101101011101
000100000010111010101010100111110010000101011100100010010011
000010000110111101001110100110111101110101011000100001111110
000010001011000000100110101010100110101011001101100100001000
000110001111000011010000011100000001011101010101110001011001
000010000111000100000110001101101011110101111111010110010101
000010001011000110111100011000111001010100010110101101110101
000010000111001001001110000010000111100101011110011011101111
000100000111001001001111110001100101101011010100011010010111
000110010011001100011000110011010110111101110101010110001000
000010001111001101111001110111110101010011101101100001110101
000110000011001111100111010101101000100100000100001100000000
000010001011010110111110111000011111100010001111110101101000
000010000011011001011110000111011110010011010000001011101100
000100001111011001101011110011011111111110101111011001010010
000100010011011011111101100101000000110010001110100101111001
001100001111011111101001001010011101001011100010111111010101
000010000111101101010101010011101011101111110010000001000100
000010001111110001010001010111010010111110111101110010010010
000010000011111000101010001000011100101100110000100000001001
000010001011111010101110001010110010111100111101000100011110
000100000011111011100111111101110010101011011011001011101011
000010001111111111110111101110001000101010011001000111001111
