000000000001101010011011000101001101000010011010110000011010010110001011001101101100110011
100000010001111100101100110001110010111101101111010000110001101000101100000010101110111010
000000000000101110100010010011101011101101110001011000100011100001110011110011110110011111
000000000001010000000100110111011101110011100010011000010101010101000110100100100010000011
000000000001011001110001101000001101100000001110001000100110001001011110101101011011010111
000000000001011100000011011111001011000110011011101000001101011001010001001111100001000101
000000000001011101010111100010001101101110101001101000001111111100111110011001010000110001
000000000010010000010111111100111010110110111000101000000001101011000101101011011100001011
000000000010111010010011110001011000000000011010101000101001010000001111100011101011100111
000000000011010100100011011010000001100001101110111000110100110100111101111100101011000111
000000001010100001001100001100100000111110110011000100111011011100101111110100101000011000
001000001011100111100010010100110000111100000101000100000011011101100110100000111010001000
000000000011110110101111101111111101000110000010110100010110101001111000001101110111101001
000000000010101100011001101010101101101100001101111100100010001010101000011001110100001110
000000010010111001100100011110111000010110001011001100010100101011101101100010111101001011
000000000010111010011011011100101011111110011110111100110111000111101010101111111101000010
000000000011101111011000101111001101010101101011111100010110110001011101101011111000111011
000000000011110011100010011000111010110101001001111100101001001101000101001101101011010100
000100000011110101001110001000010111100001000111001100000000110100111011111110110011010110
001000000000011111101001001101010001110111110010110010100000000010001011011111001001000110
000000000000110101011001010011111100110010111010100010011011101100011101001100101111011011
000000000001000110100010000111111111001101110110100010000000110001011011110011000001000001
000000000001011001010001111001111101100001001111110010001111110000010100110110010001000010
000000000010000011101010000101000010010101001110110010001100011100010110111000010011111010
000000000010000101111000110100000000101000010001110010010111010110100010110110101010011000
000000000010010110111101111110101010111001100111010010111111111110100010000010001011000110
000000000000001001000100111001101100100010111011011010110111000100100010011011011001010100
000000000000110100000101110010100010010000100010011010110100001100001110110001110100100011
000000000001111100000010101010001110001011010110111010001100001111001110110011100101101101
000000000010000101111001010010100110001101010011101010100111101101101010011100100101101000
000000000010101000101110101001111000001100010010101010011010111100100110001001101100110100
000000000011101111101001010100100010000001111111001010010000111011010101111001011100011110
000000000000010110111011000000011100001011001110010110111100100001111110100011010001111100
000000000000100000011111100101101010000001101010110110011101101001011101010111101010111001
000000000001001100001000100001100100111010000110100110000111010011100010010001011101110111
000000000001010111101010011101001000100100110011000110010000011000011110101000110110001000
000000000010011101111001110100111111111110000000000110110000111100001011110100101011101000
000000000010100101001010110101111010100011011100110110010101110110000100000101110001000100
000000000000001000000011010001110111101001010100101110100001100010101011110111000111101101
000000000001010000010001101110000010001011111111101110011011101110110010111001001001010110
000000100001010100000010001100010110010110010101001110110110011010000000111010000111101010
000000000001101101110011111011010110010100110010011110111100100010010011100111110011001000
000000000001110000110000100110100101110000001100011110101001101000110011011011110101000000
000000000010010011001001011111001100011001101100011110000100011000110110101110101001000110
000000000011001101011010000111101000001101110110111110100110110011001101111110100101100100
000000000000000100110000101010101111110101011101110001111111111100110010111010111111000101
000000000000010000111101001000110111101010001010110001100101110001110111100101100000001011
000000001000101010000101100001111010100111000101110001011101011011000100000000011111100101
000000000001101010010111010110100100000101101101110001000011011110100010110000111110001010
000000000010010100001001100101111100100110110010000001011100011011101100011000011111011011
000000000010101010101010001101111100000111010110000001001101110110000011111110101110110010
000000000010111111101110110111110111000111011011100001111111110011010000101110100100111110
000000000011000011100111111001011100011111101101100001101001011011011111011011010000100101
000000000011110110001110110011111110100101010100010001011111001110100000010100100011011110
000000000000110100000101011010001000001111110111111001011110100000100111110111010000010001
000000000001101010110100110110100000110011000010101001110011110101000101110011010011010011
000000000001110111110001011011101110010010101000001001000101000101101110011110010110011100
000000000000001000111001010011010011110110011010110101011010001000011011011110001011001000
000000010000110100101101111100001010000011001000010101110111110011100100001001100000110111
000000000000111000001001001110011001100010000100010101000111001111100011011101000111100100
000000000001000011101111001111001001110001101100110101111100110000010101100110111000000100
000000000001010101101110001000100111000010011000010101010101011000101011100100101010010111
000000000001110101110101001011111100110111100010100101001110000110101110101000001001111000
000000000010010100101101101110011100100001100010110101110110001110001010011111110000111101
000000000010111101111111011000101101010001001000110101100011000001010100101010101010001000
000000000011001011000111101001101000010100100001000101110111001011001011011110101001011011
000100000000101100000100011100011110011101100011101101110111100111110111000000001010001011
000000000000111101001001011101000101101100110110001101101100110010000000110100110111010111
000000000001001000000110110000001000000000001101001101001011100000000101000010000101010100
000000000001001110110100010100111100010110111111111101001111111010001100111011100101100000
010000000001100010001111100000111001010011000110011101001110011000110011000100011001110111
000000000010001000010011010010000010111111010000011101000011101001001001001111110010101101
000000000010110010111011110111110100111111000111111101101010101111111001001010001011001000
000000010010111101011100011111010100101011001100001101100101111011111100111101101100100001
001000000011011111001000001001000000111110100000011101101001000110111001011010000110111001
000000000011110100011101010010010001111001011101001101110000100001100011000001010011111100
000000000000111001011000101111000101011100010010010011111101010011000000101011111100100111
001000000000111100001010010011101110111011001000010011010000000110010011001010011111111101
000000000001101010011000011011101001111110111110000011001010101101111001100100001110011010
000000000010001001001101100110100110101001010010000011001111100010111101000100011111110110
000000000010100111111111001011000111001011100100000011001000001001111011101100011001111011
001000000011010000011110101010101110001101010010000011111000001110010110111100010110010000
000000000011010101011000101011111010000111000100010011101111110000110100010101001101000100
000000000000100011011101111010000111100100110100101011100001001001010000001111010010000100
000000000000111001001000000110101110100000100101101011111111101111101100101000101111111011
000000000001000010100011111100000000000100011011101011001011101001101110000010101100000010
000000000011011101101010111011010010010001101010111011100011010100100111011111001100100000
010000000011101110101101000000001011100011101001101011111100110010001110011001100001000110
000000000001110101111100000000100011000100101011000111010111010111101111110011110011111110
000000000001110111111100101111101000101101101101000111100001110001011011110111111101111111
000000000010000001011010000110010001001001010110010111100011001101011001001100110101101101
001000000010001110100000100111001100000101010100010111010111000011000111010101010001110101
000000000010100010100100010011001100000101111000000111000111101011011001011010101010001101
000000000010100011100101110101011011011101100111100111100101000110010010111100001110111100
001000011011011010111011100011101001000011100110010111010110110000100111010101111001101101
001000000000100001000100110010111111100010001111111111111000101000010111000111101100001110
000000000001100110101101111000010011000000011100011111111111100100000000010011100011010101
000000100001110001101001001011011100110000111101101111111011101110011110111101100001010011
000000000011100011010001010100010101001011100010011111100111010010010100100001101001100010
000000000011110101010100111001010110010110110111001111000000011011010111101100100000001111
