0000000000000111100000000100110011
0000001000100100101000001100011110
0000001000100100011000001100101000
0000000000100100111000000010010010
0000100000101000000100001110011110
0000001100000111000100001001000100
0000000000100000101100000111010010
0000000000000010101100000111010010
0000000000000110011100000011101110
0000000000000000111100000101101001
0000000000100110100010000000001011
0000011101000011100010000110100110
0000000000000001010110001110001010
0000001100100001001110000110101111
0000000100000010110001000111111010
0000000000101100111001000000110011
0000000000000110010101000110000001
0000000000000001111101000111101011
0000000000100101100011000111010100
0000001001100111100011001101111111
0001000000100001000100000111110101
0001000000100010010100001111100111
0001000000100001110101000100100110
0010001001001011011100001110010000
0010000001000011010101001101110101
0011000000100001001011001000101011
0100000001100100001110000111011110
0101000000100011000101001011111001
0000000000000010001000010111110110
0000000000000110111000010100100101
0000000000100100111100010000011011
0000001000000110000010011100010000
0000000001000011110010010100101101
0000000000001010101010011111011111
0000000000100000011010011001001110
0000000001100010101110011100000101
0000000000101000111110010001000010
0000010000000010100001010000010010
0000000000100001010001011000111111
0000001000001100110001010011010111
0000000000100110001001010011110010
0000000000100000101001010111110000
0000000000100000111001011001110110
0000000000100000001101011000101100
0000000000101000000011011111110100
0000000000100001100011011001100011
0000000000000110100111010010001110
0000000000000011010111011011101101
0000000000000001110111011011101010
0001000000000001011010011010001110
0001001000100110110001010011100110
0010000001000011011110010000110011
0011000000101010110000010000100110
0011000000000001001110010101101010
0110000000100000111001011001000001
0110000000100011001011011011011101
0000000000000100100000100000100011
0000000000100101010000100111000111
0000000001010001011000101110100101
0000000000000011010100100001101000
0000000000000001110100100111101101
0000000000000101011100101001010000
0000000000000001111100101101110011
0000001000000110000010100100110001
0000001000100101001010101100100011
0000000000000011001010100101111100
0000000000000001011010101011111100
0000000100100101111010101010101001
0000000100100000100110100101101011
0000000000001010010110101111011110
0000001100000110111110101001001000
0000000000000001111110101100111010
0000001000100100011101100011101000
0000000000101001011101100000100101
0000000100000101001011101011001001
0000000001000011101011101011101001
0000000000000001111011100001111011
0000000000100100100111100100010011
0000000000000001111111100101110010
1000000000100111010100101000001000
0010000000110111101100100001101100
0011001000100110011000100011011101
0000001100000110110000111001110010
0000000000000111001000110000000010
0000000000000101011000110000100110
0000000000001011001100111110100001
0000000000100000000110111010111011
0000000000000011000110111001000111
0000000000100000001001111101111101
0000000000100000001101111010100110
0000010100100101011011110101101001
0000000001000100111111110100011110
0001000000100101110100110100001010
0001000000100101010001110110110011
0001001000100001101101110111010101
0001000100101010100011110100011010
0011000010100111011100111001011100
0101000000000010000001110011001011
0101000000100010100111111000000111
0111000000100001101010111101000111
