000000000000000000010010011011
000000000000000100100011100010
000000000000000111110011100111
000000000000010101000011010101
001100000000101100100101110001
000000001000101101110110100100
000100001000101111010110111010
000000000000110110100000111001
000100010100111110110111110010
001000000001001011010001101100
000000000001010011010010100100
000000000001011001000110000111
000010010001011011100101100010
000100000101100100110110001101
000000001001101111000111001001
001000000001111000100100011000
000100000001111010110011111001
000100000001111011010011111000
000000000100000000111010111001
000000001000000010001100110011
000000001000000010101010000010
000110000000000100111001011010
001000001100011010101101001110
000000000100011010111101100100
000000000100011101011011110100
000000001000011110011001110110
000100000100011110101010100010
000000001000101001111101000011
000000001100110000011100001010
000000000100110011011111001011
000000000100111010111100010110
000000001000111101001110011001
000000001001000000101010011011
000100000101000001101001100010
000000001001000010101101100110
000000001001001110101000000011
000010001101010011111000011010
000000000101010101011100010100
000000010101011000101101100000
000010000001100100111011010000
001000001001100110011100000000
000000001101101101101010011000
000110000101101111111111010110
000100001101110000001010110001
000100001001110010001001100100
000110000101110011001101111011
000100001001111001101000101011
000110001110000111010110110001
000100000010001001100010111000
000100000110001001110111011101
001110000010010010000010110111
000100000010010101010100001011
000010000010101010110101100101
000010000010110000100000000110
001010000010111001010011001011
000100001010111101100100111110
000100011010111110110101000111
000010000011000000100101101001
000100001011000001110111101110
000100001011000010100110011111
000100000011000100100001101100
000010001011000101000011110110
000100000011001001110001100001
000110000011001100110011110001
000010000011100000110011100101
000010001011100011010110110100
000010000011100111000110010001
000100001011101001110110000111
000010001111101001110110011101
001100000011110001100010111111
000010001011110101110101010000
000010000011111011100000101110
000100001010000101001110101000
000100001010001010001000100100
000110000110001111111010011011
000110000110010101111101010000
000100001010010110001011011010
000110001110010111001101110000
000110000110011100001111100101
000010001110101001101001111011
000010001110101101101011001100
000100000110101110111100000010
000110001110110001001010111111
000100000110111010011111111011
000100000110111101001100100011
000110000110111111101100000011
000100000111000001001001001110
000100000111000011101111010100
000110001011000100111111111000
000100000111001001101001110110
000010001111010100001011100100
000010001011010100101000100001
000100000111010110011111110011
000000000111011101111101001010
000110000111011111101110010100
000010000111101100001110000101
000010000111101101011101010000
000010000111110010101111110010
000100000111111100101110111110
000100001111111101111001010001
