001010010010101011110111100101100001100011110001100110101000000001
000000000000100100111001110100011100011110100101110001101100000010
000000000000101000100110101101011001011001111101010010011100000011
000000000000000111101111100011011011101100101111000001000000000110
000000001000110001101101010011100111001000011010100001000000001000
000100000001100000110010010100100101001011001110010110101100001010
000110001010101110010000001101111110001110011110011101111000001011
000010000000000010001000010100110010100001110100001000101100001101
000000000010000110010010000111011010000101000011101100100100010010
000000000100100001111101111110011111101101000010000010111000011000
001010000110100110110100110010010000000101000101001100000100011010
000000000001000011100011101001011000100001011001010001111000011100
000000001010101011010010101010000001010110010000100101101100011110
000000001010011100111000001010011010010010011010000111110100011111
000100000000010001110111001010010000100110110001001110011000100101
000000001000001010101100111011110011000001101101101010101000101001
000010001100101001111010110001000011001110001101001100100100101010
000100000001010111011001101100100010100101101001101001111100101100
000000000010000101101000100110000000011100011011101010010100101101
000110000000000101100001101101010000100100011111110010100100110000
000000010000000110011011100100001111001111011010000001000000110010
000000000000100001011101010111010001101011011110100011100100110110
000100001101011011000100010111011010001011101100101101110100110110
000000000000100100110101000110110000100100011101101000101000111000
000010000000000001101100110011001010100001001000011001111100111001
000000000000001010110011101111000011011110100001000011001000111011
000010001100100101011110011100101000101010110010111010001000111101
000000000011100000010110101110101000011001101010000010101001000010
000000000100000011000000000110011111011001010110000111101001000010
000000000001000101010101001001001111100100111111011111001001000100
000100001010001001001101101010100011001001110000110110100101000111
000000000001101000000000001110011010100101101110000000011001001100
000000000000000101101011101100101110100011010110111110100101010100
000000000000101001101010010110110101101110011011111111100001011000
000000000001000100101000000110010010011110111010001110111001100001
000010000010000101001111010110000001000100101001001001010001100100
000000000000000010011110010000010100101011011110000110000001100101
000000000000100000101001000110100100011111011100011111011001100101
000010000000000001011000010011001001000101010010100011011101101000
000000000010000010100000010101101111010111111010010110100001101001
000000000000100001010001100000110000110101100101101101001101101100
000010001000010110011001111011100001101001100011001111110101101110
000100000001000011000110000010010110000101011011101101101001110000
000000000000001010010111111010101001000110011001000010111001110101
000000000010100100101100010000011010010000101001111100101101110110
000110000100100101100111000010111010100100111101101010100001110110
000100000000010000110110010101011010000111000101011110001101111000
001000011101100100001011010100010010111001001010101010100001111011
000010000100100001110110011110101110010111000010001101101001111100
000110001101101100011110100011101110110010010001101011000010000001
000000000100110001001101001010000100110110101111010111011110000010
000000000000001011000100011110010110000110010001110011011010000100
001000000000100100001001101000110110011110111001011011100110001000
001010000001001011101001011001110010000011111100010010010010001010
000010001101011110110111010000111100110100001000010110010010001110
000110000010100010110111001011101000011011011111100001000110010001
000100000010110111001001010011001000011111100111011100011010010101
000000000000001011000100001100101010110000001011101101001110010101
000110000010101110011101110011110011000011101010101100110010010111
000000001010100011100011101010000011010101110110111001111110100001
000110001100010010001100011111111010100100100101111110001110100011
000010000010000001011100100000100111101001001111001101010010100100
000000001101010011110001001010110001010000110100000101100110100100
000000000010001000100010101001010100110111111110001111000110100111
000000000110000100111000101001100110100000010110111111110010110101
000010001001101000010101110000000010011010001001010000000110110101
000000000101100000000011011101100111000111011001011011110110110111
000000001001111100000001011100000111000110011000111100110010110111
000000000000110000011110110101111010110010010011101111110010111000
000100000000000000110000101001101111000001100001011001100010111100
000100000001000000111000110010001011110101110010101100110110111101
000000000011100000010011101110010100101101010010000010010010111111
001010000001000100011010101011111100001110100011010101101110111111
000000001110001110010011011010110100001110001010110010001011000001
000000011000001110001111111110011011001100000001101000010111000001
000100000000100110001000111000001101101010010101100100000111000010
000000000100100001000100000010101001101110101101011001111111000011
001000000101001111110010101101010100100110110100000001110111000100
000100000001100100101111100101100000100110111000101000111011001000
000010000010101010100111011001100100010111111011000011100011010001
000010001000001001111100010001100110011111110111101000111011010010
000100000001010111010100000110000001011101000110101011101111010100
000110000000100101101010100111011100111010011000101001111011010101
001000000000010011100001100100010100111000010110001101100011011110
001010001101100011111010001101101110011101110001010011001111100001
000000000001100000100100110010010110000111101110111100100111100100
000000000000000111011110100100110110111110100101101101011111100100
000000000101000011110110110010000011001010110100111110111011100100
000000000101000011101101101011010100001011000110001001110111100100
000000000001100100000000011001111100100100101111111000010011101001
000000000000000011001100011011010101010111011000101110010111101001
000000000101000101100110100000010010101101011110000000100011101001
000000001010100010001101111001011001111000111111011110010111101001
000010000010000101001000100110001001010100011110110111010111101110
000000000001101000011010101000101100111101111100001100101011101111
000010000010100010101101010010000000100011101101111111000111111001
000000000000100001001000000100110010100001100100110100111011111100
000000011011010111111110111001001011101011100101111001110111111101
000000000100100000100101000000111111000111010001011110100111111110
000100000110000000111100011111110001000010111010011010111111111110
