0000100000001010001111000010100000010000010110101010111011000000111100000111110111111101111100100010
0000000000000110101001001110110000010110111111100101011111110011010110000111111010010011110010010100
0000000001001011001100100011100000011010010010010000001011100001011000011011011001011110010010111011
0000010000000000000010100110100000111100010011010001010011011101000100010110110010110001100010010110
0000100000010100000000110101010001001101000110010110010111001010110000100111110100111001010011111001
0000100000100111000011000011110001001111101000001010010111001001101111001010110111000110101011101111
0000010000110100001001100101010001010110101100101000111110001110000000101101011101010111001000100110
0000100000000010010011011100110001011000100111001011101001000111011101100101000011101000101010010011
0001110000000101100011111001000001100001111010001011001001101110000100111001101100000101001011000110
0001010000000111001100000100110001111000010101000001011101100000010111010110100000110010001110001111
0001100000000010001011011111100001111010111011001101110011011111001010101110011101010011000001010101
0000000000100001011100111101000010000000101110101110000010100011101111001111110100101001000010110100
0000000000100101000001110011100010010000001011010011010000111001100100100101011000000110111110111001
0001100000001010010011001111010010010011101011100100101100001001101111100010101010101111100000110010
0000000000000101001100100100000011001011000101101101001111000000111110100100110101101100101010011100
0000000000000000010110101111100011011110100010001101000001111000100101100001010000110111011110111100
0011000000110000110110110100000011110001010100101001110001000010011101110101101101101010110110110000
0001000000000010011011100110000011110100011101001001111001100111010100001010111100000010011000110101
0000110000001010000001001001110011111000000100100001001111111100001110110111110100010111111111000001
0000110000010000101011100011000100000001000010101010100011010111011011101010100010111000100001011011
0000010000000001000110101111010100001100100010011000100010110010110101001110011011011101101101111101
0000000000001010000010000111000100001110101011010100101111111101001100001010111010011001101011010100
0000000000000110011001010010000100010111110111110100010000010110011100000011111001100100111010001100
0001010000010110101001110010000100101010011111011000001000100100010111001011000001111010100001110100
0000100000010110100011101010110100110000000000100101110011010111110010110100101001001111100101010111
0000010000000100000101110001010100110111101101110110010001110100010101110001010010010001111011111111
0000000000010001000000111010000100111000010100100100011101101010100101110001101111111011111100001100
0000000000000001000001001001010100111010001001100101000111011100010110100000010011011001010011110100
0000100001001110001011011111100101010101100101011000100010010000101001011011100101101001011100011000
0000110000110010000111010010010101100100010001111001110110001110111110111100101110100010001011101101
0000000000100001011001011101100101101001000001101001001010100010000111010001001010100101010111011001
0000010000100000001010100011010101110000010011000010000100110001010100010000011000110000001000010101
0000010000110100011001100001110101110101100110110000010000111101100100000100011001111101111010011010
0000000000000100000010011000010101110111110011100000000000001100100100010001001110101110110110010001
0000000001110100010010010010000101111111011100000000011011111110100101000001101101011101010011010001
0001010000000101011010110100110110001100111101011011011010000110010011101000011011111100011000010000
0000010000000000101110101111100110010101110111010110001110100001111000001101101011111011101111000110
0000000000001000101010011010100110011100000111110111000110100011000111110100111101100010100011000111
0000010000000101010101001011100110110111100010011011011011000111101001010110111000010100011111011010
0000010000010000011010011001000111000100011110001000011000010100010001111000010100010001010100100000
0001110000000000001101111011100111010000101100000110001100010110000111100011001100001100110101001100
0000000000000001010000111100110111011100000010011111000011111000011101010110000010101101000001000010
0000000000100000011111000110110111100111100110101001010100001101010011101100001011001001110100011111
0000000000000110010101100010011000001000100111101101001010000001110011101000010110101110000010110010
0000000000100100101110001101001000011001110100000111100010100010001000101100101111100000100101100111
0000000001110000001010011101101000011010111000111010010001101111010001111101111000010110101100100111
0000000000001011010000000000011000011011001001111101011101001000000100100001110010111011001001111000
0000000000110001100000110001101000100000011000000100001000001110100001001100111111001100001000110010
0000010000100101111110010110011000100010010000100110010101111100010000100100010000001101110011101110
0000010000000000000001011010111000100011001101000100100101101100010111001100010100001110011100111010
0000110001010111010010000001101000100100011110111100001010111111100100010001010111101010100100101111
0000000001000101000111100011001000101001000110010111000000010110110100100000110100001000010100110010
0000000000010100101001111011001000101100001101110101110101010100100111011001110001101000100000010010
0000000000001111000000010001111000101111001001101100011111111010110010011011100000101101101001011110
0000000000000011010011101101001000101111100011111101101000111001001011110101000100100010101001010001
0000000000000100000010011110001000110111111100001110001101111101110100011111110110001001100001101111
0000100000011011110100101111101001000001110100001000110111001011110010100100100000100000001000101101
0000000000001010100110001000101001000010001010110010000000100010101110101101110111010111111010001111
0000000000000011010011011100101001010010101011010010001011110111000100101100100101000101001011000111
0000100000000011000100010100001001101110111010101101010100110101110010100011110000110000100101010100
0000000000100001000000110100011001110001110000000000011101100011000001110111110100010010011001001100
0000000000000000011110110000111001111001110010110001111111000110010101111000110001101101011000001111
0000100001000011001010111000111010000111101010100011101001001110001101110011011101011011001000100011
0001000000010011101011110110001010010000000100111001101101100111011001000110010000111010101111100100
0000000000001000000111010110101010011101111011101101100010010101011101100011100010011001000111101000
0000000000000000011111000111001010100001011101101101010001100110011101011100011001000000100111011110
0000010000000101000010100111011010100111011111000000011111011011111000010101001111001101010011010010
0001110000001001010011010010111010101000110010000111111111011000001100010111110110010011010000100000
0000000000000000000011000111101010101101101111010110110010001011000001010001001110101111111011001111
0000010000100101010101010011111010101110110101000001011110000010010111110110111011111101101101001001
0000000000010100010101101111101010111000000100011110110100001001000001100011000101100010011110110111
0001010000110110001100100101101010111110101011111001001100110001001011000000001100000101100000111111
0000010000000100001101111101101011000000111000110000001110101110011000010100000000101001000011110001
0000000000111011010111010110111011000011100101010111100110100010010101101001110011111001011110000001
0000100000000101010111001100011011100000111010111010000011100001001101101011011000000101000011000011
0000000000100111110100100010101011100111001101101100111001000010101011100101101001111000000111001000
0000000000011010001001100001101011110110101011010101010011101001001110001000110101111110111110101111
0000000000100110001000010110101011111101011001101000111110010010100111101110101000010010110100001111
0000000000000001000010110000011100000111011100000101101100001100010101100010010111010101101010100101
0000000000110011001100000001101100010000011101010011010001110010010000001111101111111010001001101110
0000000000010111000110111000101100010010010110111011100100010101101011000100010111011101101010110010
0000010000010000101010000000011100010111000101001011110010010111100110101111111100011001101111001011
0000010000010001000001010111101100101000000101010111100010111010001001111100000100111100100101010000
0000000000000000001111000111101100101010110110010011010001100000000111011110001110100100000101111000
0001100000000111011101000011111100110000011000101011001111100101101001100101111001000001001111000011
0000000000001001001000011110101100110011001001111111001100101111010110111001110011101010110110110101
0000000000011000000111100000101101000100001110011111000111011011010111101000101100011000000101001101
0000000000011000010011011110111101100010000111010010101100000101110001111011000011001100010110001011
0000000000000100000011110110101101100010100100101001000010001101101010101010001000010101111101110100
0000010000010001000001100100001101110100001011111001101111101010100000001001000110101111000110101100
0000000001101001011010011100011101111101110110000010110111011111001111111000100011011101110111110101
0000110000001001011111011001111101111111010100110110000001001110101111001101010100010001111001111010
0000000000100100000001111111011110001010100000101101011001011000000000101100100100101010110110111111
0000000000001010010010000100001110101101010010100111010110011000001000010010010100000000000000001110
0000000000000001001000100010111111010011110010100010111000111111000001000100001110100111010100100011
0000000000010101010101101110101111010100010101100000001010111001111110001101100010010100011101101000
0000010000000000000110110111011111011111000010101011000100110010001011000100000001011011000110000010
0000000000001011010001101110111111100111110010110111100010010110110001110110000101011000000001100011
0000000001101011101011011101101111101011011110101001001010111101000100001001010110000001111010010000
0000010000100101001010101001001111111010110001000010111000111100111001001110011011100110110010010010
