00000000000010001000000011010011101101000010100000011101001110001010010101101000000100001110011110
00000000010101000000000011110010000010010010000000111000000100100101110000111101100111011000111011
00000100000010000000000101010100110000001100010000000110110100000110010111111101111011010111001100
00000000000001000000000101011100101011001110101111000011011011000000101110000001010011001010100001
00000000000010001000000101100100000100000000110110110000100000001111010000010111111000000100111000
00011000000010000000001100111011010011001110001000111111000011101011101100111110010000110100010100
00010000000110010000001101100000111100011011101100111011101011001111001011111110110100101100000001
00010000000001000000001110111100100100001100100100100101011001001110110011011011110111101100110011
00001100000010001000010011001000000011101001101100011100000000111101101001100110011001110000000101
00000000011111001000010110110000101110011110010100111101011110110111000100000000110101111100001010
00000000000000001000010111110111010100110010001100111101001101101100110011110100001010100110011100
00001100001001000000011110100000000100010101010100100101110011000110110011110011001101000100011101
00001000000000000000100000011011010010011001010011001001000101111110101110100111101110000101001010
00000000001101000000100010101110111011111011110000010000000110100111010100101101101100101100011001
00001100000001011000100100000101101000110001101010011001110011100110011101011111000100001111111001
00000000000011000000100111001011101001010111010011101100001001001010111100101010000111000101001100
00001000000010000000100111100011011000101010101010110000110111001010111111110111000000011110010110
00000000000010000000101111101100101000110000001010001110111000010111101001010111101101000110010110
00000000000001001000110010010100010011010001100010000111110101011111111000100101101110101100101110
00000000000010001000110010011011110001000101110000101101011100111110011000011011101010100011010111
00001000000000010000110110100100111010010010110101000111000010100110111111111001000001001110010101
00000000010010000000111001101001001010111111111000011010100010111011000010111011001110101100010010
00000000000011001000111100001101110000010110000010000110001010100001011111110001101000100111101101
00000000000010011000111101100001001010111101010011101011010000100111001111100101001101110011101111
00000000001000000000111101110111111111111110101001101101010011110001101101101111010101100001100111
00000000000000000001000000001110001001010000100101101001100110110100000010001110011011110100000101
00000100001100011001000010111101101110101111111010011000000001000011011111000100100110110011101001
00000000001010000001000101010010011000000111010011010011101100111010011111110000000101101100011111
00000100000000001001000101111101011100110100110011100001000011000000001100111111110110011111011101
00000100000000000001000111010110001110000101101011111100011000011111001101000010100001001000100100
00000100000101000001001101100100001111011101011000010000111010011011111111111011000010000110100110
00000000001100010001010001010100011101001010011001010001010001011010000111110001010100000110111010
00000000000100000001010100110110101001101101111000010000111010100110001011011100101111101011010000
00000100001000000001010111101110111011001011111010101101101100010011111000011110001010100001010011
00000000000001011001011000100000101000001110101111000111010111001100101010000111011111000011001011
00000100010000001001011010101001010100101011010001100001010000101001101110101110000011010111011101
00000100001100000001011111010010111000100011111011100011100010010100100100010100000100100000101001
00000000000100001001100111101011011010100110011011101001010101001001110001110101110110110001000010
00000000000000001001101000010110001110110101010101111100001110100100111101100110111001000101111010
00000000000000010001101010001001101101111001100110000001000001010100010011111110100101101101101000
00001100000010010001101010001111100101011101011111011110001011001110101011100011000001011011110111
00000000001100001001101010010010100101011111000000010001101101101110110001110101100010000001010010
00011100000100001001101010100111011000011110011100011010001110010100110111000110101101011010010010
00000000001000000001101011010100000101101010111001100100000010000010111001111111010011101000011110
00000000000100010001101100111010000100111110101101100111110101100000111011001000010001000111010110
00000000000100000001101101100001100101001110100000000110110101000110011001000010110011111101110101
00000000000000000001101110011010001001111111110100010111010101100010001001000110111101111100111111
00000000000000000001110001100011011000100101100001111101001001001011111000001000000011100100110011
00000000000001010001110010010011001001011101110101000000111111010001000110110110100110111011000100
00000000000000000001110010111010110111101001110111100111000110000110110110000101010100000110111111
00000000001100000001110011101101110101010110111000110110010100001000000111000110001001001000111001
00000000010000000001110011110001010000010011100011110110011011011101001100010110100000011111000101
00000000000000001001110100110100000001100110011101110000000010100000110100101100000101010101011111
00000000010100000001110110110010100101110100110100001001001110011101000001101001100111011001111010
00000000001000000001111001000010000001011010110011101011110011110111101111011011001110111101011000
00000000000100000001111001101100111001001010010101100011001001110111000110000011110100010011001000
00000000001000010001111011111100101101001000101111010010001101111010111111101000110110101101000011
00000000000000000010000011110110000000111000001100010111110111111110011011010110110000010001100010
00000000001000000010000110100101010010011110111000010001101100010110010100101101000110011101011111
00000000001011001010001100010101001110011101000001010100010011111100101100110100000001011111111001
00000000000001011010010000001011011110100000010100101111001111111111011101001011000000101101101011
00000000000000001010010011110100001000011101011110100100100001010001101000000001000100110111000010
00000000001100001010010101101110100000111110000111011011110001110011101000010001000101010100101110
00000000000100000010010110111100001111000110001001111000000100101000101011010101101010000010101100
00001100010001010010011000000000010100011011110110101110101111010011000110111101011100000011110101
00000000011010010010011010010001011000110111010000011110011111001111010110100101011110100001011010
00000000000000000010011010100100110001011000011111000100001000001101100100001111100000011101101010
00000000000000011010011101000011000100001111110000110100111111010000111111010111001111001001000010
00000000001000000010011110001001111101111110010011111100101101111011000100111011010100011101110101
00000100011010000010101000100011001011001110011001011011101100001110001000100110101101010100000101
00000100000000000010101011110101111010100110010000010111001010101000001101010100010111001101100001
00000000000000011010101101101000001101101101101110100110000000100011110100100110101000110011111001
00000100000100010010101110101000110100000100011010010100110101000010100011010110100101110010111101
00000000010000000010110000010111110101010011111111110000001110010100001110011011010111100001001000
00000100001010010010110010001001010001110000000101101101000001101001101110111011110011001011110101
00001100000100010010110011100100101111000110101010011111110110011010011111000101000011001110011110
00000100000011000010110101011001100110101110101010000111010110101001000101110111010110010100101011
00000000001100000010110110010110000100010100010110100111000110010011010100001101101101011100001110
00000000000001001010111101010000111110101011001001011110010101001001011111011011100110100100111110
00000000000000000010111110101110111111011001100010110011010000001101001111011011000100110101001001
00000000000010010011000000001100101001101111011001111111010010011011000110001011010001100101010010
00001000010000000011000000101110100011011001000000000001110101111111101110111110001010000001110111
00001000000100000011000010101101011110111011110000011101000101011001111110100100110101101010010000
00000000000000010011000011101011111100111111010000010100001011010100110010011101000100111110011000
00000000000001001011000011101100000010100000111110000110001011101000100000111001010100100000001110
00001000010101000011000101100011011101010111010010011101111010110111010110000100001100000010010000
00000000001010001011001000111110101110000000110000010101110011010110001011100011010101100010010000
00001100000000000011010010111100111110100001110100010100110101001101110111100111110011011001101011
00001000000010011011011000010010110111100000001101001010100010000110010011101110110110010110110001
00001000000000000011011000011100100111110001000100001011100101110101010100110101101001001000001101
00000000000010001011100000110000111110001100111101000101000000111100001111101110001011000100101101
00000000000010000011100010110111111100101110001001011010111011110001011111110001110000011011010011
00011000000010000011100111100101100010010100101101000011000101111110001111001001100000100101001111
00001100000010010011101110101101000111001010000111001110101101110011010010100011001100010010110011
00010000000010000011110001101101110011101111011011001111111100011100100010101000001111100011011000
00010000000010000011110011000110110010100001011101000010000110101010100110001011010101110101011110
00000000000011010011110100010110110111101001110100111010010010011101101011110001110101011110110001
00001100000010010011110100011100111100111111011100011110011011000001111001000010010111011111010010
00000000000001000011111110010111010101110010011110101101010001110110110111010000001011111100111001
00000000010111000011111111010001011011111010101110101111001010110001100011101110100001011100111101
