0100000000000010001100011110
0000000000000010100100101110
0010000000000011000110111100
0000000000000100111100010100
0000000000000101000000011110
0000000000000111100011010110
0000000000001010010110010100
0000000000001010101101110101
0010000000010100010111011100
0000000000010101000000111100
0000000000010101010111000010
0100000000010101111111000001
0000000000010110010001110000
0000000000011001001111011111
0000000000011010010110100010
0000000000011010100111001110
0010000000011011111101010000
0000000000101011100111000010
0010000000101101000110001010
0000000000110000000000110101
0000000000110010000010101011
0010000000110100001110011000
0000000000111000011111110100
0010000000111110101100110010
0000000001000000011110011011
0000000001000010101110100100
0000100001000100100000011100
0000000001001000101011000101
0000000001001011100110000111
0110000001001111100111000111
0000000001010001010001100110
0000000001010011011100110100
0000000001010100100000111110
0000000001100010000011010111
0000000001100111111001110000
0000000001101101000011011001
0000000001111000111100111101
0000000001111001010111100110
0000000001111010101111011011
0000010001111100010111011100
0000000001111111110000101110
0000000010000000000111001010
0000000010000000001000011010
0000001110000001101101010110
0000000010001000001000101011
0000000010001000111011110110
0000000010001001010100111001
0000000010001011011010001000
0000000010010100111101101101
0000011010010111010010011100
0000000010011100001110100011
0000000010100000111000010111
0000000010100001110100011100
0000000010100100001000111100
0011000010100100111100110001
0000000010100101110101110000
0000000010100110011101000011
0000000010100110100011010111
0000000010100110111010110000
0000000010101000100100011101
0000000010110000010001101001
0000000010110000111100000100
1000000010110010010011110101
0100001010110010110010010011
0000000010110100010110111001
0000000010111001101110010000
0100000010111010110000000001
0000000010111011101111101011
0000000010111101100100100010
0000000010111101100110011110
0000000010111111010110011100
0000000011000000000111101101
0000000011000001101101111011
0100000011000011100111010010
0000000011001011011011111101
0000000011001100010101011101
0000000011010000010100001100
0000000111010111110001110111
0000100011011001111101100111
0000000011011100011100011101
0000000011011110001011001101
0000000011011111101001010001
0000000011100001001010010000
0100000011100010001011110000
0000000011100010100010111110
0100000011100100010111110001
0100000011100100011010011111
0000000011100101010010100000
0000000011100110000100001100
0000000011101000011011110111
0000000011101001110110110001
0000000011101100111100111111
0000000011101101010101011010
0100000011101110010100001100
0100000011101110101101000101
0100000011101111010001010000
0000000011110000110100101010
0000001011111101110000011101
0000000011111101110110101100
0000000011111101111101110001
