0000000000100010000000000011111111000001011010011110100010101011001011001000110111101001111101001001
0000000000000110000000000100011110110011100010010001101000011001111101001011101001000000001000101011
0000000000000010000000000100100001001100111001010100101101010110000111010011011000010101100011000110
0000000000000010000000000101100011010000010100010011001001111001011001010110010010111011000111110110
0000000000000110010000000101100011101111011111110000001110100100111110100100000110000011001010100101
0001000000000100010000000101101001000010111001001101011011011101001100110010111011100101011100011011
0000000000000110010000001111010101111110001110101101110010010100110001110100000100110010000110000011
0000000000000110011000010001111000001001000011100100111010100101111011110011011001111001010011001000
0000100000110100001000010010001100111100011010010100010000001101011100110011011001001101010000110110
0001110000000100000000010110010000000010000011101011111001101011001111001100010001101110100101110011
0000000000000010001000011000000100000110001101110001000110110001001000101100101001000111100110000100
0000110000010110000000011011001000111000110110110100010111001010011001100101001011011110000001001010
0000000000010100000000011101010100111101100000111001010010011011001100001000001000010001110001001110
0000000000000110000000011111010010100000011000110100110110001000001001001100110110011000001111010010
0000000000100110000000100100101011001011100011011001010101000011011101100011010000011001001011110111
0000000001000110001000100101011010011111010000100111001110100000101101100101101100101101010001100110
0000110000000000010000100111110000001000101011010101111111110100001001101011011010001011101011001101
0000110000110110011000101111011010110110001100111011111111010001011001000010101001000110010011110001
0000000000000100010000111011001000101011101000110100101010011100100111001001110110111001001010110001
0000000000000010011001000101111010101100100001001010101010011000010100101000111111010110101000101010
0000010000100110000001001001101110101111111010011111000110111101101101110101100101000110100101100111
0000110001000000010001001001110001101011011001010011101101100001101100111010111110001110010011011010
0000010000000000001001001011110000000010101000100111001010000000000011110001011110010101000001110011
0001000000000110000001001101010101100010101110011111010111111010110100101010110110101001100001111001
0000010001110110010001001111010000110110100110100011000000000001010011000011010010101010111010011111
0000000000010100000001010001101000100011010101101010010110001010011110010110010100011010011101100000
0000000001100000001001010101000010111001100100111101001011110000110111000111101001111010110101001100
0000000000010100000001010101010001010010000000010011011001101011010110011100010000001101001111000011
0000010000100000010001011000111100011111100101011101110101001101110010011000001111111110011111100101
0000010000100100000001011100000010001100101010000110101001010011110110011101100110001100001100101001
0000000000000000001001011111101100100000110111111101001100000001100000011001111001000111100101001011
0000000000100000011001100010000111011111101101000101111110011100111101010101010011001001001001111111
0000000000000000000001101000000000011111001001100011010000010111110101010111101101000110100110100111
0000000001010000000001101111000100110101010010100001001101011110011111110000010001110001011000100101
0000000000110000010001101111011100011000111100011111001000110001001001001111000011011101100000011000
0000000000000110001001110100001111100111000001010000110111110111101101111001000010011101001101111011
0000010000000000011001110100011100001111110100001101000010100001111111110010001011111100001111111001
0000000001010000010001110111010110001011000000111101000001010000100001010110110000110101111000100010
0000000000110000010001111001000111100100101000100110000011011110110100011001111001011100110011011000
0001000001010000000001111010101001100011001111011010010000011100100000111101101100100110010111010111
0000000000000000000001111111011101000011110110101000011000011010101110100100001100000000010101110110
0000000000010000000010000000011100000001011010010010000010111010011000111111110101000100111101100011
0000000000000000000010000010000111010110010110100001001001011000100001100110000011101010100110110111
0000000001000000000010000010001011000110101001100110001000001100010110101111001111010010101100010001
0000000000000010001010000101111111010101111110110101011011010000011011110111010000101000101101010111
0000000000000000000010001000111011100101001001101100010100010110111011001100000110000011000000110011
0000000000000110001010001111010011011100001011110100101100011110000010000100011101011110100010011111
0000000000000010001010010001100110000101100001011000110001011111111001111010100101010000010011001000
0000000000000000010010010110100010010001010101101001100011110101111000100100110001001101011111111111
0000000000000000000010011001011011000111000111111000010110101001101011001000010010010000001011001101
0000000001000000000010011100000010010100110000101000110100000111111000111101111000001111000110001110
0000000000000000000010011100101111000110000101000101001100011001111111110000101000001001110011000010
0001100000000000001010011110110100101001001010100010101011011101110011111111000110111011110000110000
0000000000000000010010011111110111110001100010111101000010001101011000011110111110101011100001111111
0000000000000110011010100110001011110101000101110001001100110111111101010100101101011100001101111010
0000010000000000000010101000111000000110101101010011100100100100111110010001100111010101100011111110
0000000000000110010010101011100110011100111100110010001111110001010100110011011000100000100000110100
0000000001110000010010101100011110001010001000100100110100000010101110100101001111001101000110101101
0000010000000000001010101110111000101111000101000111110001110000010001011001001110001101010101010010
0000000000010100010010101110111111110010101001111011010001001010010100110011111001111101101100110000
0000010000010000000010101111010100100010101101111110001000100110001001000010000111001101000001011001
0000110000000000011010110001110010001011001101110110010010101110101101100110110000100100111000111010
0000010010110110001010110100001110010100011010101110001001100011101101000010110010111111000011001101
0000010000000000000010110101101111010100100110011001110000111000001001100010111100110101011100001111
0000110000010000010010111001110000101001000001110101000011110110101010000001100011110010010010011001
0000010000000000011010111010111010110110001011001110110010010000101000011011111011000110111111111001
0000000000000100000010111011010001011011100010100000110010110110101110110101001100010110101111010010
0000110001000110010010111100010011001111000100100011010010100000011100010100101000110100111001100110
0000000001100100001010111110110110110110111000000100101010000011111101100101001011101100001101001010
0000100000000010000011000010001001010011010111101000010100001001001010011110101010010011100100010001
0000000001000100000011000100001100100101101011000111111111001110000101001010000110111000101010111001
0000000001000010011011000101010010011010110001000001000011001100010111001001010100110101010000011010
0000000000100000010011001010100111111010100001100001110011111101011000011110101010000111101000001000
0000100000110000000011001100000110111010001111011010110001101110101001111010011001001011010101101010
0000000000000100010011001100010111001101011111111010010001010100101100101111100111101010110100011011
0000100000000110001011001110001000001100001111010111101111001111010011110010111110000100010001010101
0000000000100010010011010000011101011110011110011000100110100010100010111100111111101100111100000111
0001000000110100001011010001100111001100110101100000101010000010010000100001011010101000000100010011
0000110000010000000011010011000111001010110110000001110011001000111110001001001101110110101001001110
0000110000000000000011010100001110111100010010011110100011010111100110010001110001110001010101111111
0000000001000010010011010100010000111000000111111011000000001111100110010101101000011110100001010111
0001000000110100000011010111101010101000010001011110110101010010000011001000111000110100000011110001
0000100000000110010011011000110001010001011000101110011011010011111101001001110001010011110100100000
0000000000000100010011011010111101011111000000110111011000110011011100111010011110100010011011000101
0000110000010100000011011011000111100110100010011011101001000100101101010011100011110000001101110101
0000000000000100000011011011011000010011111101010001011011101000010110001100110001010011110000011111
0000000000010100000011011110011001011110011001000101010010000101110100001100011001101100110011010010
0000000000010110010011100101001111010000101111100000001011011010101001011010100000111100000101010111
0000000000000110000011100110000101101000011011010111010001010110011110011000101110000110000010001000
0000000000000000001011101100011111100101110110000111101110000000011100001000001101011100001011000001
0000000000000000000011101111100001111000111000100001101101000110001011100101100101010011011100100100
0001110000000100000011101111100110011101001110101001100011010110000001011100001010111000101111111001
0001000000110000000011110001101000010001111111011001001101101101100110100001011101011000011101100110
0001000000000100000011110011000001000011010010011010110011000110111000101100011011100100011001100011
0000000000011010000011110100101101110100101100000100010100111010101000100111001010011011110000110110
0000000000100110000011110110000100010110111001000111110011101100011010111011000110110011111010000101
0000000000000010000011110111000000001011011010100101001001001000100101010010100011001100101001011001
0001010000000100000011111010101100000010111011001001100000011010100001010100111110001010110101101000
0000000000010010000011111100000000010110101110111110001101101011011001110100100101111100000111011010
0000000000010100001011111100010110000100100001000000110000111010100000101011101101101110001010011111
