0001000010000010010001000100000000
0111000010000000010111111100000010
0001000000000010101111011000000110
0010000001010000110100010010000000
0000000000000001010101101010000011
0000000000010010010110101010000011
0000000000010010110001010010000100
0000001100010010000100110110000100
0000000110001001001111111110000101
0000001100000001110101100110000101
0010000001000000111001011000001011
0000000001011000111011110010001011
0010000000000011100110110110001010
0101000010000011110101010110001100
0011000000001001001001011101000001
0000000000000010000111010101000011
0000000010000010101001011001000111
0000000001010000000010101101000100
0000000000000011101000000101000110
0000000000000011001110000011000011
0000000000010010001011100011000011
0010000000001011000011011111000000
0010000001010011010001100011000100
0001000000010001010101110011000111
0010000000000011000001000111000111
0010000000001011001111100001001001
0010000000001011001010000101001000
0000000001000000000001110101001010
0000000000000010000100011001001110
0000000000010010110111001011001001
0100000010000011110011101011001101
0000000011000000010101101011001101
0000000000000001100111001011001110
0001000001000001010010011011001110
0000000000000001100100010111001100
0011000001000011100001111000010000
0110000001010011010001001100010000
0100000010001000001110000000010111
0000010001010011101111100000011011
0010010000001000110100100000011100
0000000100000001100010000100011101
0100001000000011110010011100011111
0000010101000000001001101010011001
0000000001000000000101000110011100
0000000000000001111101010101010010
0111100000000000111001101011010000
0001000000010010110011010011010010
0000000011010000000011100001011111
0100000101000000101100000101011100
0111000010010011110010101101011110
0000000011010010000010111111011001
0010010100010011101111001111011001
0000011000001001011000011111011100
0000000001000000100010011000100001
0000000001001000010110011000100011
0000001100000010010011010010100001
0101000001010011011011001110100011
0010000110001011100111110010100110
0010000000000011000100110110100100
0010000000000011100101100110100111
0000000000000001101110101000101010
0000000001000000011001001000101010
0000001011000011110100111100101110
0100000000010010100111010010101011
0000000111010011011111111110101100
0000000000000010000100011001100000
0000000000000010100101001001100001
0000000010001000010001111001100001
0000001110011000000011010001100001
0100000001000011010000010101100000
0000001000001010011000101101100001
0010000101000000110001001001101010
0000000001010011110110010001101010
0000001101010000010011001001101010
0000001100010010011011101101101100
0000000000010001100100100011101000
0011000010010011101000110011101000
0000000000000001111010000111101110
0000001001000011101010001100110001
0000001001000011100100011100110011
0000001000011001010010001100110011
0010000000000011000100001000110111
0000000001001001101111101100110101
0000000000000010101000100110110010
0000000011010011110011100010110110
0010000000000011001000110110110101
0000000000000010100110010110110111
0000001011000011110110111100111001
0000000000001000100011011100111011
0000000001000000001111101000111101
0000000001001000010100101000111110
0101000000010000100111001100111100
0001000001001010100100111010111010
0000000000000001011001100110111111
0000001100000010111000011001111100
0000000010001001101000111011111011
0011000000000001001100110011111100
1011000010010011101011111011111101
0000000000001001100101011111111101
0000000001010001011101100111111101
