000000000000000010100001110110000000
000000000000000001101010100110000100
000000000000000010001011101000000110
000000010000000001101111111010000110
000000000000000001111110111001000010
000000000000000001001111100111000010
000000010000000010000001010101000111
000000010000000001111110111010001000
000101100000000010111101011110001101
000000010000000001010011100101001011
000000000000000010011000110101001100
000000010000000011011101010101001101
101000000000000000111110010111001110
001000000000000000110010010100100011
001000010000000011001100110100100100
000000000000000001010110011000100101
000000000000000010000100110100101100
001100000000000001001100111000101111
000001010000000001110001100001101000
000001010000000001111010010101101101
000000000000000010001111010110011100
000100000000000010011011101000011111
000001010000000010000101011001011100
001000000000000000111010110110110000
000000100000000010001011110011110010
000000100000000001011101111100111000
000000000000000001101111000100111110
001100000000000001100001000111111101
000000100000001001100010000011000010
000100100000001010111101111100100100
000000000000001011111111110101100111
000000110000001010000101010010101001
000001010000001010000010010000010111
001000000000010000101111001100000000
000001100000010010010111100000001001
000000000000010001110100111100100011
000100000000010010101010111010010000
000000000000010001100011111100010001
011100000000010000101101110010010001
000000000000010001111011100100011010
000000000000010001110111100001110000
000000000000010001001010111100111000
000100000000010001011010011001111001
000001000000010010001100100101111111
000000000000011001001000010100000001
001000100000011011000001001100001001
000100110000011010101111001101101000
000000000000011000000011100011010000
000000000000011001111010100001010010
001000000000011000101110100001011110
001000000000011000111110110001110110
000000110000011010001000111101111001
000000100000100001101111111100111100
010000000100000000001111100111001000
010100110100000011111000111001100000
000000100100000001011100001101100100
000000000100000001010100110111100110
000000000100000011111010011001010010
000100000100000000010000110100011111
001000000100000000011101000110011111
010000000100000000011011011011110100
011000100100000000000010100011110100
000101010100001011100000010100100010
000100010100001011101001001010101000
010100000100001011101101101110101011
001100100100001011011111111101111010
000100000100010010110001011101001111
000000100100010010100010010001101101
000000100100010011001000011101011111
000001100100011010111101001111100011
000000001000000001011111111001101101
000000000010000011100011111110000000
000000000010000010010100110000001101
000000000010000000100110100010100000
001100100010000010010000011100100101
000000110010000000001010000001100110
000000100010000011111000010011101101
000000100010000000000101010011010110
010000000010000000001011001001010111
000000010010000011110011011011110100
000000000010000000000101000101111100
000100000010000010101110100111111111
000000000010001011000111010110010000
000000000010001010010001010101010111
000000000010001011000010101110110000
000000000010010010110101011111110010
000000000010011001101111101100001000
000000000010011010010000101101001000
000000000010011000101011010100011100
000000000010100000011101000010011100
000000110110000000000010010110000111
000000000110000000011011111100001100
000000000110000011101010100110010010
001000000110000000111110101010110011
000000000110000000000100001001110100
000001000110001011100001011111101100
000000000110010011111100011100111110
000000000110011011101001110001000011
100000101010010011110000001110000111
000000001010011000000111010011111011
