001000000000001000100111000111
000100011000001001010001001011
000100001000001010101111101011
000100000000001111011001001111
000100100000001111110011010010
101000010000001111111101001100
100101001000011000010010111010
001000101000011010101100101000
000100101000011010110010000110
101100010000011011111111000011
000010001000100001000011000110
001000000000100001011010110000
001000010000100010110011011100
001000010000100110101101010001
001100011000100111101100111100
001000010000101000010100011111
001000010000101001000110101100
000100100000101001010010111110
001000101000101100010100111011
011000001000101111100000100110
001000010000110000101011011110
000100100000110100001011100100
000100000000111000101000011010
001000100000111010000100001100
000000000001000001111010100110
010000011001000010100010110000
001000000001000110100111011111
001000000001001010000111101111
010000011001010011000010100000
101000001001010100000000111100
001100000001010101010010000011
000000000001010101101101101111
101000000001011100011010001100
000000000001100001001011100111
001000100001100011010011010000
001000010001100100001101111100
000000000001100100100110100011
001100010001100101111100000111
101000001001100110001111001110
000000001001101000101111101101
000000110001101000111010110100
000000011001101001101100010010
000000011001101111111101110001
000000000001110011010101001111
000000000001110101001000100101
000000011001110101101011011000
000000000001111001111001000100
000000001010000001111111010100
010100001010000011110110000111
000000000010000100111011110101
000000100010000101001001110100
000000010010000110010100001011
000000011010001000001011111000
001000010010001100011011001001
000000000010001110101000010010
000000010010001111000010111011
000000001010011000101110111101
000000010010011000111011011110
001000001010011011001111010111
000000000010011111011001110110
001000000010100001100100001010
000000100010100010010101000111
000000000010100100010110101110
000000010010100101000100100100
010100100010100101010100010011
000000000010100101010110001100
001100001010100110011111000011
001000100010100110110100111011
001100100010101010000011010110
000000010010101010111010110010
001000010010101011001000110010
001000000010110011110110111110
001000000010110100101000011000
010000000010111001000110111101
011100110010111001111011110010
001000001010111010110001000000
001000001010111100101110110000
001000100010111101100011100010
000000011011000100111100001011
010000001011001001001110111111
011000101011001010100011011010
001100000011001101111001101000
010100111011010000100001100111
001000010011010000100110001010
000100010011010001111011001110
001000100011010010101111001110
001100100011011001011010010111
001001101011011001110010001101
001100000011100111010111001101
001000010011101010011111000011
001000011011101100000011001011
000100000011110001101001100110
000100011011110011011010100111
000100001011110100001111011110
000100100011110101000101001011
000100001011110101011110010111
000100001011110101011111010101
001000000011110111001000011000
000100000011111011111000010001
000100001011111110100000101000
