0010001100000110000111000000
0000000000000110110101010000
0000001000001011100101111011
0010000100001100010100010111
0000000000100010100011010011
0000001000100101000011111010
0010000000101000100110111101
0000000000101111000100001010
0010001100101111000110101001
0000001000110001010101010101
0000000001000000000010011110
0000001001000000110110111011
0000000001000011100000111011
0000001001000101100101111100
0000001101001001000111001000
0000000001001101010000111010
0011010001001110110100010110
0000001101001111010100111001
0000000001010101010001100100
0000001001010101100111110101
0000000001010110110100101001
0010000001100011010010010101
0000000001100011110010110011
0000001001100100100101001010
0011000001101010100100000000
0011000001101110110011010100
0011000001111001100100110110
0000000001111101010011001101
0010000001111101100001111101
0011000000000001111011001111
0000001000000011111011001100
0011000100001010011011011100
0000001000001101111011110111
0000000100010000001111000100
0011011100010010101000001100
0000000100010110001101011101
0000001000010110111000111110
0000000100100001001000000000
0000000100100011111101111010
0000001000100111101001000000
0010000100101000011100001011
0000000100101000101100101000
0000000100101010001101010011
0010001000101110101100001100
0011001100110010011100011010
0000000100110110111001010111
0000000100111010011100101011
0000000101000110111111100110
0000000101001000011111100110
0000001001001101001000000111
0000000101010010111011011111
0010000101010111111111011111
0111000101110000111101010000
0010000101110001001100011010
0000011101110001101000001010
0010001001110011111010110101
0010001001110111001101110111
0010001001111101101000100001
0011001001111101101000100001
0001000010000000000000110101
0001001010001001100101100101
0010000010001100010011000011
0011000010001101010000111001
0110001010010010010110101011
0010000010110100000011100110
0010000010111010100101000000
0001000010111011010010101011
0010000010111111100101110110
0011000011011001000001000100
0011000011011111110011111001
0001000011100101110101010001
0001000011101011000000110100
0001000011101101100111000001
0001001011110011100110000000
0010000011110101010001000101
0001001111110101100110100110
0001000011111000110011000010
0001000011111111100010010110
0010001010000101111010111110
0000001110001000011000010101
0010001110010111011010101011
0001000110011001111110001101
0011001110011100001010110000
0010000110011101111010101111
0011001110101001001011101001
0000000110110010101010011110
0010001111000001011100100011
0001000111001000001010010001
0010001011010000101010111111
0011001011010000111001110001
0010001011010100111010101111
0001001111011000101000111111
0001001011011001101010010001
0001001111011010001010101001
0001000111100011011011110101
0001000111101010101111101000
0000000011110000001001000110
0010000011110110101001001111
0010000111110111011110000001
0001001011111010001110000001
