000000000000100100101010001011010000100110100000100000000001101011
000000001100101001011000110110101010110010001001101000000100001000
000000000000100001001100111000000101001011001000101100000110111000
000100001101000111010011000001101011111101001111110100000111111001
000000001000101001010010011100011100110111100110001000001000000000
000110000000100110011100110011010101101110111001001100001000111111
000000000000010001100110001001000100011001110011010000001011111111
000000000001100000001011110100111101000010110101101100001110111001
000000000000000101001010000000111001111011000110111000010000110000
000000001000100000100110110010000101101000011000001000010011011001
000000000000001001100001001101111011010010000100111000010110010001
000000000000000101000111011100000000000010000001000000010111011111
000000000100000010000000001101101100110000100101010100010111111101
000010000000100110010101010101110111001110010010011000011001111010
000000000000000001100101010111110110000101110001011000011010101001
000010011100100101001000100111110110000001010100100000100100110000
000000000000100001011111110010010010010100101000010000100101101100
000010010100000101011001100100111101001000111101011000100111000100
000100000001000011001011000010001101111010111000011100101010001000
000000000000000111011101100001110101000100101101001000101010100000
000000000000000000111111101001100011100111000111011100101111100111
000100001100100111001000100101101001001011000101100100101111111001
000110000000100010111010101001010001001001111101001000110000011011
000000000000101000000010010001001011001010000111101000110000110001
000100000001000000100100101001001111111100110011011000110000111011
000000000000000011110101011100001100110001001101100100110001100001
000000000000001110000001001000111111100110001000010100111000001010
000000000000000001110010011000110010001100100011010100111011100101
001100000000000000110101011111100010010111101011010000111100101101
000000000000000010110010111011011010001100110000010000111110011101
000000010100100101001100011111101111010001000110100001000101011110
000000000000000001000101011101111011100001101101100101001110011001
000000011001000111101000001000000110000000111010110001010010100100
000000000001000111010111110101000010010110001110001001010110010100
000000000001000011010010011001011110110111100110011001010110011001
000010001000001010000111111011101100100011101010100101011000001101
000000000000000011010100010010111101110001101110111001011001000110
000000000100000101000111011001111100100111001100111101011011110001
000000000000000010111001100010011100110001000001100001011100010110
000000000000000010101011110100100011100100110110001001100001001101
000000000000100101001111011011110110111100011010101101100010111111
001010000001000011010111001111100011111011100010101101100011111100
000000000000000100111010110110000001011000110011101001101000001101
000000000000100010100000011011000011100001000111001101101000111011
000000000000101000100111000001011011111011111111111001101011111000
000000000000000010001111101011000101000011001000011001101100001100
000000000000000000011001001100010100000101011110011001110100100010
000000000000100000000001111110110110010001001000010101111010111010
000110000010000000101100000011001110101001101111100101111010111011
000110000001000111100001011100100010111100001100010101111110010010
000000000100000011101010010110110010101010110010001110000110001110
000000000000100000111010111101111100000001100110101110001000100110
000000000000000001010010010010111100101000111110000010001001010101
000000000000100000101011010001101000010011010001010010001001100000
000000000000100001100110100111111101010111101100110110001010111010
000000001100100100010110010101001011000101101011110010001111000001
000110000101000111011001110000101100011001010011111010001111110010
000000000000000010000001010001111100000000100000010110010000001100
000000000000001010010001000010000110001000010001010010010100100010
000000000001000000011001111111110111101000001101101110011001100110
000100000001000111001110111100011010111010011110001110011010010010
001100000001100000111111010100111100110101011110100110100001000000
000010001000100101001001100011110111111101000001101010100111110100
000000000010000111010000111111100101001100100011011110101101001101
000000000000000010001110001001110111010001010010000010101110111001
000000000000000111011100111110000000011110001111101110101111001001
000000000000000011011110011110001000000101111011100010110010000010
000110000000100011101111010010111101110011001101010110111000101101
000010000010001010101000110100110001001001111100010010111001011000
000010000000100110110110010100100001001010001101100011000001001101
000000000000000001010001110101010000000001010110111011000001110000
000000000000100001101101000100000110111000110000000011000010011001
000000010000000111100100010110110011010101101000101111000101111111
000010000001001010110100110100011100100001111110000111000110100111
000000000000100001010011000110000001111011010101101011001010111000
000010000000100101010010111111011101100110100011010011001101101110
000010000001000011100111101111101000010110011100111111001111100001
000000000001100011101000010111001111110110110001110011010000001010
000100000000100100111101101100110101111011011011101111010010000100
000000010000101100011101101000001011111110000101001111010011001110
000000001000001101100111100010010010000000001100110011010110001010
000010010100100110101000011101100101001111000010011111011011001100
000000000000000010111100110001110011111001101101001111011101010101
000110000000100010011001111111111111100101100111101011011101110110
000110000100100101100001111101011100101101011101111111011110100110
000000000100100100100111000111010100110001010000100111100100110001
000000000000000001100100110000000110101011001100001111100110100001
000000000000000011111011000110110100001101101101010111100110100100
000000000000100000010100000011101010100111000111001011100110110000
000000000000000110011010000010001110111000011010000111100111010011
000000000000000010011101011011010101110100110111001011101100010010
000000000000100000000111010111010010110011101101110011101100110010
000000000000000011011100111010011000001101010001100011101101001010
000000000001000111111001111011110000101000000010100111101110011111
000000000001000100100001111100101100110000010001011111110000101010
000000000000000011101111111100111001100010110000101011110011000100
000000000000001110111001100011110111101110000100001011110011110010
001000000001100011110001100101101110001010011011111111110101011111
000000000000000010111000000010011111110011000100001111111000100000
000000000100001011000111000001011101111101010100101011111100001100
