0010000000011111000010101100011001111000011011000000110100001100001101010011110011001011
1000000000100010001110111001011100001010011111100000000010010111101110001100001100001011
0000100101001111000101010101110110001101001011000000000110111000001010011010011010010010
0000000001101110011011001000000010100101111111100001100111110100111101001100111111111101
0000010001111001011101110111011000000100101000000001000111101110101111111101110111000001
0000000001111100110110110000011111100000111010010000010110101100000000110110111101011110
0000000000000101010000100001111001100010011111000010010110101011111101101010011011101110
0000000000001010001011111101001011000101100000110011011111110011100000011011110011101100
0100001000101010010110101001110010001100000001110010010001000100110000101000110010011111
0000001001010110100101101110101010001001111000010010111100111010000010001110000001101000
0000000001100001000101011101001010110010110011000010111110011100010101011100111001001001
0000000001100100110100001111001111001111101011000011011010000011100111110101110100010001
0100011101100110101000011010010011101110101101110011100011011011000101010110011101011010
0000000001101000001110101111110010010101010010000011011000100100100101101101111010111111
0000000001110010100101011000101001010010001111010010111110110111100001010000110000100000
0000000010000011011001100001011101110100010110100001100100011110000011010111111111111100
0000000010011000100001111101111011000110100110110001110010110111011000000111010010101101
0000000010101010000110011011111001001010001100010000011110011111110001000110010111000111
1000000010110001100001101010100001111101010010000000000010101010000001010000000010010010
0000000010110100001011110110000100110100000101000001000110011000110101001100100100001010
0000000011001111000011011111011111001011111111110000011110110000001011101011111111000001
0000000011011110110001110101110110100001010001010001110110010011011000000111110010010100
0000000010010101110100110000110111101101010011100011110100111010111101111001001000101001
0000000010100110110101000101100000011001110111110011110011101100111110010111101101101111
0000000010101001100111100001111001000100111111100011101000111010011001000000011100010010
0000000010101001101111111001011111110000001111100010000010110111010111000100100110100000
0000001010110110001101001101011100100001011010110011010000101101011001001011100000001011
0000000010111001000011001010110101100001010100000011010111011110011001010001001001101101
0000001011000010010001001000010010101100000010000010111110010010001011011111011000100110
0000000011000101000001100111001001011010111010010010000101101001001110001111001100001010
0000000011011100110011011111110000010100111101100010110101001000010001101110011011110010
0000000011110011111100001100010000110111111101100011010001110001111010100001001101000111
0000000000000110000011110011111110011100011011101001100001110001011100100101110001101101
0000000000010010001001000110111010001100000010101000001100111101001111101010110101111100
0000000000010011011010100011010110010000110001101001101000001100001101010010001101001000
0000000000100101101011010110000000110010100000111001110011011000001001101111100101101111
0000000001111000100010010111110101001001000110001001001010110011111101001011110010110011
0000000000000000001111111000010101010001110110001010000100000011100011000101101111111001
0000000000011101100000101101001111010000111100011010000011100111000000001100100001110001
0010000000111100111000010010010101111111001111001011110011011001010100010100001011000010
0000010010000010101001001110011011111010101111101000010101101111001011110010101100011101
0000000010001101011111011101110000000000110101111000010111111011101010010101100101011110
0000000011001111111011111101001011010010110111111000001110001100111110101000110000110010
0000000011110101110100110100010100101010010111111000010000011011100001001110001110001110
1000000011110000110001111010101101100000011010011011010000001110000001011100010110101101
0000000000001000110001100111111101010101111101010100101000001101101101110100111110010101
0010011000111011110100101101110000111010001100110100100000101101111101101011110001000011
0000000001000100000011101001000111111011011011010100010100010111111000100101110000011010
0000000001100101011011000101100100011011110100010100100110100000000111101111010001101011
0000000001101011001001101111001111000000111100000100110111001100000001011011110110000100
0000000001110010010100010110111011110000011111110101111101101100111100100010101010101011
0000000001110011001110000000000010000110000111110100001001100111001011010101011001000011
0000000001111101011011110100100100100001100011110101100011010111101011100100111000001001
0000000000001011111100010110000011001001100100100111010011000010010000000011111111010110
0000000000010001110110011000010010011010011001000110100011101000100100001001110100001110
0000000001110111000101110101100010000100011000110110000000100100100010010101100100000110
0000000010000111100101110011100001001010010011000100100000000100111110100011001010110010
0000000010010001001100101101000000000100011000010101110101011101000100100111000100110011
0000000010011100111110110000101111010001011110010101000010100101101000011010100111000011
0000000011000001100110001001000011100001000110010100001001110100001101000000100000101100
0000000011000101001100000000111101111110000111110100101000011000000110110001110111101001
0000000011001000010000010111110100110010111000010101011011111110100000111111000111000101
0000000011001111101100000001110100001101011010110100111110101110000110101000100000010010
0000000011010001110101100011111111001010100110110101101000100000100011010101111100100011
0000000011011011011000010001000010001111001101000101011110000011100101111000001101111110
0000000010000001100001101010000111000010011111100111001010111111111100001100110001111100
0000000010001100100011000100110101110000100100000111000110100000011100100111010101001101
0000010010010011110010001000110110000101110000000110111101000101100110010111001111101001
0000000010010111011000111001101100100101001110010111001111101100010111101001111100011011
0100000010111110001000101100101011000000000011110110110001011111010100011101001000101011
0000000011000100010001011111000110000110101111010111011111110000111101010111111001101101
0000000011010111010101011110011000011101111100010110011010101101001110010110110111111110
0100000000001110011100110000100110100111001010111100110001100001010101010010011000000000
0000000000100011110011111111110000100011101100011101001001101111011100010101010101101101
0000000000101101100111001110011001001011110010011101000110010011010000110100100011100111
0000000001000111100000001110000111101010111010001100011110011010001100000101001000110111
0000000001010001011111011110110111011011011110001100101000100000010000010100001010111000
0000100001100001000100001110101011000101000111111100111000110001101000000010000011000010
0010000000001111010111100010011111000100000000011110001110000010101001001101001001111100
1000000000110011111110100110001100100110110010111111000111000100011001101011101111000101
0000000000111100000101000100111111111111101100101110000101001010101100000100010010010100
0000000000111101110000111111100011001111001000001110111010100011101000011101010010111110
0000000001010110001100010111110011011110010001001110011100100000010001100111010100010010
0000000001100000100110111010110110000111101001011111000101100110000110010110100011100101
0000000001100110000001100110100000100100101111101111010001001110101101111010101101011001
0000000001101110100110001011000111111010101001011110111100010110000010011001100110100111
0000000001110010010001110000110010111100101010001111000100100100010110001101011101010011
0000000010000000100001001011010100010011001010101101011111101100001100101100100111111111
0000010010011100101101001100001101100010001011011101100110100111000101110100100111011101
0100000011100011100100100110010101101100100111011100001101000000110000000000010100000100
0000000011110001110001011111010000000010101000011100111101010010000001000100110011110100
0000000010110001110110111011011110100100001010001110111110111011111000001100110010001001
0000000010111011110010110011011111111010110010011111010111011001101110011110011101110111
0000000011000000011100100000000011000001011000001111110000100100101010100011010000011101
0000010011010000111011101111001111000111000010011110010101010111011010111000100100011111
0000001011010100011100101111100010101001011001001111111100011001110000010111011010000110
0100000011100011111011011111100101101101000001011111000110001100100011001011100001010100
0000000011100110011000010111001111111101001110011111001111000100111010001011110100111010
0000000011110110110100010011010100111100100111101111111011100001101110111110010000100000
0000000011111010101111010011011111011010001111111111100010010101100011011000000101110001
