00000000010000101101100001000001011101000010000000100011100000011010011011110111111010000000001111
00001100001000001101001010110001000100101110000001110010110011010101111111101101010001100000101000
00001100000000100010001001100011100111111110000010110011001001111100011110111100100011011100011011
00010000000100000111110001010100000100111011000011101111010111110000001110111101100011111010101110
00000000000000100001101111101111011000100000100000011000001101011100000110111011100011101010010100
00000000000100001010111011001110111000011100100001110100101110011101110010011101111101000101000110
00000000000000100001101000101000101110011100100010111011001010010010011110101000101000101110011111
00010100000000000101111110101001000111011101100001010101110100110010100110100100101111001011100101
00000000000010110011101000010010010000010111100000110010111001000111101110101101111001011001000000
00000000001010001000011100011100110001110111100001101000001100111101001101011110011011100001101100
00000000001101111100000011011011101100101111100011101010111110011011001111011000110111010000101101
00010100000001101100001000101001100010011100010001110000010000011100101010000011001110111010110101
00000000011000000011001110111111001101010010010000111111010011111000111011000101010101101110110011
00000000100101100111001011011001001000000110010011110010100100011100111111001010111110001000101101
00000000000100100000001011010001010000100110010001100111101110100100111000111111010100011001111100
00001000001100100101111100110001101001010011010001110110100110011000111100101111000010001011110110
00001000000001110100110010111110010010111000110010100111111011010010000111111111000011000110111101
00000000000100000010110110111111001111001100110011010011110101111101111100101110001110001010000011
00000000000000101101001011010111111011101001110010001001110001000110111011111101000001001001010100
00000000000000000111011100010000110010110011110011001100110110011110011100010011011100011010011101
00000000001100100101010011100111010001111011110010100111011001100111100100011100000011110111001110
00010100000001000011101001101110100011010010001011110110101011011100101101110011100100100110001010
00001000000001100000110010000111111101110110001001000111101011110100111010111011010100111100001001
00001000000000100011001001010001101100011110001001101011101011101010101101100010000011010110000101
00000000000000010011001110100100001101110101001000110010011000100011111111110001111110010100011100
00000000010100000011000011111010111010111011001010010010000111101011011001100000000110010100010000
00000100000000100110010011011101000101100000101000010101010111001101010100001011001111110101101101
00000000000000000010111010010010101110111100101010001110111110100110011110010110001001000011110101
00000000000000100001000011111001001100001010101001010111001101001110001100001000111011100010100111
00100000000000000111010110001110110000001110101000110101010001011101111001110011011011111111101101
00000000000000000111100011011001001110100001101011001111100101100000010111100100101111000010101011
00000000001110101100010100110100110101100001101000110101100010011101101010001100100100101010111101
00000100000000100010001010110110011101111101101010110101001010000111000100110111100111110100001000
00000000000010100000010010000110010010110111101010110110001001111010110000111000001011010100000010
00011100000000101010000110100101101111011000011000011001011111110110110101011001000101001000100000
00000000001111000011111110011111111000000100011010101110001001100011000011011110111011110010111100
00000000000000101000110111010000110100100001011010110111110011000101110001011000111001010100100000
00000000000001000011011110010111110100101001011001101000101001111111001010100010101001111100011110
00000000000000100001010001110110101100111101011010001011011100111111110111101100100001101110000001
00000000000100000010111000001001101111000011011010100111011000010001011110001100011011000111010010
00000000000001100100001001000101111111100000111010011010010000001101111101001001001111001100011010
00000000000000101000100100111010111100001000111011011111010001101110001011110100001011011100100101
00000000000111000011110011010001011010000100111010100001001011000000001101110100111100001000010101
00001100000000100010011111011000000110100010111001110001111100000101110101100000101010001100010010
00000000010100001010100101110100001101001010111011011101011110101010101110111101011111010011100010
00010100000100100010000000000100111010011010111001101000100111100110011011011111111100011100110111
00000000000000101100110011000101000100000001111001101110100000110010111111011111100001001101011110
00000000000000000111000001000111001000001001111001111010010111011011001001011110101011111010010100
00000000000100010011100011010011110110011001111001101000000100111100001000001101000001110001011100
00000000000100000011001010100011110011100111111010001000101010001001111101110111110011100001100011
00000000000000000111000011101110101011110000000101111111110100111010011010110000001110010011100010
00000100000101000011101111001000100111101000000100111101001011001111000011110100110100101001110101
00000000000000110000100110001100101000011000000110000101000011001000111011110101110011000110010100
00000000011000101101011111011101011001001100000110100111010010111001011001100111000000101101001101
00000000000010000011111100100011001110101100000101011001011010001100010111101010001010010000100101
00011100000001001101111001100000110000011010000110110110100000001110000111000010101010101100001101
00000000000100001111010010000100101111100110000100111010110010100111110001010011000011110000110100
00000000010100101001100011010010010011011110000100010100111011110000000110110111011101001101001110
00000000000001101000100101111111110111000001000101010100111111111101010010011101100011010011101011
00001100000000000001100001000000001111111001000100101101101010000100100010010000011111101101001110
00000100000010000001011110011101001110100111000100011101011101000010111001000111000101011111111010
00000000000100000111000001010011111001101100100101000100101101011111100010001011011010010100001100
00001000000000001101110111010000010101100010100111001111010000111111101100001001101000010000100110
00001000000010000100111011011101010101011010100101101010010110010001001101001000010111100011100111
00000000000100000111011001100110101110100001100111110110001001010010111101111100100011000001011010
00001000000000100101110100111010111000001001100100010011100011000001011110011100100011001100000101
00001100010100000110000011011111010101101001100111110011100111001100100001101010101010111011110111
00000000000000000111011110101101101111111001100111111000000100101000010001100100110100010010010110
00011100000001000111111011010111001100111111100111001111100010101111011110001101110010110000111111
00000000000100111101011101010001100001111111100100110111100100110011000111111111011110011100011100
00000000000000011011010101110001011000101000010100000110000011111111011011111111001100000100001011
00000000000000100101011100111100111000101000010100011101000010111111000101001010111000110100110001
00100100000101000011110011010100101011111000010111010010110101101001110101010001101110110001000000
00000000001100100001000010100000001110001100010111111010111110101110101001101001100011100100101000
00000000000001100100000011011111000001111010010111101110000111011010001110101011011001001000100010
00000000000100000011011011000110001010111001110101001110101001010001001111010011101010010000010101
00000000000011101011001110111101110110001101110110101011101110111101001111111000111010110101000100
00000000000000110101010000001000011000101000001110000010011000010110110111011010000110010000010010
00000000001011010001010100001000110111011000001100110010110010010100110010000111110101110001111001
00000000000001000011111101000111110101101110001100110011111101011010001001101101100001110100100011
00000000001110100010010110111110100101011001001100001011001001100011001010010111111111011011001101
00000000000110000000100111001011010010100101001101001100111000111101101001101000011011100111101001
00000000001101101111011100001000000011010000101100101111010001111110010011011101110010110001001110
00000000000000100100100101010100100001111110101110110000100011001101010010001001110010110101000001
00000000000000110100110010110000111110110101101110010010100100110010001011110111111000110101001100
00000000010001101100010001000001010111111101101111011011010010111100110011101000000111110100100101
00000000000100110001110101010000011010010011101101001100000101000100011100101101011111011100101110
00000000000001001111111011100101100011011011101100000111101011101110010110110111110101011111100010
00000000000000010010000011110001101111011011101110101111001000101010000011101010101111011001010000
00000000000000100100001110010000100001011111101111010011010011101000010011010011011000101100011000
00000000000000100110010111011111000011101000011111101011000101111100100011000010000100011010001110
00011100000000001010100100110011011101110010011101101110011110000111100111000011100000011110101010
00001000000001101100100011101001110000100110011110101100101100111100101010110010011000010100000101
00000000000010000011111011011010101011110110011100110110101101100110110110101100010000100011010001
00000000000100001110110001011000111110101101011110000010110010011010111110110001010010100001010000
00000000000000000111011111101100111010100011011110111100110100101011101101110110100001101011111111
00000000000000010111100010100111100001011111011100001011101001100011010010001011010001110010111011
00000000000100000111100110111110010000101000111111111101111000101110010000110010001110011101011111
00000000000100110000011100011011001000001100111100011100101010100111111100010000000101001011110111
00000000001000110001010110101101011011101010111111110001110011101100110010000110100100100011001010
