000000000000000001000111011110101011111101001100111011011001
000000000000000001001001100101110110011001111010110000100111
000000000000000101111110011001010001000111100011000101001000
001000000000000110000110010001011001101001011110111111111101
001000000000001000110100010111111110011000110000111100100100
000000000000001010111011111111100001110000111011110010011100
000000010000001011001010110000001000011110000011111100000011
000000000000001100010100010001101001010101110001111101010100
000000000000010100101010000000000010110111010011101111101101
000000010000010101000100010011010000101001100111110000111001
001100000000010111001100100111110010010000101010010010010111
000000010000010111101010011111010100001000100110111000001110
000000000000011010011000110011101010011101100011011011110100
000000000000011100100001011011001101010101110011100111101110
000000000000011101111010001110001010011100000010110111011110
000000000000011111111010101010100011100100011000011101010010
001000000000100100011100101110010010101010111001001111101100
000000000000101000001110100111101011100011011110101011101001
000000000000101001101111011001100000001111111100101111111000
001000000000101010100111101100101111100110100010010010000101
000000000000101011011001110011011111001001110100101010111101
000000000000110000011001000100010101101011011000010111100111
000000000000110010111000000101000101100110110000100111001110
000000000000110011101011101101011110111100101101111010001111
000000000000110111110100011000110101100010101010011100000111
001000000000111011101100011011100101111111010110110010100011
000000010000111100100011011110111100010110010000110110100111
000000000000111101010001011010010011001110010011100011110000
000000000000111111110001101101111001001010000110010001100110
001000000001000001001110110111100101000100001001010111010000
000000000001000101000001010100000000101000011101001010110001
000000000001001001110000000001001110001110010000110111001100
000000000001001111010111100001100010010011001011101100110011
000000000001010001010101000001011110110110001100101100001110
000000000001010111100100000110010010011110000011101100101100
000000001001011001000010001011010110001001010001000000001011
000000000001100010000110111110011010111010110110101000100110
000000000001100011101011111101001000111101001101011010001101
000000000001100100101101100001011000110100000011111110110101
000000000001101001011000100000011001101000101011010100011010
000000000001101001011111001010110000000111100100101111110100
000000000001101101110000100101011011000101111011011010100010
000000000001101110010111100110110010001010001101100111010100
000000001001101110011011111011101010000000010111101101100000
000000000001110011000010011111101111000110010011111000001000
000000000001110101111111000110000111111100110110001111110010
000000000001110111000101100100001000101110100101111010000001
000100000001111001000100101111100101111101101100000100110010
000000001001111101111110001001011000001010100011011110011000
000000000010000000111101111101000011010001100110010000011001
000100000010000010110001110110000100100100111101011110111011
000000000010000111010111010001110001001100110000000100000001
000000010010001000010111111010111101111101010100111001010111
000000000010001001100010011001110110101000001101110001010001
000000000010001101101010010101110010000110110011100001001101
000000000010010001000100101101111110110111100111111010000010
000000000010010110101110001101100110001110010111000111010111
000000000010011110011010100000111101001111011001001111000100
000100000010011111000110111011100010110011100000000000101010
000000010010100010111001110111010101100010100011111010010001
000000000010100011001011010111100001011011000100000010001100
000000000010100011100101111000101111111100010111101100101011
000000000010100101001000101010010100111110100111100010001010
000000000010100111010011101100011100010001110110101000110001
000000000010101000110110001101110101011010111011101011110101
000000000010101011100001010010100011000110000011100000100101
000000000010101101000010010101001100010111100000101111111000
000000000010101111001000011010110010010001001100001001111101
000000000010101111010100100110100101111100011110110101011000
000000000010110000110101100000100001010111111000000110000111
000000000010110001001000011001011011010010011100100111011001
000000000010110010100010110110101011001111001010000010001001
000000010010111011001100010001000101111111011011010001100100
000000000010111111100101010010011000010111001000000110100100
000000000011000010011011100101010010001100001000100011101111
000000000011000100111111111011110000011011011101011110100011
000000000011001010100010100011100111011011110100011010101111
010000000011001011010100000100001110000111010101010110000010
000000000011001110101100100111111000111010000011110111001110
000000000011001111110001010100010010101100101000110010000101
000000000011010011110001100111101111110001011011101111010011
000000000011010100001011110001111101101011011010001101100111
000000000011010110100101001101001001110111110000011100111001
000000010011010110100110000111001100011001011010111101001011
000000000011010110110010111001100101000000010100100101010001
000000010011011000100011011001011101101000111100100111111100
000000000011011011010101000101111100110111011110000011010110
001000000011011100001100000111010110110100100010111111001000
000000000011100011001001111111100011100100111100111110000101
000000000011100100001101110110000000111011100110101110000000
000000000011100110011100001011000010111011100011101011000111
000000000011100110100111010011011111000010101010011111011000
000000000011101100110111100110000000000110001011111111010010
000000000011101101101010001101010011100000001110100000101010
000000000011110000110110010101011000101010110011010100000101
000000001011110000110111111011101100100100000111000000110110
000100000011110100010011100011010001001111001110110111001100
000000001011110110101000011101111100001011000111010011101110
000000000011110111101011001011111100110100011000100111110101
000100000011111111101001111001101111010011110110100001011101
