00000000000101100000000010101100000100110110000011001111001010011000010100000110010011010000100011
00000000000000000010100000100100001010101101000010000111011100011011011110011100010011101010011100
00000000000000000111010011001000111010101000100010011010100001010011001011101010110001011011010000
00000100000000101010100111101101101001101110100000100111111111000110101000100000101000101011000001
00010100000001100101010010011110000001000011100011111100000000110111011111010111111011001000100111
00000100001100101101011010110111011111000111100010011001110001101100101000001010000010101101010001
00000000000000000010010111111010001010000000010001101111011011110100000100101110000101010100100100
00000100001100000101100010000101010010001100010001000101000001100110010101010101000111110101001100
00000000000000000110111000111001001111100010010010000001000101000011111100001111100110111010100100
00000000000000100100010001011100010000001010010011111111110000011001000010011101111001110000100100
00000000000001100000001101001011011101011010010000011001001100011110011110111010101000011001100010
00000000000000000010111001110100000001000001010010000100011101101100001000011010111011001100000101
00010100000000100010111101000011111001010011010010101111001111000101011100110011011000001100100000
00000000000100100111001001010100010110110011010010110001111010101001110101100010111110001000000000
00000100000000100101010110100101011101111111010010101101110000110110000100101101101000110101111100
00000000000100100010000010011101101001101100110011111000110111101100001100010100110011000101101101
00000000000000000001111110101100010110100010110001101110001011110100010110110001010000001110111011
00001100000000100110010001000111101101100110110010010110010000100101100011001001100100010001110000
00000000000000000011000110001101111010001110110011110110010110010100000101010111000100101001011110
00000100000001000110101000101000100011001101110011110010110010111011000010110111100100001000010010
00000000000000000010100111111000110101001101110011010111101001100101111001111000001010011001010011
00001000000100000000010111000110000000110011110011101000110101101101101100101001110010111110010100
00001000010000001101101111100100111111101011110000000011011100100011000101111001001111000110110000
00000000000000000010111011010000001010000000001000010111000010011000111111111101101000010111111111
00000000000000000011111100100110010010000000001011111111101101101001111100100010001011100001010111
00000000000000010111101000101111001100100010001010010101110011011010011010010011011011011110000100
00000100001101000110100000011001011011100010001001001111101001100011001010000011111011110111001110
00000000000000000011011100100011101010001101001011010000011001111010000110110110000011011100010001
00000000000000000011010000111111011101101111001011100101000011010001111100011101001011100010110111
00001000011001100100011010011100110110111111001001001100000111110010001101111110111101011101000111
00000000000000000110011110100011001000010000101001000111100001110001001000100110010111100110011010
00000000000100000110100100001001100011000100101011111010000101010101010110000000111100101000001011
00000000000000000010111100011011001010110010101001000001111100010100001111000010101001100111110010
00000000000100000101001011100101101100011010101010011001101011110111101101110011111011101100111111
00000100000000100010101111001010001011001100011000010110101011001000111011110111110011000001111101
00000000000000000010111000100000101110101100011011010011001011010011011001110100000100110111001011
00000000000101000100000101100000101001110110011010001010110100011100001000001111110100111111100001
00000000000000100000101011111110010000011110011011010111111100001101000101010010100010011000111100
00000000001000101010011110001011001010110001011000110111111101011100001111101110001111111101010101
00000000000000000010000010100011100100001001011001110000101101000001110111010001100011110001011111
00000100001000101101001111011101000000000101011000011111000011001110000110000101010100011000010111
00000000000000000011000100101101011101101010111001011110000001011111010110010101110010010010111000
00001100000001100000100001101111011101110001111011010110100010100110100101011100010010110110010001
00001000000001000001001001100111010010000101111001101011011101011110111001000011100101011000010110
00000000000000000111110101011000001111100101111000111010100011101010110010011111011010100111010011
00000000001000100110010010110001010011011101111011001001100100100110100000111010110110000110100000
00000000001100100101010011010011011101100011111001100110010111011101000010110010110111010001101010
00000100001100101110010101000001100100100000000100110101010100001011110010010111101101100011100001
00000000100000010101111000000101001101100010000100010000110000000111111101101001000110000001110000
00000000000000000010101101010111111010000001000101011010101001000111010001011011011101010001011010
00000000000000100000110001110100000001000101000101100101110101011101010001101011111001000110110101
00000000000000000011010011111001110111000111000110100100001010101100001001110100111001001010000100
00000100001101000101010000011101100101010111000110111100111001011001000110111010011100011011110011
00000000001100101000011010001100000000110111000100101011101110111010000100101101110100111011101101
00000000000000000110110110011011100110010010100110101101001010001000001110110100001111001000010010
00000000000010000000110001101110101000101010100100101100000010010001010111100110100111010100111111
00001100000000100110010100101111100100100101100111100100010011011101011000100100000110010101000110
00000000000000100001011001101111011101010101100111101000111011111000111101110000011000101011110010
00011100001000000101101010011101101101010011100100100110100011011000011001110101100101101100001101
00000000000000100010111110000010100000111000010101010101001010100010101000010110111101010000000001
00001000000100000000111100010111110100001100010100001101001000011010001101111111110110010100010011
00001000000000100011010010001010110110110001010100010101100101101001001110000011100000110110101110
00000000000001000011111111101111010111011011010110011011111111001001010001010000010000011011000011
00000000011100000000111001100010010001000100110100011100110000011010100110101010000000001100111101
00000000000000001011011001001010000011010001110100001101101111110101100100101001101001001111110111
00001000000000100000110010000100010001110101110110101011001110110100010100011111000000000001110110
00000000000000000010001000101110000110000011110101000010010011110000001111000010010111011101000110
00000000000100100000111100001001001001001111110101101101010111001011010000110001101001011110101100
00000000000000000011011000111110000001101010001101100100011000011101001010100101111001110101111100
00000000000000000111111111101110011001010001001101000000000110110111011001101111010100101011101111
00000000000000100000100100000010110110111101001110000000101100110011010111001100111000100000101101
00000000000000000011010100011111100011001111001100010100101110101101010011100100011011110000101010
00000000000100000111011101010010011011100100101101110100001000100111001110110110101110000011001110
00000000001001001100101010011100111010001100101101000010000010101001101111101111101000100110000010
00000000000000100010001000011111100001011100101110101011011000010101110001111000010001111001111100
00000000001101000011101101111000010101000010101111110101000010010011010100100000011010110001000110
00000000000000000010110010111000100111000010101110110110101100000100110000110110111011000110101100
00000000000001000111110101000011110100010010101100111101110110010001011010100010101001011100000000
00000000000000000011011100011111110010001010101110101100101111100110000100010110100010111010111110
00000000000000100000111001111000010101110001101100110111110101101001010000100001100001010111110001
00000000000001000100001101010011011011011101101100101100010011010010101111111110001100001101010101
00000000000000100100101010000000101000011101101101011100110100010100011010101100010110101001001111
00000000000000100100110011000100000110001111101100011110110000110000010100110111011010111000001100
00000000000000100000010000000111000010100100011101011110001100111111101100111111000001100001000011
00001100000000000010010100000001010010000010011100101001101101101100011101001100110011011000100000
00000000000000000001101111110011001010100010011101000011101111100011111001011111111000110100001101
00000000000100101110111100111101100010010010011110011011111010011100011111010111001111010011110011
00001000000001001011001000111111100011111010011100100010001111000110001010101001101100100001110101
00000000000000100000011000101001010000000001011101100001001111111110100100101101111100001101000111
00000000001000101001010010011000010100010101011110101010001100111111001000011111111110110111110010
00000000001101000101001110101111111111000011011110100001101011101010100011011101101101101011000001
00000000010000101001111000111011110000100011011110111001111011000111010110110000000101111111001110
00000000001000001001011011111101110000001010111111100101111101000110110110111110010000001001111111
00001100001000000101110001010101110100100011111110110000110011111111000011110110101010101101100010
00001000000000100011010110011010111101100011111111001101111100000010000101010100000010011010110110
00000000000000100010100110101000110011110011111101110011100101100001000111110000001001110100110101
00000000000000101000110001110001011100011011111110010111111101111101000011001010011011111100000110
00000100000001000011100100100111001000000111111110001001011101100111011101110001000101100010011100
00000000000000000001111111111011110011001111111100111101101000001101111110111111101011100101100111
00000000000000000010101110100000100010111111111110100001111011010110100111110011101101100110100010
