010100001000011110100000111110101000001111010010110000111010111101101111110100011101111100
010100001000101101110100010000011001111110101111110000111010110000001011100000100100101100
000000001001101111111001111111100101010010111001110000100100101101011111110001111101101100
001100000000011110001011001001000100000100101100001000101010101101101010000111100001100110
000100000000100010110011010001111101000101101110111000101110101011000000101111010111110000
001000000000111100100110010101011101101101000101011000110010101011001001100100111101001011
000100010000010101011111111110011101111101101100010100111111100100000101110101011010101001
000000100001100001111010101101000011001001111000000100110110101001111100101111011010110111
000100010000011000011010001001111110100101000111011100011110000101001000101111111001011100
010100010000101111011001001101010100010011011111101100110000101110111111111000111000000011
000000010000111101001001011001000101000101011101111100111010000010101001100011111100011110
001100000001000000011010110000010100110111010101111100000100111100001100001111000010101101
000000010001001010100100101101100001100110101001101100100110000000100111000111011111000111
000100011000000110000101001111111010010000010010000010100001001001101000010001100110001110
000100011000010000011001111111101010001100001000010010110000011001110100110110100110111111
000100010000011010001111001111100101011001111010100010001001101010110111001011000110101011
010100001000100111100110100100010011111011101100010010000011000111110001010011000011011100
001000001000111111011010000101011101000110100101100010100110011001100010110100101101010011
000100010000100001101110011100101101010101000100111010010101011001000100100111101010010111
001000000000100010001011100011101111010110100011011010000001001101011010001110110011000110
001100000000111001101110111111011100100010100100111010000000001101010100000001011000001101
000000000001101010010101110100101101110100110110011010001011100010110000100001110001011100
001100000001000110101110111010100111111001110000100110000111100111100001010111000111111001
001000100001110000110101001001110001100100000000100110001010101111010101010011000100100101
001100001000101100110010110110110101100010100101111110001011110111000010011111100100100000
000000010001010110001111100001100001001110001100011110011011001101110011011101011001100010
010000011001011011111011111100001101011110101101101110110110111111111001110000100000010110
000000001001110100100101111010001001110011101100111110010100011110010000100011110100111001
000000001001110101011010010111010111110011000001011110011100111100110110101011011101110110
000100001000000010000100101101010110111011000111010001000101010011110101001110010010101101
001000010000001000110010010110100100101110010101010001000101011100001111010110011111011100
011100011000010110010000101100001111101100000110110001111111110011011001101111101010101001
100100000000100111110000111010010010000001001111100001110100001101011000101011001001100111
000000001001110111011001101100011010010110111010100001110001000111001010111101111111101111
001101000000101110111110110111111111011100001110111001110100100101101010011100110100110011
001000000001000111100111110110110010011100001100011001011101000001101011110111011010010100
000000000001101100001110001100001000011011101010101001110101111111101101000111011010110101
100000011001011010001000111100110110110100011111110101010001010000111110101101000011011111
000000000001111011011100010000110010011001001011000101101101001001010100000010001000000100
000100010000001010100101010010011010111010011011101101010001110011100101111001110110100111
000100101000001110111111001111110110000110011111111101110111011110010001111011010011111010
001000010000100010101110101101101110011000011011101101100101110100110011101100010001111101
001100011001000101101000011100000101110001011011001101111110001101100001010111001111001010
010000010001000111001001101010100010010100100111101101111100011100100100010100111100001011
001100001001001011110111110101100110110101010101111101010110101101010011001011011001000110
010100010000001000111010000100000001110111111111100011011010101100000010110111010101111010
000100100000011110101111010001101110101110100010100011110100011011001110101010011100100101
001100100000111000100000010000011100011000101101100011010011100011011000100111000001110000
001000011001000011000000111001000111110111111011010011011010100001011101001000110001001000
000000011001110011001001011000111011001011111011010011111011000001100101001001101001000101
000100010000011110111111101011110011101101000000101011110110000000010101010100000000110110
010100000000100001010010100001110110101000100010110111001110100100111000111100101010110111
000100000000100011010110100111010100100100111001000111101111000100001000110101111110001001
001000000000110100001110101010111100111110100100110111111111001101010000101000101001111100
010000000001001111001010001001011011101001001100010111011111100011010011101110010010111100
001001000001010011111001011100000100110100110111100111000100100111011000100000111111001001
000000010001110001010010111111111111100100101010001111110101110011110000110100101011010100
010000001001110010001101101010100110000110110011101111000000101101011101111001110011011100
000000001001111000010101110000100101010010010000011111111101010101000111111011111111011100
000000010010010110010000010111010000000001011110100000110001011100111100010110110010100101
010000001010101101110111100101010010110001011111100000110110111111010111110000001101000101
000000000011000010101101001101001001111011011000111000010110100100110110101111001000100110
001100010010110000011101101101111010001111010111011100000111100101011011101101100101111111
000100010011000011011100101011000111110011111110101100001101010011100001011010010010000101
000000011011010010000111010000110110101101111010101100110101001010101001001110111101111111
001000010011011101111010010001100101010110100110100010100101111101010100100110100010111100
000000011010000010011101111100111010100001001011101010001001111101001111110000011011101011
100000010010011010011010100011001111001001000101111010111100110111010001011111101000000111
000000000010011110010010111001111010000001111101111010000110111111001100010110011111000000
000001000010110110000011010110101111000011011000111010100000111000011100011101001111111001
000101100011110011001000000010110010010001000011111010011000101100001000001101000011011100
000000000010011100010011010010110011001100010100000110011001101011100110001100010111111010
001000000011000000000111110000101011010100110101100110001010100110010010011101111101111010
001000010011110001110110101111111010111100001100000110110100010110010000110011101011000011
000100000011111110101010010001110100010111000011000110100000111000010100011110011011000010
001100101011001101110001010110001011100101011101111110001110100100110100001001001100000000
001100010011010001101010011011010101000111011011111110010000011110110000110100000111001111
000100100011101100000111110111000111110010111100111110100101001011011001010110011010100000
000100001011111000101001100011110011001001111111001110101111001001011100100001100010010100
000000001010010111001110111010111111010011011011010001110011110000000101011101001000111011
001000010010111010001011010000001000110111111011010001000111100001100010100101011001111010
001000001011100010001000000001001101100011000010000001110100110100111000111000010000010010
000100001011111110100011001101101101000010000111000001100000111001000110111001110000111000
000000000010010000110001101100100011001110000101111001100011000001011000001111000110101100
001100110010110010001010111000101110001100111010111001101101110101101111110010000001111010
000100000010111111101110101000010111011000111111001001101100111101001111010001110000110000
000000000010000111001000101001100010101001110101100101101011000111110001100000100110110011
011000010011010011101001111101000110111010111010000101010011001001101100000100010110110010
000100000011110000110100100110101000111100010010100101101110010011111111100110011111010101
000000011010001000001010100001100011111010001011011101110100011101111110111010000000111001
010100000011010100110000010011000000000100111111101011100010110111111100101000010101111001
001000010011011000101011011101110100001110001000111011101100011011100100101000100011010001
010110000011000000010000011101011111011101100000000111111111001110001101111101001110100100
001000000011010110100111101011111011001100001101100111001001111011100111010101100001010101
000000000011100111001011010101000111000000001000100111010101000010101011100100011010110111
000000010010000001110011010010011100011100010001111111111111110000110000011000110100100010
000101001010110010001101111101111100110101010100101111001001000001011001001110001111011001
001100001010111000010010100000010101111110011000111111000100101000010011111101111111001010
001001001010111110100000110101000110010111110011001111001000001101010010101010010011011101
000100001011101001111110110110100100000111001010001111010011110000100100001000101101011011
