0000001100100001001000000110000110
0000000000001011001000000011001011
0000001100000010011000001001110000
0000000010100001111000001101001101
0000000001100000010100001101010000
0000000010010110010100000001110101
0000000000111001110010001111000000
0011000001100000010100001011010111
0011001001001011100110000010111001
0000010001101000010000010001101101
0000000000010111001010010110011010
0000000000001110011010011011101010
0000001000000110100110011000100010
0000000000100000110110011110100100
0000000000000010110110011011011101
0000000001000011110110011000001111
0010000001000000011000011100010011
0100000001000011110100011101001101
0100000001001001101110011111110111
0110001100000010000010011001001111
0001000000000110101100010111011100
0001000100100010001010010110010100
0011100000010110011000011111011100
0101010000001010100110011111010101
0000000011001100000000100011101011
0000000001100000100000101100100101
0000001000001011101100101101001010
0000000001000101000010100100011111
0000010001101000100010101111000101
0000000010100010011010101101100010
0000000100001110111010100100101011
0000001100100001001110101110001011
0000000000000011001110101110010000
0000000000100000111110101011100101
0010000101100100100100101010110101
0010001000100110001010101101000010
0010000001000011101110101001111000
0110000001001100100100100000010010
0011001001010000010100100011110101
0000000001000011110000111100110111
0000000000101001101000110110110101
0000000011100000000100111001100011
0000000000010010000100110001010011
0000000000101001101100111110111001
0000000001000101000010110010101011
0000001001001011100010111101101011
0000000000000011101010111011000010
0000000000100000001110111101011010
0010000010100111000000110100110110
0010011000000101000100110111110000
0001000000100101111100110010011111
0011000001110000011110111001101011
0000000100000010100101001010011000
0000000001010001101101001111111011
0000000010100010011101001101011110
0000000001000001000011001010110011
0000001010101110011011000010100111
0000000001000101000111000100110111
0000000001011011110111001111101100
0000001001101100101111000011111001
0001000100100001010111001001111110
0011000001101000011011001111110000
0011000000000110010111000010011110
0101000010100010101101001100011001
0000000000100000111001011011101110
0000001101010000010101010110101011
0000000000100001011101011101101111
0000000000000011010011011010101011
0000000000110001001011010111011010
0000000011010100101011010001000101
0000000100110101011011011000100111
0010000001101100100001010001011111
0100000001100100110001010101001011
0001001000001101010001010010101010
0001001001101001011011011100100010
0011001100001101100001010001100001
0011010000011010010101010010010111
0000000000101101110001100000001001
0000000000101000011001101111011101
0000000000001011011001101110001101
0000000001100111101101100100010000
0000000101101100000011100101011100
0000000000101101011111100001010101
0010000011100100111001100001101011
0010010001000111000111101111100011
0010000010101011001111101110000111
0001000000001001110111100100011110
0000000000101000100001110001100101
0000000000001111100001110000101010
0000001000110101011001111100001001
0000001000000111010101111100101111
0000000100100000111101111010011110
0000000110100010000111111000111110
0010000001100100111101110011111110
0110000101100100100001110111001001
0110000000101111110011110000011111
0110001001001011111011111101011111
0001000110100010100101111000011100
0001010100010010000011110001100100
0001000000100010100011111100011101
