0000000000000000001101111100111000010111110011100000100011010001001001100001111101111111
0000000000011111101100000000011001001001010111000001111011100111101110011101010000111101
0000000000100101110100111100010111101110111111110001001011101001001011011011000110001001
0000000000110001010001010001001101101010001011000000100101001100011011101000100000011011
0000001001001111010111001101011111000011111011000001000010000101100001111100111011001001
0000010001111011001101100010110110110111111011000000101001000000110111111100001100011100
0000000000001011110010111111111000010110100101100011101011111111010000100101011110110011
0000000000100100000001011010001010010110000000000010000101110010011111011101111010001101
0000001000101110011010001101010001101110000100110010101101111011000011010100010000110010
0000000000110000100110100101011011001100010100000010001101000100001011110101000011111111
0010000000110101000011001011011100100100110110000010011110101001100010001111001011111111
0000000000110101001101010110010000111011111111010011110110101010101111110001001100001100
0000011001011011100000101101100101010101101110010011011110100000011100101101100000010101
0011000010000100001000110110001001010011100000100001100111010111110011000011011111110111
0010000010000100001100110011111000010010100110010001011100101000000111100011001010000101
0010000010000101011101100111111101101110000001000001010111110111010101110101111010101100
0001001010011101100010010101001100011010011001110001011110101001000101100111011000010000
0001000010100111111010110110000001110011101011010001101110101100111111001000011100100101
0001000010111101111100110101001000011001110010100001100100101110100011001010000100001101
0001000011001011111101010111000110101011001000010000110110100111010010111000100011110010
0001000011010111110111101010000101001111000111100001111101111100101010010001001001101000
0001000011100011100010101101110111111100110010110001110001000100110111011110011110110011
0001000011110011010011100111000101101000100010100000001111001000110010010101011001011010
0000000010001010101100111001110101011110000000000010100111111000101011110101111001000111
0011000010110000001111101010010110110101010000110010100101011100111000101010000011001001
0011000010110000110111111010110010000110100000100011010010101000001000100010010000011110
0001001010110101001000011100000011011000010111110011110111011001110110011000001110100010
0011000010111001000110110011010111000000010000010011111100100101100101010111001100001110
0010000011000000010101110000100111010011101101110010111001111011100110000111010000001100
0001000011100001111101111000100110010010100011000010111100001001110010101010000010100110
0000000011101001110010100010101011011001010011110011111100011001101110100001000100011101
0001000011110100001010010111101000110001100010110010111000001111010000011100101111100101
0000001000000101110001010111111001110111110101011001010010010011101100010001111110010111
0010000000000111001000001010100000101011011101001001001101100010101101100011001100100111
0100001000111100101110001100010100101111000100001001110000001011100111010010110001100110
0010001001011010111100101011100110111100111110001001110011000111110011101001011001001000
0000001001100111010001010110111010010100110010001000000010111000110001100111001001101001
0000000100010111011011001000101001001010111000011011110011000110010011110100010010001100
0000000100100100001111111010111001001010101111011010010100001110001110111001001111000100
0010001101000101000111100001011011111001011111111010110010111010101001100010010111101011
0011001010000111111101000011011000111001111010011001111110111010110111000011111011011100
1011000110110000110101110101000011000111101111011001001101001000010101000011101111000100
0001001010110011011000011010101011011101100110111000001000110001101110001011110010101111
0010001010110101010111110101100110111011010111011000011001101101110010011111000000101010
0011001011010011010010010110011100100100010110011000100011000000010011101001010110101010
0011000111011001001000010011010100111111001110001001001011111111110101101101001101101001
0010001011011010110010001100010001101101101100001000110011110000110000000011110110010001
0010001010001001000011111011100110010101001111101010000000010001100001110100101000111111
0001001010110001100110101111001000101101110110111011010100101010010101101111110100000111
0001001110110100010011011101001001001101010100101011010101110110010011110001100110010000
0001000111001011111100011001110000111100111101101010100000001011111010111011100111111001
0001001111011011100101000001111100010000111000101010000110011010101001110000010000111111
0100000011011111101010111101000111110000000001101010011110110111101101101111111011011100
0000000000000011011111110001011001111010110101110100010110111011101110111001011001101010
0000001100010111111010111110010010100010111001000101011111111100101011000001110010001100
0000001100100000111000011001111100010111111001110101111100100001001001011100110111000110
0011001001000000010000101100101001000111101100110101110010100011111110100111000100011000
0000000001001001100011111011100101101110001100100100111001001001001001110101000101000101
0000000001001011100011000100011001110011100011000100111110111001111000110100001000001001
0010001001101111110010010100010110110110000000010101011110001110011001011001110111001110
0010000001110100100101101100110001111011111110010100001101101111000011011000011101111011
0011001001111001000011010000011001001110010111110100100100101111100010000010001100000101
0100000100101111110010001101101111001000110001010111110010111100001100111000110001111101
0000000000111110111110010100000001000100111011110110110111110110001101101000110110011000
0010001001100001010001000111101101000000101011010110011000100010001111100010110111011010
0011001010011100101100000000101111010110110010100101000100110000110101010011101111001101
0001000010111011100100101000110111100111000001010101100000110100010000001001110011001001
0010001011001110010010110001110111011011001011000100101101011011011001111111001110110111
0001000011001111000111111001110001000111011000100100001100000011011111110000001001010010
0101000111011111110111010001001001101101110001010101100101101111110100110001110111001110
0001100011101010101010011110101011101000101010100101100000010010100100101100100100011100
0001000010110010001001010101100111001110111000000111110001000011000001111001101100010101
0001000010111001111100000111001001111111010010010110011111010100000101101111110101111100
0001001010111110101111000000100101100111111101000110101101101101000000100110011011100000
0100000011100100111001000000110100001101101000110111111101101000101001001011010000010100
0010100000000001100011110011001100000010110100001100110111111100000110111011111000001100
0000000100000111110101110010011010111100101000111101001101011011100111110101100011010111
0010001000101000111111101101011001000001100100101100011110010000000010110100011101100100
0000000100101010001110001110000110111001000010111100011000111000011011010010110011011110
0100001101011011010101110011011011000011101101111101101100110101101110101101110011001110
0011000101111001110110010101111011110010010100101100111010111101100001111100001000000101
0000000100000101010101010000111110011111110010111111000101001011101111100000011100010111
0000000000001011010111000111010111110110001000001111001111100100010101000011101100001101
0000010000101111101010000101110010101111110001011111110010101011000111111100000001000111
0010000100111110110101010110010011001110111000011111100110111101111101111001100010000001
0001001001000001110111110011001000011101011111101111100000111110110000110011001001010110
0000000101011110000001011110110001011101011100101111000010001110000111000110001011101010
0000000101011111101100111000000011111010100100001110100100010111000001101110100011011010
0010000101100111000111000000000010101011101011101110100011000111000110100111001001001110
0010000101101010100101101001001000100011010010101110010100100111011110000100011110110010
0000000101110000010100101110010101000000110001011111111001010010001010111011100000100110
0010000110000011001111110110000011010101100101001100110100111010110100101101011011010000
0010000110100101101111000011101110101011000101111101011001000111100001000100100100001100
0011001010101001001111111001101011111000101110101101111000111101000101011110001011110000
0010001010110101101101110111101111101011000010111100010100110101001100100001100000101100
0001000010111111100101010010101011010100110010001101111101100001011010110000011010100011
0001000111001110000000100000001011111101100010111101111011100100100111110000001101001101
0000000111101000100000101111110111101100110100011100000101000111001110110100110001111011
0001001011101001001011000110000011011010011100001100011000111110001010110011001001111110
0011001010101011100001001101100100110001111101101111101110100000101001110000111100000111
