000000000000000011100000100001001100
000000000000000010100001010011011110
000000000000000010011100000011111001
000000000000000000111111000101010011
000000010000000010011100010101000100
000000010000000010001000000100101001
001100000000000010011000010110100000
000000010000000001010100010110011011
000100000000000010001010101000101010
000000000000000010010101001001001110
001100000000000001111111101001001101
001000000000000000110101001000111011
001100000000000001000111011001101111
000000100000000010010011001001100111
000000000000000001100101101010110100
000000000000000001001100011011000110
000000000000000010101010011011110110
000000000000000010101110101010010101
000000000000000011001111011011101111
001000000000000001110110001101001000
000000000000000001111100001101111100
000000000000000010100001001100010111
000000000000000011101001001101111111
000000000000000010010100111111100001
000000000000000001111100011110001101
000000000000000001010110001111000101
000000000000000011101011011111100011
000000000000000111010111000000101010
000000000000000110111010110010101101
000000000000000101100101010011110111
000000000000000100100010010101010110
000000000000000111110110000101001111
000000000000000101010100110101101111
000000010000000101100000100101111010
000001010000000110000110000101101000
011000000000000100011100110110001011
000000100000000110010011100111101100
000000110000000110001101111001000110
000000010000000110101011001011011010
000000000000000110001011011100111000
000000000000000101000001001101010000
000000100000000100000000111100101100
000000100000000110010111111110000101
000000000000001011100010110001010100
000000010000001001000000011011110010
000000000000001010000001111111100000
000000000000001010011010001111110010
000000000000001010111010101111100110
000000000000001011111111011111110101
000001000000001010000100011110011010
000000000000001110001100010000000000
000001010000001111111011010100101110
000000110000010000101011110010000100
000000000001000000110101010000010000
000000000001000000010010110010000100
000100000001000010001100010011101101
000001000001000001010010010011100010
000000000001000001011111100101111000
000100000001000010100000110101101011
001100010001000001110010110100010110
000100000001000010100101000110010001
001000000001000011001111110110101011
000000000001000000110111100110111111
000000000001000000101000011001111010
000000000001000000110010111001001011
000000000001000001001010111000100111
000000000001000000111010011001010111
000100000001000010001011011011001001
011000000001000010111100111011010101
000000000001000001000101011011101101
000000000001000000101010111100001111
000100000001000010001100111110011010
001100000001000110010000000000110111
000000000001000100001000010101010100
000000000001000100101001101001000100
000100000001000110111101001000101011
000000010001000100001011101001111110
000000010001000100100111101000001101
000000100001000100100011101001001110
001000010001000111000110001010000010
000000100001001000000110100010000100
000000000001001001011000011111111100
000000000001001000101011011110001001
000100000001001110101110010000010000
000000110001001101011011000110110110
000100000101000101000000010100101100
000000000010000001010111011000101110
001000000010000011101100111111011111
000100000010000110110110000101010111
000000000010000111111111101010100001
000001000010000100010000101100001000
000000000010001000100110101111000011
000000000010001111111101110010101101
001100000011000000100010000011010000
001000000011000000111000000101000001
001100000011000000011001101101011001
000000100011001010100111001100110100
000000110011001000000110111110011001
000100000011010001000001101101101001
001000000110000111001011110011010010
