0010011000000011010010000010
0100001000000111110001011011
0011010000001001000100000000
0010000000001010110110010100
0100010000010001010100111011
0110011000011011010011010111
0010111000011101100000000100
0010000000001100001000000010
0010000000010010111001001010
0110010000011100101010010100
0010010000011111001010111111
0100011000100000110101011000
0000000000100101000111101000
0010011000101000110011111011
0100000000110100010101101110
1000001000111101100100100111
0111000000100111011001111001
0110000000110010101010100000
1000000000110011111001000011
1000010001000111000110011110
1100010001001001010011011100
0000000001001010100111110100
0000000001010011110001001110
1000001001011000100000010110
0000001001011100000010010001
0110010101011111100010000001
0000001001000001001100111011
0100000001000110001000111111
0100100101001010101110010111
1010000001010000111000101100
0100101001010100111111111010
1000100001011011101111100011
0100010001011100011101011001
1000010001011110001010101000
1000111001101001000011001001
1000000001110100010111011011
0000011001110111110010010100
1000000001111100100100100000
0100000001100000011010010110
0000001001101100001011110100
0000001001101111111010011101
0000000001110000111000000110
0100000001110001011001111101
0000001001110010011110110011
0000000001110110001001011101
0000000001110110011000000001
0000011001111000101010100100
0000100101111001101101111001
0000011010000011110000100101
0000000010000101100110110110
0000000110000111110100110111
0000000010001000010111110110
0100001010001001110101111100
0001001010001110100001010011
0000101010001111000111101111
0000000010010110100111010000
0000010010000010001101011101
0000001010000011101111111011
0000000010000100001000111111
0000010010010000011010000000
0000000010010001011001110111
0000010010010001011110111110
0100000010010110111000001111
0100010010010111011011110001
0100100010100001000110010000
0000011010100010010101010001
0000001010100101000001000100
0010010010101010110000111011
0000010010101101000001101100
0110001010110110010000010011
0110010010111010000000111001
0000000010100100001001100001
0000000010101010101101011100
0100001010110111001111011111
1000000011001010000110110110
0110010011001010110001100111
1110011011001111010011000111
0000001011001111010100111111
0100010011010101000010101100
0100011011011011100001110101
0100001011000101001111110000
0110001011001000101110101000
0100000011001001001000001010
1110001011001011111110010111
0100010011001100101101010110
1000000011011000101001011010
0010011011100100010101001111
0010011011100110010101000101
0010011011101010100000011101
0000000011101011100110110001
0000011011101100110011001011
1000011111101101000001111100
0011011011110001110101000100
0010101011110010000010100011
0010001011111010000010001001
1000000011100011011011010000
0010010011110010111010100010
0010100011110111011110111001
0010000011111101001001100011
0010100011111111101110100011
