000000100000000000010111101101
000000000000000010111000011101
000010000000000011010001000011
000000000000000011101100101001
001000000000000110000110101111
000000000000001011010011001000
000000000000001110001010000011
000000010000010000000010111100
000000000000010010001010001111
000000000000011001000001000101
000000000000011111101011010010
000000000000011111110000101001
001000100000100101010101110010
000000000000100101101001110110
000000000000100110101010100110
001000000000100110111100101100
000000000000101001110000011010
000000000000101001111001010110
000000000000101010001101011101
000000000000101110110110001010
000000001000101110111110110100
000000000000110001100000100101
000000000000110101110101100100
000000000001000011101011000111
000000000001000101101100000100
000100000001000110110000100011
000000000001001000000110011111
001000000001001010010101011100
000000000001001101100001001000
001100000001001111010100010000
001000000001001111011100010010
000000010001010001011011001101
000000000001010010001010001100
000000000001010011001001001011
000000000001010111011110101100
000000000001010111110010111100
000000000001011000011001111101
000000000001011100101000000000
000000000001100001010000011111
000000000001100001011010101001
000000000001100010000010001100
000000000001100011101001011110
000000000001100100110001100011
001100000001101011101110001011
000000000001101100010101000101
000000000001101101011101101101
000000000001101110010011001010
000000000001110001100101000000
000000000001110011111000100111
000000000001110100001000100110
000000000001110100001010010111
000000000001110100010101101000
000000000001110110010111110011
000000000001111001111001100000
000000000001111010001010001010
000000000001111010111111001010
000000000001111110100011110011
000000000001111111000011010011
000000000010000000101100011001
000100000010000001101001101001
000000000010000010110111100001
000000000010000010110111110100
000000000010001010010011011000
000000000010001011101110010001
000000000010001100001010100110
000000000010001100001111011001
000000000010011010000011101010
000000000010011100001010011111
000000000010011110011001011111
000000000010100000011011110111
000000000010100001100001110101
000000000010100101111010001000
000000000010101011011000000011
000000000010101100101101101101
000000000010101101010100101010
010000000010101101100011010001
000000000010101110111001001010
000000000010110001110000001101
000000000010110101010100101101
000100000010110101111111011101
000000000010111000110100101110
000000000011000011000100001100
000000000011000111011101010100
000000010011001010001111001011
000000000011010010011010010000
000000000011010100001001011101
000000000011011010000011100001
000000000011011011101011101100
000000000011011101110001111100
000000010011100010000001101101
000000000011100011010010010011
000000000011100011100101010111
000000000011101001010000010001
000000000011101101011110011101
001000000011110000100101101010
000000000011110101111001101111
000000000011110110000100111110
000000000011111011101100010011
000000000011111100110001011001
000000001011111101101111111111
