0100010000000000111100010111111001001100100000011000000000
0010010000000010110000001110110100100110010010101011100000
0010001000001001000111011010111011111101111011101000000001
0010010000001001010010110011111000101111000101101000010111
0010000000001101010111011000111100100101100110101000010011
0010000000001101101010010100000010111101100110010001111010
0110000000001111000001100000001011100011100100100000110101
0010001000001111001000011000110100000100000011100101101001
0110001000010100000100110011011001111001111100101100100001
0010000000010100100100111110101001100000011110100111010100
0100010000011001010000000101001010101000010000110101110111
0100010000011011101100011101010111101100100001010100110000
0100001000011110011100101100100011110011110010010110001110
1110010000011110100000011110100110101110110110011110010111
1010100000011110100101001111011100101010011110000010000001
0010001000011110110100000100111100000011000110001101110111
0100001000011111100101110000000011011111011101001100110100
1000010000100101101000110101010001010101000111000110110001
0110011000100111111011010101000001110100101100001110000001
1111010100101011010001011001010011011010011111011000101011
0110000000101101001100001011100111000100010111010011011101
0010001000101111110011100001000111001010011110001101100000
0100110000110000101110000101111000011111001001010100001101
0100000000110001010001111111101111001010101010100000101110
0110011000110100100101101110010011010000001110100100110000
0100000000111111111001000010101100101110011111100001000100
0110010001000011100011011100110100000000100111010100001110
0100010001000100101010010001001111100111011000110010110001
0011001001000101111101110110011000001011000101111100000101
0100000001001111100101010001000000110010011101111000111110
0111110001010111110100100001100010100000100011110000100101
1010110101011001111101011111100011000111011000000100001010
0000010001011101011110111100101001010111101010110101000011
0000000001100000100011001110010011001100011101001011110101
0110011001100010100111000101000000010111101110100011011111
0000011001101000111011101111000101101111101101000001001100
1000010001101011010100010101000100110110010101101100100001
0111000101101011011011110101101111010110001100000010100100
1000011001101111111001100100010110100101111011011001110010
0000000001110100110111000000010001010101110101100110011101
0000011001110101101101101010010011011101011100010111100101
0000000001110111100011110111101101010100100111100001101010
0000001001110111111001111101101000001101100001111110001010
0000000001111001000101000011001010111110010011010110111110
0000000001111110101011011101010000111110010000001010011111
0000100001111110111101110011010010011011010011100001001110
0000100010000000010000010101011100000100110100110111000100
0000000010000011100110111000111001001011001110010101001101
0000000010001010011010000010000010100100010001000101011000
0001011010001011011000100011010001100011101101011111001000
0000001010001101010100100000101001110000000110110011101011
1000100110001111110000110100101010101101000111000010110100
0000001010010000001101010000101111101000001111111110110000
0000010010010001110110110100101010000001001010010101011010
0100001010010100101110110001010110000111011001111110110000
0000000010010101110010101100110001001101110001110001100111
0100011010010110100100100101000111100111110100010000111100
0000001010011110101001010001111010100111010101011101011010
0010000010011111101100111011110000110111011100110101101010
0000000010100010111101000111100001100000100011010110100100
0000000010100011000110111100101110101001010011011010111100
1110000010100111110001010010010010111000111100110101010000
0000010010101011110100100001111011000010111101101100001100
0100001010110000010110011011100011110010011100111011001011
0100000010110100010111001100000111010110001101000100011000
0110000010111001101011101010101110110110100110010110110111
0010010010111011010101010100100100010010101100110101011000
0000000010111011100000001100010001001101101011011000110101
0110000010111011110000110000001001000011000110110000001111
0100010011000000000010100101110101110111001011100010101101
0100000011000001110110111010011000101011010001111110000110
0010000011000010000001000110111100111011011011011001111010
1100010011000011001010111010110110111000010001110000111111
0100001111000100010001111111011001110101111001101100001000
1000001011001000001001001010100011101100101001100011110010
1000001011001000111010101000001011101101101101100100110111
0111100011010010001011101110011010100111011111110011111011
1000001011010011011001001001110011111010101000010011100110
1100010011010101100001100110011110101101100111001001000011
0010000011011010000101101110001111000101100101111110001001
1010011011011101000111011000100111110100000110010001101000
0010001011011111011101111000011111110111101100011010000101
0100000011100001011011001100101000110010101001010100100110
0110000011100010010100000000010100010111011100111111110110
0110010011100011101010001111010000110001100101110011111001
1000011011100011101100001110010001100011110010100001001110
0100000011100100011001100010001001001001100001111101010110
0010010011100111010111100001101101101001010010000011010101
1000001111100111011010111101000001111111000110000111001101
0010010011101010111101100001000110001111011001111101111101
0010000011101011000110110101001101001011011010000000100001
0100011011101111001100100000010110010010010110100100100100
0010000111110100010101111000110000111011100011111000111001
0010001011111011010110010010001100000001001111111110000110
0010000011111100110111101101101011010100110011110111100000
0010010011111101101001010111011111100001100001010111010110
1010000011111110000100100011000110110010000110100111111100
1100001111111110100111000000011000000001001110011011011111
1010001011111111011110001100101011110011111010011001001011
1100011011111111100111100111110000110000111111001110101000
