000100010000000100100100101100011100011110101001100101100001
010101010000001101010011100000001110110101100001001101111000
000100011000010001111000001010101010010101011111100000100100
011100001000010100111111000000001110001000000100010001101101
000100001000010111101100101001000000011111010011111000110111
011100000000011100001101111000001010110100110001001010111010
001000000000011111010100100100111110111000010111100010010100
001100001000011111111100111110010110010010101001001000011110
001100011000100101001001101000010100010001100011000001111100
000100000000100110010101110000000000111101111000000101111010
000100000000100111000100010000001110111011010110111011100001
001000001000101011101111111101001011111101010100110011000110
001000000000110000001000000110010100101100111010100111100010
001000000000110111001100011010010110101111110100100010001100
001000000000110111110001011011111000110111101110110101011100
000100000000111000001111001001101001101100101010100011010100
001000010000111000011100110011101010101010110000001100010011
001100011000111001110000100111010000001111100011101101111100
001100011000111001110001011110001011110010111100000001101011
001000010000111001110011101110101101100101101010100111001001
010000001000111111010111000110000111111011001001101010110111
001000110001000000001100100100001101001110101101000111111001
001100001001000001001101111100000010001001011101110100100111
001000000001000101000101000110000010100011111111000100001001
000000001001000101001010100011001010000001010010011000001100
001100101001001000110110000001100100001110001110000000111110
001000000001001001001001001100001101000001001011001010101000
000000000001001011011001111000100100110110100101111000010110
001100101001001110110010000110111011101001010110000000000010
001000010001010011011111000011010101100001000001001110001010
000000000001010100001110101100000110100110000100011000110000
010000100001011001110111010100010111010001001100000010110100
000100001001011111010000001001001011111010000110111101000011
000000001001100001100101001100011000010010000101101110001010
000100011001100010011111101011101010101010100101101111100011
000000000001100110000010000011000100111100100011010011001111
100000000001101110110000100101101010111001010011001000011110
000000011001101111101101010001010110011001010000010001111010
000000001001110001100011010111101011111100100001110010010111
000000010001110010110100110111001011010011010011111001100000
000000101001110111100001011010010001110000001010010010111011
000000110001111000101010100000101001011011010101000101001100
000000100001111000111100000011001000110010010010111110100110
000000000001111010011101010001011010111000101111111111101001
000000001001111011100101100101100011110010000101111111100011
000000001001111101110001011110101010000000111110010011111110
000000011001111101111111100010011111011010101011101110110111
000000000010000001000011111110011110100010111100111110011001
000000011010000010011001101001111110001110010100010011100110
000000000010000101011000101100011101001001010101110110111110
000000011010001001010100101001100110010111110111010110111101
000000100010001011100111100111001101010011110101011010011100
010000001010001100110111011001111011100100010011101101101011
000100101010001110011010110111001100001000000100110000000010
000000001010010000001010100101011111110001011100010111000100
100000100010010001111010100010101010101010011100110101011001
000000011010010010011010111010001100001100000011011001001001
000100001010010010100010001001100001110011101110110001111100
000000000010010111000000011111000010100001111000111100001001
000000001010010111000111101011010110010000100001001100100101
000000100010010111011111101100011101110011001011100100010111
000000010010011001100011010001001000100110100110100011001101
001000000010011001111001000000101110111010011000010111001010
000000011010011110111011001110010001101010010110111101001000
000000001010100010101000010111110100001101001110001110010010
001000001010100110100000101101100000000011000001011000110001
001100000110101010010100111110010011000101101010011001111000
001100000010101010101011111000101110110011011011101000011100
001000010010101100101000110010011000011111000110111001101001
001000000010101100111010110111100001001101111111000001111010
001000000010101110001000010100100100111011111100010111111011
010000000010101111010000101001110000111100011111101001101010
010000000010101111010010001110100111000000000110001000101101
010100010010110000111101110011000110100001001110010011011100
001100010010110110010111100010110111110010111100001001011111
010100000010111001000111111100000011000010100100000111111001
000000010010111011000001101100010110000110001001011101101111
010100011011000000100010000010100001011010011011100110000100
001000000011000111001101000010111110110011111110000110001000
001100001011001000010111110111011000010101101001100110010000
001000110011001000101000111010111111111110010000110111011011
000100011011001110110011001001101100011101100010000100010111
001000001011001111110110110100001110100000010001110110100100
001000011011010111111101000111011010001010111110001011001111
000100010011011001100000011100010111110111011111100010111011
001000001011011001111100111000110010010010010111010110001010
011111000011011011111000101000100100101101001011011001111111
001100010011011101110101010011000000011110001011111101000110
001101010011011111010011010101111100000110011000010010111011
001100011011100010011111100000001101101110001011000000101111
001100010011100100010100001101100111100001111101101101011100
000100000011100101000110011011011100111010011000110110010100
000101100011100101111101101110001100011110010010110001001010
100000000011101110100111011111101111010001101000000110111001
000101001011110000100010111110111010001111110111100001000011
000100000011110100101101111110001101001001110111101000010110
001000011011110110101001100010110001011001111110110000111100
000100011011111011001010011000110011110000001010100101011010
000100100011111011010100001000010100100101010110000001110111
000100000011111110010001001000010000111001111111111110001001
