00000000100110010000010011111001111001101001101110100010111100100001
00000010010010010000001000000001111000000011111110101100001100110111
00000000000010000000000110000011011110001010111100110010111100010110
00000000110010010000000100000100101001001110001001010011110010000101
01000000000110000000000101001010011000111111001111000000010011010001
00100000000100000000001001010111000001111010101100001100000111000010
00101000000010000000001010000100000001010100100100110110001000001001
00000000000100010000110111100100010011001000001110010110100100110001
00000000000100000000111110110111110000011000100100011000001101100110
00000000000000001000101001000011000100010111011010100000110000110110
00000000110100010000110111001001110001010110001000001101011101101111
00010000000010011000110110001001010100110001101111100100110000110111
00010000000110000000110010001000110011101100101011110110111101100011
00010000100110011000111000101001111111111100100111000101000111001011
00010000000000000000100011101111110010011010110001010010100011101000
00010000000000011000110001001110111100111011111000010100111010101000
00010000100110001000101010101101001001111111100100111001011100101111
00011000000100010000100001111001001100000010011011111001110011001001
00000000000000000001001101000010101101100000110101110110010011001000
00000000000000000001010111111011101100110001001100100110110100111010
00000000000000000001011001001101110010111000110010010100011101010111
00000000000000000001011101011000010100000101001111001011001110100001
00000000000000010001011110110101010001001101101100110011110011001100
00000000000110001001011001111100100101001100001100100011001011100101
00000000000000000001000110001011001111101101000111101011100101110011
00000000000000010001001110010001010010011100011110010111011111101101
00000000000000010001010100011111010100110011101111000100111110101101
00000000100100000001001000001100001100101010010111001101010000001110
00000000000100010001001001010001110110101011100111000110000100010111
00000000000100000001000110100110011011100111000000001010100100100111
00000000000000000001010011101100100110101110111110000101101010011000
00000000000010000001000000000100111010011111110111001110101011101100
00000000000000000001011010110100000001111110011110000100010110111011
00010000000000000001000100111111101001100011001110110000000100111110
00001000000000000001000001000100010101100001001101000100001111110110
00001000000000010001000011011010110000000100010001101110100010001000
00001000000000000001000111010110111010000110111110110011101111111100
00001000010000001001010100111111000001110111110110010110100110010001
00001000100000000001001000110010011001111110011010111011100011110101
00000000110000010001111100101010011000100001110101011101010001100111
00000000000000000001111001011010111101101001010100101011000010000000
00000000010000000001110110011010000001110100101001000111000011000010
00000000000000001001100010000100001111101100000000010110001100001010
00000000000000001001110110011100000101101010000001101011010101001001
00000000110000000001111100101000100000011010110100111001110111111110
00000000000000010001110011001111001101010111101100111111111111001011
00000000000000010001101101011101111110001110011110000111001011111100
00001000100000000001100000110101111000001110100000011101111010111101
00011000000000000001100010111101000110111000100100011011011100111111
00000000000000010010000111011010000001100001101001101110000010011011
00000001100000000010010010010000100100111000011110010011111111110100
00000000000000011010001110000001011110010101110101001101101001010101
00000000100000000010000110000111010110001101100110000010011001011000
00000001010000011010011110001100100111101100000010000001001000000110
00000000010000000010000001111101000010010011011010110111001110110100
00000000000000011010000101010011110111011011110101000011110101011100
00000000100000010010001100111111001001010110001010101010101110001100
00000000000000010010000100010010011101110111100110111010101111101101
00000000010000000010010110011010101100001110100110111110100010001111
00000000110000000010000100100010011011101110110001110100100111110110
00000001010000000010010101111011110001011110101000101010000010100010
00010000000000010010001111101100011110001110011100000000111000010100
00100001100010000010011111011101101001001101110000101000000010111010
00000000000000010010111000100001011011100001011111111100111100101000
00000000100100000010110001101100010111110000011111001001000001011101
00000000000010001010110011111100000110011001100110010101100101001100
00000000000100000010111101101011011101111001010100011001100011110000
00000000010010000010100011001110011100000100101011001011011100111111
00000000000010000010110011111010011000010011111001010010010110100010
00000000000000000010110100010000100100100111000010001010010000001101
00000000100000100010101111011111010111111111011111111011101111011010
00001000100010001010101011010011010100110100011010001011111011101101
00001000000000000010111101101111000110100111000111110100000000011110
00001000100000000010111010110000000000110110010010100001000100000001
00101001110000001010111111111101011100101001111100010010111101100001
00000000000100000011000100101000101110010001000101010000100111011010
00000000010010000011000000110011111111001001010010010100100111111101
00000001100100001011010111000001101100000100100001101100100101101111
00000000110010001011010110000110000001000100001001000000110110101011
00000000010000000011011101001100101111110101010110011100101001101101
00000000000100000011001010101100010100011101001010101111111111010110
00000000000100000011000001000010011011000010111111001111011110110011
00000000110100010011001001000110111011110011110111000110101110110111
00000001100100011011010010111010110011011110000011111110110010001111
00010000001000000011010111001101001000001001001100010000011110101000
00010000000000000011000010111111111011111101001000001011000101011100
00010000000000000011001111000111100010000011000010011100101010101001
00010000000010000011000101000010110110001011000111111110011100101100
00010000000110000011001100000011101110011010111000010110010001000111
00111000000110010011010100001010010101110011110000000011110000010010
00000000000010000011111111111001110101110000110000001100100101111110
00000000110110000011101111110000001001001000110001000100110011111111
00000000000010000011110001000001100111001001000010101101101101010010
00000000000110010011110000111011100100110100101000101110011001001001
00000000000000000011111000111111100001010111001010101101101101111110
00000000000110010011101110111011001101010110010111011000010111011010
00010000000100000011101010111001010111001001000010100101110011111010
00011000100100000011101110000001100001001111100000110011001101111101
01001000000010000011111100101101110111001011011011110101000110000010
00100000100000000011110100010000010111111010011101111011000101101100
