0000001000000010001100011010101110010111101110011110010000
0000001000000011100110111000000001111110111100011111011011
0000000000000110000110010101010010010010000001011011001000
0000000100000110011011011011011001111110000010111001001101
0010000100001010101001111001001011111000000000110001010100
0000000000001111000011011000011100010010110101010100110010
0010001000010010101111001001001101011010000111111000010010
0000010000010100101100100110011101100000010101001010011101
0000000000010110110011100001000010010110000000110001100000
0011000000011000101011110000101001011010011011001110011100
0000010000011100100111110111011001101010000010110010110100
0010001000100101010101111111001111110001110011010100000001
0000001100101000010011100111111101100111101100001010000000
0110000000101000110101101000100000101110011111011111010101
0000000100101010101110111100010011110111110001001001010000
0000000100101010110010110100000101101000111101110100111100
0000001100110001000110010010100001110011010000111110011011
0000001100110100111111011010000011000111011001000110011100
0000000100110111001110001001101001001001001011110011011010
0010011000111001001010010101001000100000101110101000000100
0000001000111010100010100101100000110011100110011100011001
0000000100111110000101111000101001110110111001101011111001
0000000000111110010010100010101100100000001010110110001100
0100000001000010000011011100011110001101110110011100010010
0010001001000100110100010001111111101101110001100100110000
0000001001000101101110010010011101001100011111010100110100
0000000101000111001001011011000101110000000011011011100001
0000000001000111101111110110010010100111011101101100010100
0010000001001010010110001000110001000111011011110000010011
0010000101010011011111111011001111011101110110111011001010
0000001001010101011000101011110010101001000111010100010000
0000001001010101111001100101010010101010001110011110110100
0100000001011000010001001101111010001111010010000010011000
0000000001011001110011010111000010001001000101100001101001
0010001001011011000111010000001001100000101011111011101001
0010001001011011010010010000011010011110001101101011111100
0011001001011111010101100000001111100100110110100101000100
0000001101100000010101000010110001001111000110010010111000
0010000001100010101111100100010110001100001111110110101101
0010001101100110010011000110011010000001010011000011000111
0000000101100110100101011001110111111011110010100110001010
0000000101101101111010111011111101110111000111111001100000
0010000001110001000011001110101010010111001010001011111011
0010001001110001010100011011110011101010000001001100110001
0000011001110001111101110010000000101001010000000110000101
0011001001110010000001100111000100111110111110100100011010
0010000001110010100100101010100010111110111111010000101110
0010001001110010100110011110000101110101010100011001000000
0011000001110011101010101101110100001111001100011101111000
0001000001110101001111111001100100011001001100101011011100
0010000001110110010001011110011000000110011111000011100000
0001000001110110011000110110011011100011001010110110010101
0010000001110111000011000101000100110111010001100011100100
0000011101111000001001001110000011000000001000101100100111
0011101001111001110001100111011001101011110110110101100000
0000000101111100011110101110011011001011110000000101001001
0011001001111110010100010111100010101100000111110111100111
0011000101111111001101000011000101110011101000001100110011
0000001010001010011100011100110011100011010111101010010111
0010001110010011000110000000010111001110110001110110000110
0011001010010100010100100110111101001100110111011110110001
0010001110010111010001111110111101010010000101100010110111
0010000110010111101000000001101100111111001100011101000010
0010001010011000000100111101110010101011010010001101011111
0011000010011101101001000000000000001101100111101101101100
0010001110100010011100110010010010101011101011010000100011
0010001010100010100011101110111001000011111111000100001110
0001000010100011100001111001110010011100010010000100111100
0011001010100110001110101110111100100001101010011010010101
0010000110101010011101000111010011110001011101110010000001
0001000010110001001000000111100010111010010001100101001001
0001001010110010101100000010100010100110101100010100011100
0010001010110010111001011010100100110010000010001000110101
0000000010110011010011010101010011001110001001101100110100
0010001010110011101100001000010100111101110010110001011010
0001001110111001111011110010101100110101001000110110001010
0010001110111011101001100111011110010111001000000011100100
0001101011000001110101001011101001111001010101110101101011
0010001011000101001100101111010101011001010011110111101111
0011000011000101110000110010011000011100100100101100011010
0001001111001001111011100000101111010110110100111010010101
0010000111001011110010110011111101111110101100110000001001
0011000111001111011110101000110100111001010000110110001011
0001000111001111101111010001111111010000100011001000011100
0001001111001111111111110110011010100100011001001110111000
0001001111010000110111111010010111101001001001010101100111
0101001011010001011011111000100011011000100000110011011111
0011001011010101001010101110000101000101111010000010111010
0011000111010101111010101011100101011001101111001111000011
0010001111010110011001111011111011000101011000000110111011
0000001011011010010000101101011001101100000000000110100010
0011000111011110110000100100000001110100110110011100111001
0010001011100100100011001010010001100011010000010011100100
0010001011100110101000011111011001011000001000011100110000
0011001111100111010101111011101101110000010010110110000101
0010001011100111110100010110110000011111001100010110101001
0010001011101011010011000000001000101000100101001100110001
0001001011101110000000011101101101100110010001100111010010
0010010011101110100000101111100100011000011010011001100110
0001000111110010100000111010110111001101001110000010011001
