0010001000011000010111010010011011110000101101100000100101000100011000011111111000100001
0100001000011010110000011011101101010101000111010001000110000101100010101110101110101111
1010001000101010101000000110001000100011100100110001111011101111010110001111110010000010
0110001000101010111010010101000100000101000101000000110000110000110001000001001111010000
0010010000101100101001111011001100000010110000110000110111101010000100110001000001000010
0110001000111000101111111111000001110100101111000001100110011000010110111000000011100110
1000001101100110100011111000101011101000111110110000000111011000011110001110011001100101
0000001001110011011110001100111000110100111100010001100111111010011000011110001101011101
0000100001111110101101111111110101011001010011000001111011110100100010111011101000000101
1001010000010010001000000001000110110000011111000011011100000011011000011010000111000100
0000010001010001000011110001000001110000111100110011111101001010111111001111110110001111
0000001001011111001011010010111100000001111101000010110100011010010000101110101111111101
0000010001100110000000011111100111101001000011100010111000100001111111000010100101110010
0000110010001101011101001111010101010001101110010001010101111011111011011000000011111001
0000001010010101011100000000100000000000100101010000001001000111011111010111101010110110
0000101010100100001110100001011001111100011101110001100101101010100111111101010000111111
0100001010111010110001100001011001000011111110010001001010011000100100111010100010000001
0100001011000010110111010001111101000011010110000000111101010100011010100010110100010111
0100001011101000110100100100101100000000101110110000101000000011100101011010101000000010
0000011010000101111101001011110110101110110001110010110010110100011110111101110011110011
0000001010001011001011101101000111111100101110000010000000001100111111110110000010101001
0000011010010010111010101011011101110111101011110011101000101101101101100001000101110000
0000101010010011001011100011100101010100110010010011100011000011100001010101101001111010
0000001010010100001010101111000010000011111000010010110010100101110001110000010100010011
0000010010011101100011101110110000111101100100110010010010100101010101101011010000101100
0000010010100111000000101100101100111110111001010011100001011011111010110101110110001001
0110011011011101010110000000001100000101000111000011010000000100011001000010110001001001
0110001011100101000110001110010111111111001011010010000111110000011001101000100110100100
0100010011101101000101001011000001101111000011110010100100010001011111001110011110111011
0010001011111001101110001101000010101010010010110011011011000001000100011010101011000010
0010010000000110101001010111001110110111111100011001011111111100010100001101111000001111
0010100000010000110110100000110101101100001001001001001001010110001011010100100110010111
0110010000100011010001010111010110100000110010111001010010100101111100011000010010101010
0110000000101101110001000001010001110011110001111000100110010101111001100111001111100111
0000000000110000001101010001111110110111110001111000010000110110111111000110111100110111
0110000001001111111000110010111101010010001111011000001110110000010101010100010110010111
0100000001010001101001111010101000101011101001001000111010101101100011100000111001000000
0000010001011111000001000100101101111100011000001000111111010101000111101110000110010101
0000101001101111101010000010001000001000001011001000000110100011010010001010111100101000
0000000001110010010100100101110110111110100011011000000111000110010000101111010110000011
0010101000010010011000100101001110101100100100001010011101111111001100100101100100111011
0010010000010111010001100110010011100001011010001010100011000001100111111110010111000110
0000001001000100100000001111100011000100010011101011101000101111101100000101110110011010
0100100001011101010011001001101010001001110000101011001100001011001111110010011100100110
0000011001111011011111101000011110100111110100111011000100110110101111000111111001011101
0101100010011010001110101110101001100011110110001001110100111111011100011011000010101011
0000000010011101000110111011000101001000111000001000111000101010001000100100100111010010
0000000010100001100110100011110111110000011000101000010011000100010000010111111110010000
0100010010101100110001000111111001001011101010101000111101101111110001001011111011110100
1000010110101110000111001101110000110111111100111001001101000001111111101001111001100011
1000000011111000110011111001100101101110000000111000101011001000010001000101011111100100
0100101010111010000100010010101111100011100010101010010011011001100000100001010101010011
0110011011101111001010111100010101110110100101101010111100000110100111110111011100110111
0100010011110111101100110000000101000011001011001011011101110100101000101001100100010110
0100011000000011001010110110000011010101101100010100010000111010010001101110100001000011
0100011000101000000000000100001010100111101100100100101011011101000100110110111110011010
0110010000111011001111011011110111010101000110100101110110000001100111111011011001110100
0100000001010101011101000101010110111001110011000101110100001100100111001100111010011000
0110011001010111110110001110111100001010000110110100010110111011011100000011011001111100
0000000001110110110001000001011001000001111111110101010111110001010000111111111101110110
0000000001111101110000001001000110110010111011000101011110100111100010101101110111010010
0110000000100111000111110011111001000000011111110111101101111000011100110011100101000110
1000010000100111110111111000110011000110010000110111100011011010110000110101111010110000
0010000000110010100001111011110110000100000110110110001010011000010001000111000111111000
0100000000110010100011111110011010010100001100010110111010111000001110001110101111001100
0110000000110100100011110001011110010100001100010111101011100001110110010101001001110110
1000000000111000010001011100100010100010110111110110100110100110110000101011011111100101
0110101000111111001100111101011100101000100001110111110000000011000101100100000101111001
0110000001000100010101110000011110000000110100100111000011100001000000000101100101000011
0000000101111111111001010000110111100110011101110110011000010000111110010110101001011011
0110011010101011101000111101001110001110010101100100011000111001011100000101110001010101
0110100010111000100010000110011001111001110011100101000111111100110010010010100001100111
0010000011010010010111000000011001101000010000010101001000001100000100100101111111001111
0010011011011000000010000000100010000111111000100101000100111001000010111000010011101011
0010000011011110010100001010110000000010000111100101110011100001011100000111000101111011
0010001011101111101011111100011110111111101000010101010100011000000001001001100000001000
0000000010010100100000101011111001100000000011110111000001111000011000010110011001000111
0111000010111010101100110110000011010100001101110111001000011111101100001111110010001100
0110010111100100001000111000011011100110011010000111101101000100100001101001100100000011
0010011000001100001110011000010110101100101100011101100000111010000111011010000110011100
0000011001010101001101001101101110110101011010101101100000010010000101100110011000010011
1010001001101011001011001000110111100000000010101101101001101001000011010000001001000100
0110010001101111000100100100011001110011001011111100100000000111110001001011111111110000
0100100000100100100110011100011010000100000001011110011111001100001101001011010111000001
0010010000101110110001110100100000010011111001001110101011000100101000101100100001010100
0000111001110100111101100110111110110001001101011110100001110101001001011111010011100000
0000010010000011100101000110101110011010100101001101110101110010010000111001010011100010
0000010010000111011011001001101010001010100111001101110100010001100000010001101110100000
0100010010110010111101010001110001011011001001101100101010100111100001011000110001001100
0110001011000010110111010010001110001010011110011101101001110100001000111010001011100111
0100011011000110010001110111100011000110010001001101000010110011100111000101111010001101
0010011011110001101100100110100011100000010100111100110001010010010110100000011001110000
0010011011111110010101101011101000101111101111001100011000000111001111011110000110000111
0000001010001110000011101110011001000101111111001111000000011000110110010101010100101100
1010001010101000011110111101100111100001010101011111010101101000100110110010110010000000
1110001010111011011111100000101000011100011001111111100000110100110010010100000010001010
1110001011011100110010111001000100101100000001101110001000000110011010011010000101100111
0010011011011101000000011111100101011111101100001110010110010110111101001001101111010010
0010001011100100110111110110011110000111111100101111110011111110111000111000101011000010
0010001011110000111010010001000011000100111011101111111011010111111110101100000000111101
