0000000000000101011011101101000000110010100000110100011111
0000000000001010001110101000100110100101100100000101101000
0000000000001110101000000110010010110001011100010000011010
0010000000010110111001011110011010001101101101001000010101
0000000100101110001010111000011110101011000010101111110100
0000000000110001001111011111001010101100010110001110110000
0000000000110001110011001100000110110110000110111000100000
0000000000110110000010111110101100011000011000010111111111
0000000000111100011101101011001100001111100000010000000111
0000001000111110001111001010000110110101011100111011110011
0000000000111111001001011100110010001001100110110101000101
0000000001001000001100110100010010010001100001001100001101
0000000001001001011010011010000000011110011101111100110101
0000000001001100100110001001011010110100010111110011100011
0000000001001100111111111011000010101110010010010010100100
0000000001010110000101111010010000010110111010010111011010
0000000001100110111100101000110110110010101000010101101100
0000000001100111111000100001100000101010000110101111111011
0000000001101110111111111101110000111101110010001111101001
0000000001110000001100000001010110110110101011100110101001
0000000001110101111011001100000110011001001110010101010010
0000000001110111010010000111011100001000010010111011101100
0000000001111001011100000010100100101011000100010001011000
0000000001111011000011010001111000010010011110001111001100
0000000001111111011010101010111000111000100100111111000101
0000000001111111110111101110011010000011100100100110111101
0000000000000011101001001111101011000011000110001101010011
0000000000001100000100011011011101100001111011011101100000
0000000000001100001101100010001011010110010010001010100101
0000000000001100011100001110010001000000001000010100111011
0000000000011010001001011001101101000000111010110110101011
0000000000100100100111110011000111100100000100000010011111
0000001000100110010100001100000011011001101010110110000000
0000000000101001001001000000110001100110001010101010010110
0000000000101001110000010101000011001110010011110001101111
0000000000101011110011001111111011010011101110001011001010
0000000000110001111010011000111101000011000100010001100111
0000010000110010100011011110111111111011101101100000111110
0000000001000001100111110000000001101101111011010100010010
0000000001001100100111010010100101001101100001010100001000
0000000001001111000010010010010001100011101011010100100010
0000001101010111010111100100010001100010011000101000010011
0000000001100000111011011011001011110011010110011101101001
0000000001100011001010000010101001111010011101000001110101
0000000001100110000011010101110111100001101110101111010011
0000000001100111111001101010111011001111110111100100110001
0000000001101101100011111000000011010111001000010100010101
0000000001111001111001000110101011011000010010100000011111
1000000001111100100110101000000001000000100100000011000110
0000000001111110111011011110011101001000100011111100001100
0000000010000000011111100001111100000101010101111001110100
0000000010000011100101011010000100100100010000011101110100
0000001010011101011100100101001000100001010001011111111000
0000000010110010101010101110010010000000101000110010101011
0000001010110010111110111110101000001101110101111101110000
0100000010110111000001101001110100001111011001010110001100
0000000010111011110011011110001110110001111110100010000010
0000000010111110011101100000010100100111100010111001100001
0000000011000001000110001011110000010010101000001010111001
0000000011001101101111010101101010101001110101011111000000
0000000011001111010101110011110000001101010001010011010111
0110000011010011001100010001101100110000100111001011000110
0000000011010110101011001110100010101110011010101110010100
0100000011011110100111110001010000000001110111010000001001
0000000011100000011111101111011110000101110011010111111001
0000000011100001101000001001100100010000110110100011110001
0000000011100010010011100110011000101101101011010101010101
0000000011100011001100011111111100010011000000011010011100
0100000011101101011000010110100000111001000011011110100011
0000000011110001111010111000110110000011011011101100110000
0000000011111000010111011001010110011111111101100010001000
0000000011111010001001111001010100100001111010001011000010
0000000011111101010110010101101010011100001001101000011011
0000000011111101100001100010010000110000010101000001011010
0000000010000001100010101011111111011111011011110010000000
0000000010000100110101111001100011101001011111110001110111
0000000010000101101001101101111001000100110010110111011101
0000100010000111100111001100110011100010100101100011001111
0000000010001111100011111101100001010011001011101010111111
0000000010010001100010101110011001010101000101100001111001
0000000010010100011111011011010101100000011000000101001010
0000000010011010100011110101000111100110110110100100011111
0000000010011011100111110000001111010001000001001101110101
0000000010011101101110010110111111010010111001011010111110
0000000010100000100101101110110111011010011001010111010000
0000000010100010011000111100101001100110100110011011110000
0000000010100100001000000010100101100011101101111010001100
0000000010110101110111000100010001010110010111000101111100
0000000011010000000011011111100011100110011001100011001111
0000000011010000011100000100000001101100100000001100111101
0000000011010010001111011010011101000100011101001000110100
0000000011010100100110001010000001010100110001000101110101
0000000011011000111110111010010101110000100110100001011100
0000000011011001001010010111001001011011100110011010111101
0000001011011010001011110111110111110100111011010001110110
0000000011100011111110000001001111001010111000110010000110
0000000011101010111000000111010011000010101110001001011011
0000000011111010001101110000010011010111001101111100101010
0000000011111010011011011101101101000111001100100011110100
0000000011111110000011100001100001010000111000011100110001
