010100010000000010100100110111110101
000000000000000111001101110001110100
000000000000000111001111010100001100
001000000000000100110101110011111101
000000000000001111000100001110011000
000000000000001111001100010000111010
000000000000010010111001000011101010
000100100000010001111000010111100011
000000000000010111001101000111110101
000000110000010111000000111001100000
001100000000011001101000111111111000
000000100000011010111001100011111111
001100000000101010011011101010011001
001100000001000001100110011110001000
001100100001000001101101011100101111
000000110001000000111110111001001110
000000000001000100111010010010010000
000000000001000101111101110010101010
000000000001000100010111100100000001
000000010001000101001000010101001100
000000000001001100111001000000110111
000000000001010001000101001000000011
000000000001010001000111001010100011
011000100001010010110100000111010110
000100000001010101011110111000010000
000000000001011001000000011111110011
000000000001011101000011010110011111
000000000001101100110001100001010100
001100000001111001100101100110010101
011100000100000001101000101011001110
001100000100000101101111010010000000
000100000100010001110110011011111101
001100000100010010000001010110110011
000000000100011110010111111101111001
001100100100011101100010100111111010
000001000100011110010110001111101101
000000010100100011101010001000110001
001000110100100001111011011110110110
000000000101000001010010111100010111
000000010101000011101010011001111001
000000000101000100111100100101111010
000000000101000111011010001010001110
010000000101000110100101100101101101
001000000101001011000111111101100111
000000100101001110001010010010001001
000000100101001110000001111100110111
000001010101010101110001101011001000
001001110101010100110010111001111001
000100000101011110100011110001111011
000001000101011101101100100100101111
000000110101100001111000111000000111
000000000101101000001011001000001011
000000011000000011100011111000001010
000000001000001111011000100011111101
001000001000001110001111100100111111
010000001000010011110100011001111011
000000001000100011011011011110010011
001100001000100010011110011101101011
000000011000101010100110001011111101
000100001001010010010110001010001100
000000111001101000101000100110000000
010000001001110100001111011000110000
000000001100001110001100101110000111
000000011100010010001001000101100000
000000001101000101111010100010010101
000100001101011010111100100101001100
001000000010000011100000111011110001
000000000010000111111010010010000010
000000100010001100010010011100001110
000101000010001111010110100001111011
000000000010010011111101101000111101
001100000010010111100110010111100110
001000000010010111011111101000011101
000000000011000011100001101011110010
000000000011000011010001101100111101
000000010011000100001010110101110011
010000110011001011110010101101011101
001000100011010110000001111101101010
000000000011011100001001100110100001
001000000011100011010100011110010100
001100000011101000101110110011110010
010000000110000011111101001101000100
001000000110000000111100111011111010
000000000110000101011100100011100100
010000000110010011110100000010101010
001000010110010001111000000101101100
010000010110011011100010000100011101
010000110110101000001110010010001111
011000010111000011000101010110001110
010100100111001000111001001101100000
001000100111010000111110110111001100
001000010111100011001111100111101111
000000100111100001101011001110111010
000000111010010101000001001001111100
001000001010011011001011110100111001
000000111010110110110110011001100000
000000001011000000011101001100011111
011100011011010010000010000010111101
001000011110010100111100011011011101
001001101110100100110011000000000111
