01000000000101101100000000110000000001110100000010010101111010111010
00000000100111101100000001101101111010011000011100100100010000010100
00000000001001001000001001100110001101001011111100010011000111110110
00000000000011001000001010100000010110111001110101111111010110010110
00100000000111011100001101110111110100101010101110001101010101110111
00000000000011000000010001000001011111010101101000111110010101101010
00000000000101011100010101011101011011100111010110111000000010111101
00000000100101001100010111001001011001010110011001111100100110110001
00001000000011000000011001101100000110110111011110110111100000001001
00000000000010011100011011010101110111000011010000011111011100000001
00011000001111001100011100011000111111111010000111010111110110111010
00000000100010101100011101101111010010100000010111001100101000000100
00010000000001001100011111100110000000010101101011101111110001011100
01000000001110010000011111110111010010001110010000001101010010111010
00000000010100010100100001100001110100100111000010001011101100100110
00000000000010010100100011000000001111000100101011100010101010001100
00000000000010100000100110101111000100011111001111011000001011000000
00000000001100101000101110100001110101101010011111111111111001100011
00000000000001001000110001011111110101011011110111101010011110011011
00000000110001000000110100111111110000100111110011001101001110111101
00000000000001000000110101011100001011001011011001001010000000101110
00010000001011010000111001010111101100010100111011010010000001010011
00010000100100010100111010100110010001110111100101010010101011001001
00000000000001000000111011111100100100101011100111011001010100111111
00000000101010000100111100100101111110100010010001000010000011110111
00110000111011011000111110101010100110010000001110000110110101001010
00000000000001001101000001100101010101000010000011010111110000000101
00000000000001100001000100101111110010110101010111001011001100101000
00000000000001111001001000010100101011011000110010000110110101101110
00000000110110001001001001011011010010011101110100000101101000011011
00001000000100111001001010001110010001100001111111001000101011101000
00000001000001001001001010010010010110101001101000100001100011000111
00000000000110101101001100011111011011100011010101100011001010010011
00000000000101010101001111011101110101110011000011110011110000101111
00100000010110000001001111100100111111110011010100011001110001001001
00001000010100000101010111110111011010110100110010100001001110001111
00001000000100010001011000001010100111101011001000101111011111011010
00001000010001101101011011010000101010001110110001110100010101010001
00101000010001000101011100011110111111000111000111111101101010000101
00001000000100000001011110110111011011101001011000011001001001011010
00000000001001001101100000001101000000110110000111001110110101110001
00000000000001000001100000100010000110010111100001011011101111010010
00000000000101000001100000110011001100111001101100010111000100011010
00000000000101110101100001010011100101100101000011101010010001101011
00011000010001010101101001011011000110111000100111100011010100010101
00000000000101101001101100011111000011111100101110111101111101110010
00000001010110110101101101111011000011101111000110100100101010001010
00000000100101000001110100011110011111000101101010101010010101111010
00000000001100011101111110111100001101111100010010000010100110001010
00000000001010000001111111001111110110011111011110110110000001000010
00000000000100100010000000001111110010100001110001001001011011110111
00000000000101000010000011010101011101110011010000000010111001001001
00010001000110000110000101011000010010110010001110101001110010010000
00001000000000000110000110101001111000001010010110001010110100100110
00000000000100100010000111000100010100101010111001000100011101001001
00001000110000000110001001101110110001000100001110010001011111101011
00000000000100000110001101001101110011110000100100001010001110111101
00001000110111010010001110000111110000011000110100001010111010000101
00000000000100101110010011011100111000101100000111011101010001100111
00000000000110000010011001001111101000010001011010111101011110000111
00000000000100001010011001011110001111001001111010000000011010101010
00000000010100101110011011000100100000111100010110000100000110101101
00001000100000011110011101110010001000000001100111100001000001111001
00000000010100101110100000110011000111101001011110100010111111110011
00001001100101011010100010000110000011111110011101011111010001000111
00000000111000000110100101110110011111101111011000001100011110010000
00001000000000000110100110001011110010000000010010001011001010100001
00000000101010010110101010110101010000111001000101010010101110101010
00000000010000011110101111110111011100110101000110101001110000101011
00010000111010001111000000000100010000001110010111011101101100101010
00000000000000011111000000110000101001010000010001101010101001101010
00000000000000111011000001000100100000000001001001010111010100001010
00000001000000011111000001010001110101101100001110111000110110011001
00000001000000001111000011110010111000001111111000010010011101010000
00010001001111010111000101110111001000011010000110010001000010100000
00010000101010100011000110011111010111101001000000011101111011101000
00000000110000000011000111100100111000000111110000001001100111011001
00000001010000010011001000101100101110000110000100001000100010110011
00010000000010000011001010000010111000110111100000101001110111111111
00000000110000010111001010011001110010011001001001000010000000010001
00000000010000000111001101000000110011010010111000101110001010101010
00000000000000000011010001100110110111100111101001001000111010010010
00010001110000101111010101101101101001001000000001011010011001111000
00010000100010011011010101101101111011011000011111111011101111101000
00000001011010001011010110110110001111101110000101101101110010110111
00010000000000001011010111111010110111011101111110110011110110000010
00010000000010000111011001011110110100101100100010101110000001001001
00000000010111001011011110001001111110000011110100000101100000010011
00100000010010000011100011010011011111011011010001100010000101010100
00000000010011010111100011011100110010110001001111001011011101000100
00100001001110010111100111000100101001001001111000010010101101011000
00101000000000101011100111100101100100010010101111100001100111100001
00000000000010000111101000111111010100010100100011010110100011000000
00000000001010000111101011110100101101110010110101101001110000010000
00111000110010000011101101100000001010111011001111011101110011011011
00000000001000100111110111011011011101111010011100100111011110001101
00000000011000001111110111101111111010101100111001111110100000001011
00000000101010011011110111110110111110010101110010101100100111010101
00100000000110000111111010100100000011100101001010010010111111101011
00000000000110110011111111111010011110101010111010000001101110110101
