0000000000000000000000000000011010101110100000011001011010111100001100100010001110000111001001101101
0000000000000001000000000001010000001101101011110110001101010011001010101010010100011110111100010010
0000000000000011000000000101101111001011011011101001010101111100111100010010110000001110101001011000
0000000000000011000000000110000001100101100100001100001100011110100011100011010100000110101010110111
0000000000000001000100001000101111101101000000010000101111110000000000100010000000000011100101011110
0000000000000001000100001010101001110011001100000100111100010010111000000011110001100010010111110111
0000000000000010000000001101000000111011000101100100011001001011101010100100001011100111110000001010
0000000000000001000000010000011101100100001011100110110100111010101100111100110101001011011110100111
0000000000000001000000011011011111001011111100001001010000101011000101100000001111000101101100001001
0000000000100000001100011111101101010000011001110000011010110001110000100110101010100011010101011111
0000000000000001000100100001001010101000000101011110011011001000010100011011100010011110010101100110
0000000000000001000100100011100001010010010001000011101011000011100010111010100001010100100001110101
0000000000100001000000101000111011000101000110111110110000100011110110101111111010010100010011001101
0000000000000001000000101101100000100110100011100011111100100111010001100000011100101100011101001000
0000000000000001000100101110001010101001111110111000001000010011010001000101101000000001011111001100
0000000000000001000000101110000000101111110100101001101001111101001000100011010011100000111111111100
0001000000000000000000101111100100011001101110010001110000001110001101000101110101011011001001110101
0000000000000001000000110011001100101000110110111010100011111001000101010101000101011110100000001100
0000000000000001000000111100100011111101001001010011011000111110100101000000000011011001001001011000
0000000000000000000100111111010011101010101010101010010001010001101111110100111010001101000111000100
0000100000000011000001000000010111000101111101001000000011110011011000000110110011011101101000110001
0010000000000001000001000100001100101101011110011101111001011111000000110000111000100111111000110110
0000000000000001001001001000110101111110011110101111110111010000010100001011010000000011111111110011
0000000000100000001001001011110010110011100101110000000101101101011000000111000110110011101010110011
0001000000000000001001001011101101110000000110000110100101001111001000000010100000100000100111101110
0000010000000001000101001110011001100110001011000010000100110110011001001000101011100001010111011001
0000000000000001000001001111000110010000001100110100001001101100110111101100100110010100110110100101
0000000000000001000101010110111110101001110110001010101110000011111111001111011110000001111110100000
0000000000000000000001011100110011100101011100000110111100111111101111110101010110000111000110100000
0010000000000001000001011110011110111001110101010010001101001011100101000110100111111110100011110110
0000000000000001000001011110100010101010101011101111001001110100110001111110101101011011100001100111
0000010000000000000101011111001110110000011110000110110111110011110101110111010010100101011001110000
0000000000000001000101100000000101110101000101101110100000010111100000011011000110001110001001100100
0000000000000001000001100100101010010001010001101001110011001110010000000001111111001001000100100010
0000000000000000000001100110011110000010010101100011111001110100101000000100111001010111011101001100
0000100011000000000001101001100111001010101011001010000000011101000101010001110101101000100111111001
0000000000000001000001101011011100010100110111010101100001011010010100111111000101011100001110011110
0000000000000000000001101100010010110100100000010001000001110110011101000011010010110011001110101110
0000100000000001000001110000110000100111000110010100010101111101000100111110011011011110000011101001
0000000000000000000001110010011011111010011000000100111100111001101111000100100001011101000111100000
0000000000000001000001110010010010101110111011000110001111110010111011000011111101010011000111011100
0000000000000000000001110011011011010010100010000101100000100011101110000100101111110010110110100110
0000000000000000000001110110011110000000111011001010101101101011110000100011100001111001011101110011
0000000000000000000101111000001000110010000000110110100100000111101111110101000000010101010101111100
0000000000000001001001111010111000001010111111000011111101000010101000110111111010011110001000100110
0000000000000000000001111100110001011011101101111101100010010111101100010111010111100101101111101000
0000000000000001000001111100110111000010011000101101010011011010010000010001010011000000001000101011
0001100000000001000001111100111100010101000010110101011110001100011100110101001101001111010110110010
0000000000100101001101111111001001001100110111110010010000000010110110110011101011101010011110110110
0000000000000000000010000100111111000001001111110011110010001100001011101100101101011000100111110000
0000000000000000000110000101100110011010101111110001101000000001111100010001010000111101111011011001
0000000000100000000110000111011110111100111011110100111001001000110010111000110100011101011110101011
0000010000000001001110001000010111001011100000000000111110000001001000100011011011101001001001111001
0000000000000000000010001001100100100000010100010100111011100110010011001110011101110101000000011011
0000000000000000000010001101101001010000101100001110111001010110100101010000010100000100010110110111
0000010000000000000010001111101111000111110110010100111110011001001100000000011000011000000011101111
0000000000000000000010010000110010101111000110010011110001011111010101011101010000101110000001001001
0000000000000000001010010000111111100011010110111010101100111111011000110110100010110011010000111010
0000000000010000000110010001011101111011100100001001000110001001010111110110100100001000101110111111
0000000000000000000010010001100110000011010100001111101100111001001011111000100110011100101011111111
0000000000010000010010010110100001111100010100111100000101111010100010001101111010010001011111100010
0000000000000001000110011000011110101111101001001101111110000100110101100110010110110110110000111010
0000110000000001000110011000100001110100011100010010100010100000010011010010000110001101011100100101
0000000000000000000010011110011111111110101010111001011011111101001011010111010101111010000111001000
0000000000110001000010100110111110110110101000111101101011100010010010100111011111001101101011001111
0000000000000000000010101011100011111000001000011100100101011101010100101110001110100110101011100011
0000000000000000000010101011111001001011010010011001111111010101001010101100110101000110010101001001
0000000000000000000010101110010110110000110010111001111101001010100001101001111000100110100010101001
0000010000000010000010110011000110100010110110011111010100111110111100011110100111100111100000110000
0000000000000000000110111111010001001001001101101111111000110101101111100110100011111110111101111100
0000000000000000000011000001100100000101000100001100100001111011000001111000101101011000000011011110
0000000000000001000111000010010001000110010000111101111111000000010100101011011101010101011000111000
0001100000000000000011000011011110110001111110111011111001110001111010001111000100011011111001011001
0000100000000001000011000100011101100010010000111000111101101001011010010111000001100001000111010001
0000000000000000000111001011101000111111100001111011000001000011100000011001100110000100000110000111
0000000000000100000011010010110010101011100011011101000000001100011111000110010001100111101100011000
0000100000000010000011010100011010100001100001111001010011110000011010101110101100101110011101111001
0000000000000000000111011000011110101111001001100111110010100101110010000010011011001010100111100101
0000100000000001001011011101011101101010111000010000001100001100011110010111111010111110111111100000
0000000000000000000111011101111110011001001101110110100010010001000010101010000011101110110111011011
0000000000000000000011011110110000000101000110001111010100010111111010111000101110100111011001110100
0000000000000000000011100010110101110011110000011110110101100101000001011011100110110001110011000011
0000000000000000000011100011001101100100101111010010101101011110101011100101110010110001001100110010
0000000000000000000111100100011111111100001011001000111001110001111011000100100101110100011011111010
0001010000000010000011100100101001000001010000100011000100011101001011001111000100110010111001010011
0000110000000010000011100110001110011001101001000111110100111100001010011000000010011101011000010001
0000000000000000000011101000001111000001110111110010010001001101101010011000000000011000111100000011
0001000001100001001011101001101000001111100010101010101111001111110110101100111110011000111100000110
0000000000010010000111101010001101000110010110101111111000110100110110111111011110100110101001100001
0000000000110000000011101011110110101100110111111011000000101001101101000001001100101010010100011111
0000000000000000000111101101000001110100101001000001011101010101001111010001101010010010010101000001
0000000001010000000111101101111101010001011100110101111001010101000101111101000010010010101101101001
0000110000000010000011101101100011110000001001010101011000110000001011011010101100111101000011000100
0000000000000000000011101111101010000101000001010110011110101010011000010000110111101100000100010001
0000000001100000001111110000111100101101000000001101001011100011110010111101101100111010100000011010
0000000000000000000011110010001010111011101000011000000000111011010010111001101000001111101110010000
0000000000000010000011110011010011010100110000100011100101101101000011100101010110010011110011110010
0000000000000000000011110100011110101000100000010010010100011111100110111010100011100010100110111110
0000000000000010000011110100110110100011100001001000001010101100011100010000000011011111010010111100
0000000000000010001011111011000111011101100110110000001110011111100110101000110111111111011101101111
