00110110000011011011000111000101100010111000011100100011001000000010001101010010000101011010100100001001010010101011110000000000000000000000010001000000010000000000000000
00110110000011011011000111000101100011001001001111000011001000000010001101010010000101011010100100001001010010101011110000000000000000000000010001000000010000000000000000
00110110000011011011000111000101100100010000001010000011001000000010001101010010000101011010100100001001010010101011110000000000000000000000010001000000010000000000000000
00110110000011011011000111000101100101110000000011100011001000000010001101010010000101011010100100001001010010101011110000000000000000000000010001000000010000000000000000
00110110000011011011000111110010100011010111000000100011001000000010001101010010000101011010100100001001010010101011110000000000000000000000010001000000010000000000000000
00110110000011011011000111110010100011011001111011000011001000000010001101010010000101011010100100001001010010101011110000000000000000000000010001000000010000000000000000
00110110000011011011000111110010100011011101001001000011001000000010001101010010000101011010100100001001010010101011110000000000000000000000010001000000010000000000000000
00110110000011011011000111110010100101101110001100000011001000000010001101010010000101011010100100001001010010101011110000000000000000000000010001000000010000000000000000
00110110000011011011000111110010100111001101011011100011001000000010001101010010000101011010100100001001010010101011110000000000000000000000010001000000010000000000000000
00110110000011011011000111110010100111011000110011100011001000000010001101010010000101011010100100001001010010101011110000000000000000000000010001000000010000000000000000
00110110000011011011000111110010101000010100111001100011001000000010001101010010000101011010100100001001010010101011110000000000000000000000010001000000010000000000000000
00110110000011011011000111110010101011010111100111100011001000000010001101010010000101011010100100001001010010101011110000000000000000000000010001000000010000000000000000
00110110000011011011000111110010101011011000110010000011001000000010001101010010000101011010100100001001010010101011110000000000000000000000010001000000010000000000000000
00110110000011011011000111110010101011011001011100000011001000000010001101010010000101011010100100001001010010101011110000000000000000000000010001000000010000000000000000
00110110000011011011000111110010101101101010011001000011001000000010001101010010000101011010100100001001010010101011110000000000000000000000010001000000010000000000000000
00110110000011011011000111110010101111011100100110100011001000000010001101010010000101011010100100001001010010101011110000000000000000000000010001000000010000000000000000
00110110000011011011110010000101100011010010011100100011001000000010001101010010000101011010100100001001010010101011110000000000000000000000010001000000010000000000000000
00110110000011011011110010000101100100011111011111100011001000000010001101010010000101011010100100001001010010101011110000000000000000000000010001000000010000000000000000
00110110000011011011110010000101101111000110011011000011001000000010001101010010000101011010100100001001010010101011110000000000000000000000010001000000010000000000000000
00110110000011011011110010110010100000000001110110100011001000000010001101010010000101011010100100001001010010101011110000000000000000000000010001000000010000000000000000
00110110000011011011110010110010100000011111111001000011001000000010001101010010000101011010100100001001010010101011110000000000000000000000010001000000010000000000000000
00110110000011011011110010110010100100011110110001100011001000000010001101010010000101011010100100001001010010101011110000000000000000000000010001000000010000000000000000
00110110000011011011110010110010100101111011100100000011001000000010001101010010000101011010100100001001010010101011110000000000000000000000010001000000010000000000000000
00110110000011011011110010110010100110100111011011100011001000000010001101010010000101011010100100001001010010101011110000000000000000000000010001000000010000000000000000
00110110000011011011110010110010100110101100111100000011001000000010001101010010000101011010100100001001010010101011110000000000000000000000010001000000010000000000000000
00110110000011011011110010110010101001110101011110000011001000000010001101010010000101011010100100001001010010101011110000000000000000000000010001000000010000000000000000
00110110000011011011110010110010101010110111101110000011001000000010001101010010000101011010100100001001010010101011110000000000000000000000010001000000010000000000000000
00110110000011011011110010110010101010111000111011100011001000000010001101010010000101011010100100001001010010101011110000000000000000000000010001000000010000000000000000
00110110000011011011110010110010101010111100001001100011001000000010001101010010000101011010100100001001010010101011110000000000000000000000010001000000010000000000000000
00110110000011011011110010110010101010111100001001100011001000000010001101010010000101011010100100001001010010101011110000000000000000000000010001000000010000000000000000
00110110000011011011110010110010101100010001000011000011001000000010001101010010000101011010100100001001010010101011110000000000000000000000010001000000010000000000000000
00110110000011011011110010110010101100011110010110100011001000000010001101010010000101011010100100001001010010101011110000000000000000000000010001000000010000000000000000
00110110000011011011110010110010101110100110010010100011001000000010001101010010000101011010100100001001010010101011110000000000000000000000010001000000010000000000000000
00110110000011011011110010110010101111010010011101000011001000000010001101010010000101011010100100001001010010101011110000000000000000000000010001000000010000000000000000
00110110011000111011000111000101101111001101111100100011001000000010001101010010000101011010100100001001010010101011110000000000000000000000010001000000010000000000000000
00110110011000111011000111110010100011011101001001000011001000000010001101010010000101011010100100001001010010101011110000000000000000000000010001000000010000000000000000
00110110011000111011000111110010100101111111010110000011001000000010001101010010000101011010100100001001010010101011110000000000000000000000010001000000010000000000000000
00110110011000111011000111110010100111011000110011100011001000000010001101010010000101011010100100001001010010101011110000000000000000000000010001000000010000000000000000
00110110011000111011000111110010101001101111100011100011001000000010001101010010000101011010100100001001010010101011110000000000000000000000010001000000010000000000000000
00110110011000111011000111110010101001110100110000000011001000000010001101010010000101011010100100001001010010101011110000000000000000000000010001000000010000000000000000
00110110011000111011000111110010101001110101011110000011001000000010001101010010000101011010100100001001010010101011110000000000000000000000010001000000010000000000000000
00110110011000111011000111110010101001111011100101100011001000000010001101010010000101011010100100001001010010101011110000000000000000000000010001000000010000000000000000
00110110011000111011000111110010101101111110011111000011001000000010001101010010000101011010100100001001010010101011110000000000000000000000010001000000010000000000000000
00110110011000111011110010000101101000011011101100000011001000000010001101010010000101011010100100001001010010101011110000000000000000000000010001000000010000000000000000
00110110011000111011110010000101101010100011101000000011001000000010001101010010000101011010100100001001010010101011110000000000000000000000010001000000010000000000000000
00110110011000111011110010110010100000000001110110100011001000000010001101010010000101011010100100001001010010101011110000000000000000000000010001000000010000000000000000
00110110011000111011110010110010100000000101000100100011001000000010001101010010000101011010100100001001010010101011110000000000000000000000010001000000010000000000000000
00110110011000111011110010110010100000010101110000100011001000000010001101010010000101011010100100001001010010101011110000000000000000000000010001000000010000000000000000
00110110011000111011110010110010100000011011001011000011001000000010001101010010000101011010100100001001010010101011110000000000000000000000010001000000010000000000000000
00110110011000111011110010110010100010100111111101000011001000000010001101010010000101011010100100001001010010101011110000000000000000000000010001000000010000000000000000
00110110011000111011110010110010100010101000101000100011001000000010001101010010000101011010100100001001010010101011110000000000000000000000010001000000010000000000000000
00110110011000111011110010110010100100010000001010000011001000000010001101010010000101011010100100001001010010101011110000000000000000000000010001000000010000000000000000
00110110011000111011110010110010100110110110000001100011001000000010001101010010000101011010100100001001010010101011110000000000000000000000010001000000010000000000000000
00110110011000111011110010110010100111001000000111100011001000000010001101010010000101011010100100001001010010101011110000000000000000000000010001000000010000000000000000
00110110011000111011110010110010101000001110000100000011001000000010001101010010000101011010100100001001010010101011110000000000000000000000010001000000010000000000000000
00110110011000111011110010110010101001100001011000000011001000000010001101010010000101011010100100001001010010101011110000000000000000000000010001000000010000000000000000
00110110011000111011110010110010101010110011011100000011001000000010001101010010000101011010100100001001010010101011110000000000000000000000010001000000010000000000000000
00110110011000111011110010110010101100000000011001000011001000000010001101010010000101011010100100001001010010101011110000000000000000000000010001000000010000000000000000
00110110011000111011110010110010101100010001000011000011001000000010001101010010000101011010100100001001010010101011110000000000000000000000010001000000010000000000000000
00110110011000111011110010110010101101111010101101000011001000000010001101010010000101011010100100001001010010101011110000000000000000000000010001000000010000000000000000
00110110011000111011110010110010101110111001110011000011001000000010001101010010000101011010100100001001010010101011110000000000000000000000010001000000010000000000000000
00110111001111111011000111000101101110111000011101000011001000000010001101010010000101011010100100001001010010101011110000000000000000000000010001000000010000000000000000
00110111001111111011000111110010100001101010011000100011001000000010001101010010000101011010100100001001010010101011110000000000000000000000010001000000010000000000000000
00110111001111111011000111110010100011000011000110100011001000000010001101010010000101011010100100001001010010101011110000000000000000000000010001000000010000000000000000
00110111001111111011000111110010100101101010111110000011001000000010001101010010000101011010100100001001010010101011110000000000000000000000010001000000010000000000000000
00110111001111111011000111110010100101111110111000000011001000000010001101010010000101011010100100001001010010101011110000000000000000000000010001000000010000000000000000
00110111001111111011000111110010100111011100000001100011001000000010001101010010000101011010100100001001010010101011110000000000000000000000010001000000010000000000000000
00110111001111111011000111110010101001100100000100000011001000000010001101010010000101011010100100001001010010101011110000000000000000000000010001000000010000000000000000
00110111001111111011000111110010101001101011010001100011001000000010001101010010000101011010100100001001010010101011110000000000000000000000010001000000010000000000000000
00110111001111111011000111110010101010110011011100000011001000000010001101010010000101011010100100001001010010101011110000000000000000000000010001000000010000000000000000
00110111001111111011000111110010101101101010011001000011001000000010001101010010000101011010100100001001010010101011110000000000000000000000010001000000010000000000000000
00110111001111111011000111110010101111011000010100100011001000000010001101010010000101011010100100001001010010101011110000000000000000000000010001000000010000000000000000
00110111001111111011110010000101101111010011110011000011001000000010001101010010000101011010100100001001010010101011110000000000000000000000010001000000010000000000000000
00110111001111111011110010110010100000001110100011000011001000000010001101010010000101011010100100001001010010101011110000000000000000000000010001000000010000000000000000
00110111001111111011110010110010100000001111001101000011001000000010001101010010000101011010100100001001010010101011110000000000000000000000010001000000010000000000000000
00110111001111111011110010110010100000010100011110100011001000000010001101010010000101011010100100001001010010101011110000000000000000000000010001000000010000000000000000
00110111001111111011110010110010100010100011001111000011001000000010001101010010000101011010100100001001010010101011110000000000000000000000010001000000010000000000000000
00110111001111111011110010110010100100001110000101100011001000000010001101010010000101011010100100001001010010101011110000000000000000000000010001000000010000000000000000
00110111001111111011110010110010100110100011101001100011001000000010001101010010000101011010100100001001010010101011110000000000000000000000010001000000010000000000000000
00110111001111111011110010110010100110111101100110000011001000000010001101010010000101011010100100001001010010101011110000000000000000000000010001000000010000000000000000
00110111001111111011110010110010101100000100101011000011001000000010001101010010000101011010100100001001010010101011110000000000000000000000010001000000010000000000000000
00110111001111111011110010110010101100001011111110100011001000000010001101010010000101011010100100001001010010101011110000000000000000000000010001000000010000000000000000
00110111001111111011110010110010101110101100011011000011001000000010001101010010000101011010100100001001010010101011110000000000000000000000010001000000010000000000000000
00110111001111111011110010110010101110101100011011000011001000000010001101010010000101011010100100001001010010101011110000000000000000000000010001000000010000000000000000
00110111010100011011000111000101100101110101011111100011001000000010001101010010000101011010100100001001010010101011110000000000000000000000010001000000010000000000000000
00110111010100011011000111000101101011011100000000000011001000000010001101010010000101011010100100001001010010101011110000000000000000000000010001000000010000000000000000
00110111010100011011000111000101101110101101110101000011001000000010001101010010000101011010100100001001010010101011110000000000000000000000010001000000010000000000000000
00110111010100011011000111110010101001100001011000000011001000000010001101010010000101011010100100001001010010101011110000000000000000000000010001000000010000000000000000
00110111010100011011000111110010101011011101101110000011001000000010001101010010000101011010100100001001010010101011110000000000000000000000010001000000010000000000000000
00110111010100011011000111110010101101100101001100100011001000000010001101010010000101011010100100001001010010101011110000000000000000000000010001000000010000000000000000
00110111010100011011110010000101101101111110011111000011001000000010001101010010000101011010100100001001010010101011110000000000000000000000010001000000010000000000000000
00110111010100011011110010000101101111001001001110100011001000000010001101010010000101011010100100001001010010101011110000000000000000000000010001000000010000000000000000
00110111010100011011110010110010100000000100101010100011001000000010001101010010000101011010100100001001010010101011110000000000000000000000010001000000010000000000000000
00110111010100011011110010110010100000000100101010100011001000000010001101010010000101011010100100001001010010101011110000000000000000000000010001000000010000000000000000
00110111010100011011110010110010100010110010010101000011001000000010001101010010000101011010100100001001010010101011110000000000000000000000010001000000010000000000000000
00110111010100011011110010110010100100010001100100000011001000000010001101010010000101011010100100001001010010101011110000000000000000000000010001000000010000000000000000
00110111010100011011110010110010100110111101100110000011001000000010001101010010000101011010100100001001010010101011110000000000000000000000010001000000010000000000000000
00110111010100011011110010110010101000001111101010000011001000000010001101010010000101011010100100001001010010101011110000000000000000000000010001000000010000000000000000
00110111010100011011110010110010101011000110111101100011001000000010001101010010000101011010100100001001010010101011110000000000000000000000010001000000010000000000000000
00110111010100011011110010110010101100010101110001000011001000000010001101010010000101011010100100001001010010101011110000000000000000000000010001000000010000000000000000
