1010000110001110000011010100001111011001010001001110100011100010011100110110000001010010000000001010000011010100001000010011010000101011000010011000000001000001100100000011101000110110000010110000110110010010011110111001100111011010000011111010001011000111001000011111100100010101
1010000110001110000011010100001111011001011001000111001011100011010101000000010111100010000000001010000011010100001000010011010000101011000010011000000001000001100100000011101000110110000010110000110110010010011110111001100111011010000011111010001011000111001000011111100100010101
1010000110001110000011010100001111011001011001001101100101100000011100010110011101010010000000001010000011010100001000010011010000101011000010011000000001000001100100000011101000110110000010110000110110010010011110111001100111011010000011111010001011000111001000011111100100010101
1010000110001110000011010100001111011001011001101101100111000010111000110110111001000010000000001010000011010100001000010011010000101011000010011000000001000001100100000011101000110110000010110000110110010010011110111001100111011010000011111010001011000111001000011111100100010101
1010000110001110000011010100001111110000001000001111001001000000111001110000100111110010000000001010000011010100001000010011010000101011000010011000000001000001100100000011101000110110000010110000110110010010011110111001100111011010000011111010001011000111001000011111100100010101
1010000110001110000011010100001111110000011001000100001011000000111000100110100101000010000000001010000011010100001000010011010000101011000010011000000001000001100100000011101000110110000010110000110110010010011110111001100111011010000011111010001011000111001000011111100100010101
1010000110001110000011010100010010010000001000101110001000110101010101110010000011100010000000001010000011010100001000010011010000101011000010011000000001000001100100000011101000110110000010110000110110010010011110111001100111011010000011111010001011000111001000011111100100010101
1010000110001110000011010100010010010000011001100100001000010100011101000000011111110010000000001010000011010100001000010011010000101011000010011000000001000001100100000011101000110110000010110000110110010010011110111001100111011010000011111010001011000111001000011111100100010101
1010000110001110000011010100010010010000011001101101001000010110011100110110111101010010000000001010000011010100001000010011010000101011000010011000000001000001100100000011101000110110000010110000110110010010011110111001100111011010000011111010001011000111001000011111100100010101
1010000110001110000011010100010010111001000000001101001000010100011101110010110001000010000000001010000011010100001000010011010000101011000010011000000001000001100100000011101000110110000010110000110110010010011110111001100111011010000011111010001011000111001000011111100100010101
1010000110001110000011010100010010111001000000100111100100110110011100110110101011110010000000001010000011010100001000010011010000101011000010011000000001000001100100000011101000110110000010110000110110010010011110111001100111011010000011111010001011000111001000011111100100010101
1010000110001110000011010100010010111001000000101101100010110110011101110000001001000010000000001010000011010100001000010011010000101011000010011000000001000001100100000011101000110110000010110000110110010010011110111001100111011010000011111010001011000111001000011111100100010101
1010000110001110000011010100010010111001001000101101100010010110111000100110001111110010000000001010000011010100001000010011010000101011000010011000000001000001100100000011101000110110000010110000110110010010011110111001100111011010000011111010001011000111001000011111100100010101
1010000110001110000011010100010010111001010001001101001110010100111000010100010011110010000000001010000011010100001000010011010000101011000010011000000001000001100100000011101000110110000010110000110110010010011110111001100111011010000011111010001011000111001000011111100100010101
1010000110001110000011010100010010111001010001001110001010110100011101110010000011100010000000001010000011010100001000010011010000101011000010011000000001000001100100000011101000110110000010110000110110010010011110111001100111011010000011111010001011000111001000011111100100010101
1010000110001110000011010100010010111001010001101100100100010100011101010000001011110010000000001010000011010100001000010011010000101011000010011000000001000001100100000011101000110110000010110000110110010010011110111001100111011010000011111010001011000111001000011111100100010101
1010000110001110000011010100010010111001011101100100001100010110011101010010100111110010000000001010000011010100001000010011010000101011000010011000000001000001100100000011101000110110000010110000110110010010011110111001100111011010000011111010001011000111001000011111100100010101
1010000110001110000011010100100111011001000000100101100011100000011100100110001101010010000000001010000011010100001000010011010000101011000010011000000001000001100100000011101000110110000010110000110110010010011110111001100111011010000011111010001011000111001000011111100100010101
1010000110001110000011010100100111011001001000001111001101100000011100110110101111110010000000001010000011010100001000010011010000101011000010011000000001000001100100000011101000110110000010110000110110010010011110111001100111011010000011111010001011000111001000011111100100010101
1010000110001110000011010100100111011001001000101101100011000010011101110000011011110010000000001010000011010100001000010011010000101011000010011000000001000001100100000011101000110110000010110000110110010010011110111001100111011010000011111010001011000111001000011111100100010101
1010000110001110000011010100100111110000010001001001001001000010111001010000111101010010000000001010000011010100001000010011010000101011000010011000000001000001100100000011101000110110000010110000110110010010011110111001100111011010000011111010001011000111001000011111100100010101
1010000110001110000011010100100111110000010001001110001101100010011101100010001101010010000000001010000011010100001000010011010000101011000010011000000001000001100100000011101000110110000010110000110110010010011110111001100111011010000011111010001011000111001000011111100100010101
1010000110001110000011010100100111110000010001100101001001000000111000010110101001010010000000001010000011010100001000010011010000101011000010011000000001000001100100000011101000110110000010110000110110010010011110111001100111011010000011111010001011000111001000011111100100010101
1010000110001110000011010100111010010000010001001110100110110110111000010100101001010010000000001010000011010100001000010011010000101011000010011000000001000001100100000011101000110110000010110000110110010010011110111001100111011010000011111010001011000111001000011111100100010101
1010000110001110000011010100111010010000011001101111100110010110111000010100111111110010000000001010000011010100001000010011010000101011000010011000000001000001100100000011101000110110000010110000110110010010011110111001100111011010000011111010001011000111001000011111100100010101
1010000110001110000011010100111010111001000000001111100110110110111000110110100101000010000000001010000011010100001000010011010000101011000010011000000001000001100100000011101000110110000010110000110110010010011110111001100111011010000011111010001011000111001000011111100100010101
1010000110001110000011010100111010111001000100000110001100010100111100010100001011110010000000001010000011010100001000010011010000101011000010011000000001000001100100000011101000110110000010110000110110010010011110111001100111011010000011111010001011000111001000011111100100010101
1010000110001110000011010100111010111001001000001101001010110110111000110110000011100010000000001010000011010100001000010011010000101011000010011000000001000001100100000011101000110110000010110000110110010010011110111001100111011010000011111010001011000111001000011111100100010101
1010000110001110000011010100111010111001010001001100100110010100011000100100111101010010000000001010000011010100001000010011010000101011000010011000000001000001100100000011101000110110000010110000110110010010011110111001100111011010000011111010001011000111001000011111100100010101
1010000110001110000011010100111010111001010001100110100000010100011100110100110101010010000000001010000011010100001000010011010000101011000010011000000001000001100100000011101000110110000010110000110110010010011110111001100111011010000011111010001011000111001000011111100100010101
1010000110001110000011010100111010111001010001101101001100010100011100100110110111110010000000001010000011010100001000010011010000101011000010011000000001000001100100000011101000110110000010110000110110010010011110111001100111011010000011111010001011000111001000011111100100010101
1010000110001110000011010100111010111001010001101111001010110110111001110010100101010010000000001010000011010100001000010011010000101011000010011000000001000001100100000011101000110110000010110000110110010010011110111001100111011010000011111010001011000111001000011111100100010101
1010000110001110000011010100111010111001011001001111001010110100011001010010100101010010000000001010000011010100001000010011010000101011000010011000000001000001100100000011101000110110000010110000110110010010011110111001100111011010000011111010001011000111001000011111100100010101
1010000110001110000011011110001111011001000000000110001111000000111000100110101101010010000000001010000011010100001000010011010000101011000010011000000001000001100100000011101000110110000010110000110110010010011110111001100111011010000011111010001011000111001000011111100100010101
1010000110001110000011011110001111011001000000000110100111000010011101110000100111100010000000001010000011010100001000010011010000101011000010011000000001000001100100000011101000110110000010110000110110010010011110111001100111011010000011111010001011000111001000011111100100010101
1010000110001110000011011110001111011001000000101101100001000000111000010110100001000010000000001010000011010100001000010011010000101011000010011000000001000001100100000011101000110110000010110000110110010010011110111001100111011010000011111010001011000111001000011111100100010101
1010000110001110000011011110001111011001001000001110001111000001110000110100001001010010000000001010000011010100001000010011010000101011000010011000000001000001100100000011101000110110000010110000110110010010011110111001100111011010000011111010001011000111001000011111100100010101
1010000110001110000011011110001111011001001000101001100001100000011101110010110001010010000000001010000011010100001000010011010000101011000010011000000001000001100100000011101000110110000010110000110110010010011110111001100111011010000011111010001011000111001000011111100100010101
1010000110001110000011011110001111011001010001100100100101000010011100010100011001000010000000001010000011010100001000010011010000101011000010011000000001000001100100000011101000110110000010110000110110010010011110111001100111011010000011111010001011000111001000011111100100010101
1010000110001110000011011110001111011001011001001110001001000001010001110010001101010010000000001010000011010100001000010011010000101011000010011000000001000001100100000011101000110110000010110000110110010010011110111001100111011010000011111010001011000111001000011111100100010101
1010000110001110000011011110001111011001011001101110100011100000111001100010011101000010000000001010000011010100001000010011010000101011000010011000000001000001100100000011101000110110000010110000110110010010011110111001100111011010000011111010001011000111001000011111100100010101
1010000110001110000011011110001111110000000000101100100111100010011100110100010101010010000000001010000011010100001000010011010000101011000010011000000001000001100100000011101000110110000010110000110110010010011110111001100111011010000011111010001011000111001000011111100100010101
1010000110001110000011011110001111110000001000100101001101100011110001110000001101010010000000001010000011010100001000010011010000101011000010011000000001000001100100000011101000110110000010110000110110010010011110111001100111011010000011111010001011000111001000011111100100010101
1010000110001110000011011110001111110000010001101111001111100000011100110100100111100010000000001010000011010100001000010011010000101011000010011000000001000001100100000011101000110110000010110000110110010010011110111001100111011010000011111010001011000111001000011111100100010101
1010000110001110000011011110010010010000000000101100100100010101010100110100001011100010000000001010000011010100001000010011010000101011000010011000000001000001100100000011101000110110000010110000110110010010011110111001100111011010000011111010001011000111001000011111100100010101
1010000110001110000011011110010010010000001000001001100100110110111000110110011101010010000000001010000011010100001000010011010000101011000010011000000001000001100100000011101000110110000010110000110110010010011110111001100111011010000011111010001011000111001000011111100100010101
1010000110001110000011011110010010010000010001000110001100010110011100110110100011100010000000001010000011010100001000010011010000101011000010011000000001000001100100000011101000110110000010110000110110010010011110111001100111011010000011111010001011000111001000011111100100010101
1010000110001110000011011110010010010000010001000111100100110111110001110010001011100010000000001010000011010100001000010011010000101011000010011000000001000001100100000011101000110110000010110000110110010010011110111001100111011010000011111010001011000111001000011111100100010101
1010000110001110000011011110010010010000010001001100100010010100111001110010110101000010000000001010000011010100001000010011010000101011000010011000000001000001100100000011101000110110000010110000110110010010011110111001100111011010000011111010001011000111001000011111100100010101
1010000110001110000011011110010010111001010001001100001100110111110000110110001001010010000000001010000011010100001000010011010000101011000010011000000001000001100100000011101000110110000010110000110110010010011110111001100111011010000011111010001011000111001000011111100100010101
1010000110001110000011011110010010111001011001100101001110010101010100100100100011110010000000001010000011010100001000010011010000101011000010011000000001000001100100000011101000110110000010110000110110010010011110111001100111011010000011111010001011000111001000011111100100010101
1010000110001110000011011110100111011001000000000111100101100000011100010110001011110010000000001010000011010100001000010011010000101011000010011000000001000001100100000011101000110110000010110000110110010010011110111001100111011010000011111010001011000111001000011111100100010101
1010000110001110000011011110100111011001000000001111001111100010011101000010001001010010000000001010000011010100001000010011010000101011000010011000000001000001100100000011101000110110000010110000110110010010011110111001100111011010000011111010001011000111001000011111100100010101
1010000110001110000011011110100111011001001000001111100111100000111000110110010011100010000000001010000011010100001000010011010000101011000010011000000001000001100100000011101000110110000010110000110110010010011110111001100111011010000011111010001011000111001000011111100100010101
1010000110001110000011011110100111011001001000100111001101100000011100010110000111100010000000001010000011010100001000010011010000101011000010011000000001000001100100000011101000110110000010110000110110010010011110111001100111011010000011111010001011000111001000011111100100010101
1010000110001110000011011110100111011001010001000100001101100001010101010000101011100010000000001010000011010100001000010011010000101011000010011000000001000001100100000011101000110110000010110000110110010010011110111001100111011010000011111010001011000111001000011111100100010101
1010000110001110000011011110100111011001010001001110100001100001110000110100010101000010000000001010000011010100001000010011010000101011000010011000000001000001100100000011101000110110000010110000110110010010011110111001100111011010000011111010001011000111001000011111100100010101
1010000110001110000011011110100111011001011001000111001001000010111000010110000111110010000000001010000011010100001000010011010000101011000010011000000001000001100100000011101000110110000010110000110110010010011110111001100111011010000011111010001011000111001000011111100100010101
1010000110001110000011011110100111110000000000100111001001100011110000100100001101000010000000001010000011010100001000010011010000101011000010011000000001000001100100000011101000110110000010110000110110010010011110111001100111011010000011111010001011000111001000011111100100010101
1010000110001110000011011110100111110000001000001101001111100000111001110000101011100010000000001010000011010100001000010011010000101011000010011000000001000001100100000011101000110110000010110000110110010010011110111001100111011010000011111010001011000111001000011111100100010101
1010000110001110000011011110100111110000001000100110001001100010011100010110001011100010000000001010000011010100001000010011010000101011000010011000000001000001100100000011101000110110000010110000110110010010011110111001100111011010000011111010001011000111001000011111100100010101
1010000110001110000011011110100111110000010001100101100011100010111001010010101101010010000000001010000011010100001000010011010000101011000010011000000001000001100100000011101000110110000010110000110110010010011110111001100111011010000011111010001011000111001000011111100100010101
1010000110001110000011011110100111110000010001101111001101000000011100100110101101010010000000001010000011010100001000010011010000101011000010011000000001000001100100000011101000110110000010110000110110010010011110111001100111011010000011111010001011000111001000011111100100010101
1010000110001110000011011110111010010000010001100100100000110110111000010100001011110010000000001010000011010100001000010011010000101011000010011000000001000001100100000011101000110110000010110000110110010010011110111001100111011010000011111010001011000111001000011111100100010101
1010000110001110000011011110111010010000010001101101100010110100111000010110000001010010000000001010000011010100001000010011010000101011000010011000000001000001100100000011101000110110000010110000110110010010011110111001100111011010000011111010001011000111001000011111100100010101
1010000110001110000011011110111010111001000000100101001000110101010101110000011001010010000000001010000011010100001000010011010000101011000010011000000001000001100100000011101000110110000010110000110110010010011110111001100111011010000011111010001011000111001000011111100100010101
1010000110001110000011011110111010111001000000101110001110110111110000110110100001000010000000001010000011010100001000010011010000101011000010011000000001000001100100000011101000110110000010110000110110010010011110111001100111011010000011111010001011000111001000011111100100010101
1010000110001110000011011110111010111001011001101001001110010100111001000000001011110010000000001010000011010100001000010011010000101011000010011000000001000001100100000011101000110110000010110000110110010010011110111001100111011010000011111010001011000111001000011111100100010101
1010000110001110001011010100001111011001000000100111001101100010011101000010101101010010000000001010000011010100001000010011010000101011000010011000000001000001100100000011101000110110000010110000110110010010011110111001100111011010000011111010001011000111001000011111100100010101
1010000110001110001011010100001111011001001000001110100101100010011101110010101001010010000000001010000011010100001000010011010000101011000010011000000001000001100100000011101000110110000010110000110110010010011110111001100111011010000011111010001011000111001000011111100100010101
1010000110001110001011010100001111011001001000100100100001000010011100010100010101010010000000001010000011010100001000010011010000101011000010011000000001000001100100000011101000110110000010110000110110010010011110111001100111011010000011111010001011000111001000011111100100010101
1010000110001110001011010100001111011001010001001110001011100000111001010010100011110010000000001010000011010100001000010011010000101011000010011000000001000001100100000011101000110110000010110000110110010010011110111001100111011010000011111010001011000111001000011111100100010101
1010000110001110001011010100001111011001011001100111100001100010111001000000101011110010000000001010000011010100001000010011010000101011000010011000000001000001100100000011101000110110000010110000110110010010011110111001100111011010000011111010001011000111001000011111100100010101
1010000110001110001011010100010010111001010001101111100000110100111000010110110101010010000000001010000011010100001000010011010000101011000010011000000001000001100100000011101000110110000010110000110110010010011110111001100111011010000011111010001011000111001000011111100100010101
1010000110001110001011010100010010111001011001100101001100110110111001110010010101010010000000001010000011010100001000010011010000101011000010011000000001000001100100000011101000110110000010110000110110010010011110111001100111011010000011111010001011000111001000011111100100010101
1010000110001110001011010100100111011001000000000101100001000010111001100010110101000010000000001010000011010100001000010011010000101011000010011000000001000001100100000011101000110110000010110000110110010010011110111001100111011010000011111010001011000111001000011111100100010101
1010000110001110001011010100100111110000011001000100100011000000111000010110000101000010000000001010000011010100001000010011010000101011000010011000000001000001100100000011101000110110000010110000110110010010011110111001100111011010000011111010001011000111001000011111100100010101
1010000110001110001011010100100111110000011001100111001101100000011100100110001101010010000000001010000011010100001000010011010000101011000010011000000001000001100100000011101000110110000010110000110110010010011110111001100111011010000011111010001011000111001000011111100100010101
1010000110001110001011010100111010010000011001000110100100010100011101110010101101010010000000001010000011010100001000010011010000101011000010011000000001000001100100000011101000110110000010110000110110010010011110111001100111011010000011111010001011000111001000011111100100010101
1010000110001110001011010100111010111001001000001100001010010111110001100010010101010010000000001010000011010100001000010011010000101011000010011000000001000001100100000011101000110110000010110000110110010010011110111001100111011010000011111010001011000111001000011111100100010101
1010000110001110001011010100111010111001001000100110100110110110111000010100100101000010000000001010000011010100001000010011010000101011000010011000000001000001100100000011101000110110000010110000110110010010011110111001100111011010000011111010001011000111001000011111100100010101
1010000110001110001011010100111010111001010001001111001000010100111000110100110001010010000000001010000011010100001000010011010000101011000010011000000001000001100100000011101000110110000010110000110110010010011110111001100111011010000011111010001011000111001000011111100100010101
1010000110001110001011010100111010111001010101101101001100110110111001000000100111110010000000001010000011010100001000010011010000101011000010011000000001000001100100000011101000110110000010110000110110010010011110111001100111011010000011111010001011000111001000011111100100010101
1010000110001110001011010100111010111001011001001100001100110110111000010110010111100010000000001010000011010100001000010011010000101011000010011000000001000001100100000011101000110110000010110000110110010010011110111001100111011010000011111010001011000111001000011111100100010101
1010000110001110001011010100111010111001011001001111100000110110111001110010101111100010000000001010000011010100001000010011010000101011000010011000000001000001100100000011101000110110000010110000110110010010011110111001100111011010000011111010001011000111001000011111100100010101
1010000110001110001011011110001111011001001010101100100011000010011100010110010001010010000000001010000011010100001000010011010000101011000010011000000001000001100100000011101000110110000010110000110110010010011110111001100111011010000011111010001011000111001000011111100100010101
1010000110001110001011011110001111011001011001001110001011000011010101000010010111100010000000001010000011010100001000010011010000101011000010011000000001000001100100000011101000110110000010110000110110010010011110111001100111011010000011111010001011000111001000011111100100010101
1010000110001110001011011110001111110000000000001100100101000010011101110010011101010010000000001010000011010100001000010011010000101011000010011000000001000001100100000011101000110110000010110000110110010010011110111001100111011010000011111010001011000111001000011111100100010101
1010000110001110001011011110010010010000001000001111100000110100111000010100111111100010000000001010000011010100001000010011010000101011000010011000000001000001100100000011101000110110000010110000110110010010011110111001100111011010000011111010001011000111001000011111100100010101
1010000110001110001011011110010010111001000000101101100000010110011100000110001101010010000000001010000011010100001000010011010000101011000010011000000001000001100100000011101000110110000010110000110110010010011110111001100111011010000011111010001011000111001000011111100100010101
1010000110001110001011011110010010111001011001101110001000110100011101010010011101010010000000001010000011010100001000010011010000101011000010011000000001000001100100000011101000110110000010110000110110010010011110111001100111011010000011111010001011000111001000011111100100010101
1010000110001110001011011110100111011001000000000110001101100010011101010000000011100010000000001010000011010100001000010011010000101011000010011000000001000001100100000011101000110110000010110000110110010010011110111001100111011010000011111010001011000111001000011111100100010101
1010000110001110001011011110100111011001001000100101100001000000111000100110101111110010000000001010000011010100001000010011010000101011000010011000000001000001100100000011101000110110000010110000110110010010011110111001100111011010000011111010001011000111001000011111100100010101
1010000110001110001011011110100111011001010001001110100001100010111001110010100011100010000000001010000011010100001000010011010000101011000010011000000001000001100100000011101000110110000010110000110110010010011110111001100111011010000011111010001011000111001000011111100100010101
1010000110001110001011011110100111011001011001000101001101100010011100110110111101000010000000001010000011010100001000010011010000101011000010011000000001000001100100000011101000110110000010110000110110010010011110111001100111011010000011111010001011000111001000011111100100010101
1010000110001110001011011110100111011001011001001111001011000000111001100010110101010010000000001010000011010100001000010011010000101011000010011000000001000001100100000011101000110110000010110000110110010010011110111001100111011010000011111010001011000111001000011111100100010101
1010000110001110001011011110100111011001011001100100100101000000011101110010010001010010000000001010000011010100001000010011010000101011000010011000000001000001100100000011101000110110000010110000110110010010011110111001100111011010000011111010001011000111001000011111100100010101
1010000110001110001011011110111010010000010001000101100010110110111000010110000001000010000000001010000011010100001000010011010000101011000010011000000001000001100100000011101000110110000010110000110110010010011110111001100111011010000011111010001011000111001000011111100100010101
1010000110001110001011011110111010010000010001100110001100010110011100010110000001000010000000001010000011010100001000010011010000101011000010011000000001000001100100000011101000110110000010110000110110010010011110111001100111011010000011111010001011000111001000011111100100010101
1010000110001110001011011110111010111001001000000110001100010100111001010000000101000010000000001010000011010100001000010011010000101011000010011000000001000001100100000011101000110110000010110000110110010010011110111001100111011010000011111010001011000111001000011111100100010101
