0000000010110001011000000000000100000000000000000000100000000000000000
0000000100111001011000000000000100000000000000000000100000000000000000
0000000111010001001110000000000100000000000000000000100000000000000000
0001011000101111101000000000000100000000000000000000100000000000000000
0001011000101111101000000000000100000000000000000000100000000000000000
0001011001011000111010000000000100000000000000000000100000000000000000
0001011001011011010010000000000100000000000000000000100000000000000000
0001011001110110110000000000000100000000000000000000100000000000000000
0001011011000100101100000000000100000000000000000000100000000000000000
0001011011101001110100000000000100000000000000000000100000000000000000
0001011100010101011000000000000100000000000000000000100000000000000000
0001011100111010011100000000000100000000000000000000100000000000000000
0001011101001100000000000000000100000000000000000000100000000000000000
0001011101100001100010000000000100000000000000000000100000000000000000
0010110000101110001010000000000100000000000000000000100000000000000000
0010110001011001011000000000000100000000000000000000100000000000000000
0010110010011101001110000000000100000000000000000000100000000000000000
0010110100111010011100000000000100000000000000000000100000000000000000
0010110110001001001110000000000100000000000000000000100000000000000000
0010110111111100111010000000000100000000000000000000100000000000000000
0010110111111100111010000000000100000000000000000000100000000000000000
0011101000101110100110000000000100000000000000000000100000000000000000
0011101001110110011100000000000100000000000000000000100000000000000000
0011101110100111101000000000000100000000000000000000100000000000000000
0011101110100111111110000000000100000000000000000000100000000000000000
0100111001011001011000000000000100000000000000000000100000000000000000
0100111011101010001010000000000100000000000000000000100000000000000000
0100111101100000111010000000000100000000000000000000100000000000000000
0100111111111101001110000000000100000000000000000000100000000000000000
0100111111111110011100000000000100000000000000000000100000000000000000
0101100000000011111110000000000100000000000000000000100000000000000000
0101100000101100111010000000000100000000000000000000100000000000000000
0101100010110001011000000000000100000000000000000000100000000000000000
0101100100010100101100000000000100000000000000000000100000000000000000
0101100100111011101000000000000100000000000000000000100000000000000000
0101100110100111010010000000000100000000000000000000100000000000000000
0101100111111101100010000000000100000000000000000000100000000000000000
0110001000000011000100000000000100000000000000000000100000000000000000
0110001000101111000100000000000100000000000000000000100000000000000000
0110001001011001110100000000000100000000000000000000100000000000000000
0110001010011111000100000000000100000000000000000000100000000000000000
0110001010110001011000000000000100000000000000000000100000000000000000
0110001011101000000000000000000100000000000000000000100000000000000000
0110001100111010001010000000000100000000000000000000100000000000000000
0110001111010011010010000000000100000000000000000000100000000000000000
0111010000101111000100000000000100000000000000000000100000000000000000
0111010001011011101000000000000100000000000000000000100000000000000000
0111010001110111000100000000000100000000000000000000100000000000000000
0111010010011101001110000000000100000000000000000000100000000000000000
0111010010011110001010000000000100000000000000000000100000000000000000
0111010010110010110000000000000100000000000000000000100000000000000000
0111010011000100101100000000000100000000000000000000100000000000000000
0111010011000111101000000000000100000000000000000000100000000000000000
0111010101100000000000000000000100000000000000000000100000000000000000
0111010101100000101100000000000100000000000000000000100000000000000000
0111010101100001100010000000000100000000000000000000100000000000000000
0111010101100001110100000000000100000000000000000000100000000000000000
0111010110100101100010000000000100000000000000000000100000000000000000
1000101000000001001110000000000100000000000000000000100000000000000000
1000101001011010100110000000000100000000000000000000100000000000000000
1000101001011011010010000000000100000000000000000000100000000000000000
1000101001011011010010000000000100000000000000000000100000000000000000
1000101010011101110100000000000100000000000000000000100000000000000000
1000101100010101001110000000000100000000000000000000100000000000000000
1000101101001100010110000000000100000000000000000000100000000000000000
1000101110100100101100000000000100000000000000000000100000000000000000
1001110010011111101000000000000100000000000000000000100000000000000000
1001110011000101001110000000000100000000000000000000100000000000000000
1001110101001110110000000000000100000000000000000000100000000000000000
1010011001011010011100000000000100000000000000000000100000000000000000
1010011010011110011100000000000100000000000000000000100000000000000000
1010011011000111111110000000000100000000000000000000100000000000000000
1010011111010000111010000000000100000000000000000000100000000000000000
1010011111010011101000000000000100000000000000000000100000000000000000
1010011111111110001010000000000100000000000000000000100000000000000000
1011000011000101001110000000000100000000000000000000100000000000000000
1011000101001110110000000000000100000000000000000000100000000000000000
1100010001011000000000000000000100000000000000000000100000000000000000
1100010011000100000000000000000100000000000000000000100000000000000000
1100010011101010001010000000000100000000000000000000100000000000000000
1100010100010100000000000000000100000000000000000000100000000000000000
1100010110001001110100000000000100000000000000000000100000000000000000
1100010110100100000000000000000100000000000000000000100000000000000000
1101001000101101100010000000000100000000000000000000100000000000000000
1101001001110110001010000000000100000000000000000000100000000000000000
1101001100010100010110000000000100000000000000000000100000000000000000
1101001101100011111110000000000100000000000000000000100000000000000000
1101001110001000010110000000000100000000000000000000100000000000000000
1101001111111100010110000000000100000000000000000000100000000000000000
1110100000000001001110000000000100000000000000000000100000000000000000
1110100000000010011100000000000100000000000000000000100000000000000000
1110100000000011000100000000000100000000000000000000100000000000000000
1110100001110101001110000000000100000000000000000000100000000000000000
1110100010011101001110000000000100000000000000000000100000000000000000
1110100011101010001010000000000100000000000000000000100000000000000000
1110100101001111111110000000000100000000000000000000100000000000000000
1111111010011111000100000000000100000000000000000000100000000000000000
1111111011000111101000000000000100000000000000000000100000000000000000
1111111101001100000000000000000100000000000000000000100000000000000000
1111111110001011111110000000000100000000000000000000100000000000000000
