01101010011100110110000100000101101110101000010000110000001101001100101110010101001000000100111110010001000000000001110000111000101100000001011101010001001001101001110101110010100001010010111100110101100100101111011100001000001001
01101010011100110110000100000101101110101000010000110011100101000101101110010101001000000100111110010001000000000001110000111000101100000001011101010001001001101001110101110010100001010010111100110101100100101111011100001000001001
01101010011100110110000100000101101110101000010001001000110010000100101110010101001000000100111110010001000000000001110000111000101100000001011101010001001001101001110101110010100001010010111100110101100100101111011100001000001001
01101010011100110110000100000101101110101000010001010110001001100101101110010101001000000100111110010001000000000001110000111000101100000001011101010001001001101001110101110010100001010010111100110101100100101111011100001000001001
01101010011100110110000100000101101110101000010001101100101100001101101110010101001000000100111110010001000000000001110000111000101100000001011101010001001001101001110101110010100001010010111100110101100100101111011100001000001001
01101010011100110110000100000101101110101000010010101010000001100100101110010101001000000100111110010001000000000001110000111000101100000001011101010001001001101001110101110010100001010010111100110101100100101111011100001000001001
01101010011100110110000100000101101110101000010011100100001011101101101110010101001000000100111110010001000000000001110000111000101100000001011101010001001001101001110101110010100001010010111100110101100100101111011100001000001001
01101010011100110110000100000101101110101000010100001000011101001100101110010101001000000100111110010001000000000001110000111000101100000001011101010001001001101001110101110010100001010010111100110101100100101111011100001000001001
01101010011100110110000100000101101110101000010100101101100101100100101110010101001000000100111110010001000000000001110000111000101100000001011101010001001001101001110101110010100001010010111100110101100100101111011100001000001001
01101010011100110110000100000101101110101000010100101111001010000100101110010101001000000100111110010001000000000001110000111000101100000001011101010001001001101001110101110010100001010010111100110101100100101111011100001000001001
01101010011100110110000100000101101110101000010101001101100100000101101110010101001000000100111110010001000000000001110000111000101100000001011101010001001001101001110101110010100001010010111100110101100100101111011100001000001001
01101010011100110110000100000101101110101000010101011101110111001101101110010101001000000100111110010001000000000001110000111000101100000001011101010001001001101001110101110010100001010010111100110101100100101111011100001000001001
01101010011100110110000100000101101110101000010101011110100110100101101110010101001000000100111110010001000000000001110000111000101100000001011101010001001001101001110101110010100001010010111100110101100100101111011100001000001001
01101010011100110110000100000101101110101000010101100000101110000100101110010101001000000100111110010001000000000001110000111000101100000001011101010001001001101001110101110010100001010010111100110101100100101111011100001000001001
01101010011100110110000100000101101110101000010101111001100001101100101110010101001000000100111110010001000000000001110000111000101100000001011101010001001001101001110101110010100001010010111100110101100100101111011100001000001001
01101010011100110110000100000101101110101000010110010110101011100100101110010101001000000100111110010001000000000001110000111000101100000001011101010001001001101001110101110010100001010010111100110101100100101111011100001000001001
01101010011100110110000100000101101110101000010111001010100110001100101110010101001000000100111110010001000000000001110000111000101100000001011101010001001001101001110101110010100001010010111100110101100100101111011100001000001001
01101010011100110110000100000101101110101000010111010110001111101100101110010101001000000100111110010001000000000001110000111000101100000001011101010001001001101001110101110010100001010010111100110101100100101111011100001000001001
01101010011100110110000100000101101110101000010111011100101100100101101110010101001000000100111110010001000000000001110000111000101100000001011101010001001001101001110101110010100001010010111100110101100100101111011100001000001001
01101010011100110110000100000101101110101000010111100100001010100100101110010101001000000100111110010001000000000001110000111000101100000001011101010001001001101001110101110010100001010010111100110101100100101111011100001000001001
01101010011100110110000100000101101110101000010111100100010101100100101110010101001000000100111110010001000000000001110000111000101100000001011101010001001001101001110101110010100001010010111100110101100100101111011100001000001001
01101010011100110110000100000101101110101000010111100111001101001100101110010101001000000100111110010001000000000001110000111000101100000001011101010001001001101001110101110010100001010010111100110101100100101111011100001000001001
01101010011100110110000100000101101110101000010111110101000101100101101110010101001000000100111110010001000000000001110000111000101100000001011101010001001001101001110101110010100001010010111100110101100100101111011100001000001001
01101010011100110110000100000101101110101000011000001000011010000101101110010101001000000100111110010001000000000001110000111000101100000001011101010001001001101001110101110010100001010010111100110101100100101111011100001000001001
01101010011100110110000100000101101110101000011000010010101110000100101110010101001000000100111110010001000000000001110000111000101100000001011101010001001001101001110101110010100001010010111100110101100100101111011100001000001001
01101010011100110110000100000101101110101000011000011011111100000101101110010101001000000100111110010001000000000001110000111000101100000001011101010001001001101001110101110010100001010010111100110101100100101111011100001000001001
01101010011100110110000100000101101110101000011000111101100000000100101110010101001000000100111110010001000000000001110000111000101100000001011101010001001001101001110101110010100001010010111100110101100100101111011100001000001001
01101010011100110110000100000101101110101000011001010010100101101100101110010101001000000100111110010001000000000001110000111000101100000001011101010001001001101001110101110010100001010010111100110101100100101111011100001000001001
01101010011100110110000100000101101110101000011001011101001110101100101110010101001000000100111110010001000000000001110000111000101100000001011101010001001001101001110101110010100001010010111100110101100100101111011100001000001001
01101010011100110110000100000101101110101000011001111010001010100101101110010101001000000100111110010001000000000001110000111000101100000001011101010001001001101001110101110010100001010010111100110101100100101111011100001000001001
01101010011100110110000100000101101110101000011010000101100001000100101110010101001000000100111110010001000000000001110000111000101100000001011101010001001001101001110101110010100001010010111100110101100100101111011100001000001001
01101010011100110110000100000101101110101000011011011111100111000101101110010101001000000100111110010001000000000001110000111000101100000001011101010001001001101001110101110010100001010010111100110101100100101111011100001000001001
01101010011100110110000100000101101110101000011011101000000001001101101110010101001000000100111110010001000000000001110000111000101100000001011101010001001001101001110101110010100001010010111100110101100100101111011100001000001001
01101010011100110110000100000101101110101000011011110001001110100101101110010101001000000100111110010001000000000001110000111000101100000001011101010001001001101001110101110010100001010010111100110101100100101111011100001000001001
01101010011100110110000100000101101110101000011011111011101000100100101110010101001000000100111110010001000000000001110000111000101100000001011101010001001001101001110101110010100001010010111100110101100100101111011100001000001001
01101010011100110110000100000101101110101000011111110111101001000100101110010101001000000100111110010001000000000001110000111000101100000001011101010001001001101001110101110010100001010010111100110101100100101111011100001000001001
01101010011100110110000100000101101110101000011111111100101100001100101110010101001000000100111110010001000000000001110000111000101100000001011101010001001001101001110101110010100001010010111100110101100100101111011100001000001001
01101010011100110110000100010101100100101000010010000000001111000100101110010101001000000100111110010001000000000001110000111000101100000001011101010001001001101001110101110010100001010010111100110101100100101111011100001000001001
01101010011100110110000100010101100100101000010010011011000110100100101110010101001000000100111110010001000000000001110000111000101100000001011101010001001001101001110101110010100001010010111100110101100100101111011100001000001001
01101010011100110110000100010101100100101000010011000011110001101101101110010101001000000100111110010001000000000001110000111000101100000001011101010001001001101001110101110010100001010010111100110101100100101111011100001000001001
01101010011100110110000100010101100100101000010011010010100011000101101110010101001000000100111110010001000000000001110000111000101100000001011101010001001001101001110101110010100001010010111100110101100100101111011100001000001001
01101010011100110110000100010101100100101000010011101001100010100101101110010101001000000100111110010001000000000001110000111000101100000001011101010001001001101001110101110010100001010010111100110101100100101111011100001000001001
01101010011100110110000100010101100100101000010100001110100101100101101110010101001000000100111110010001000000000001110000111000101100000001011101010001001001101001110101110010100001010010111100110101100100101111011100001000001001
01101010011100110110000100010101100100101000010111101100101011101100101110010101001000000100111110010001000000000001110000111000101100000001011101010001001001101001110101110010100001010010111100110101100100101111011100001000001001
01101010011100110110000100010101100100101000011001101001111001001101101110010101001000000100111110010001000000000001110000111000101100000001011101010001001001101001110101110010100001010010111100110101100100101111011100001000001001
01101010011100110110000100010101100100101000011011011101011101000101101110010101001000000100111110010001000000000001110000111000101100000001011101010001001001101001110101110010100001010010111100110101100100101111011100001000001001
01101010011100110110000100010101100100101000011100000101000011101100101110010101001000000100111110010001000000000001110000111000101100000001011101010001001001101001110101110010100001010010111100110101100100101111011100001000001001
01101010011100110110000100010101100100101000011100000111101101001100101110010101001000000100111110010001000000000001110000111000101100000001011101010001001001101001110101110010100001010010111100110101100100101111011100001000001001
01101010011101010110000100000111101110101000010000000101000101101100101110010101001000000100111110010001000000000001110000111000101100000001011101010001001001101001110101110010100001010010111100110101100100101111011100001000001001
01101010011101010110000100000111101110101000010000111001000010001101101110010101001000000100111110010001000000000001110000111000101100000001011101010001001001101001110101110010100001010010111100110101100100101111011100001000001001
01101010011101010110000100000111101110101000010001010011100001001100101110010101001000000100111110010001000000000001110000111000101100000001011101010001001001101001110101110010100001010010111100110101100100101111011100001000001001
01101010011101010110000100000111101110101000010001111010100101001101101110010101001000000100111110010001000000000001110000111000101100000001011101010001001001101001110101110010100001010010111100110101100100101111011100001000001001
01101010011101010110000100000111101110101000010001111011101110101101101110010101001000000100111110010001000000000001110000111000101100000001011101010001001001101001110101110010100001010010111100110101100100101111011100001000001001
01101010011101010110000100000111101110101000010011000011100111101101101110010101001000000100111110010001000000000001110000111000101100000001011101010001001001101001110101110010100001010010111100110101100100101111011100001000001001
01101010011101010110000100000111101110101000010011001001000101000101101110010101001000000100111110010001000000000001110000111000101100000001011101010001001001101001110101110010100001010010111100110101100100101111011100001000001001
01101010011101010110000100000111101110101000010011011111000111101101101110010101001000000100111110010001000000000001110000111000101100000001011101010001001001101001110101110010100001010010111100110101100100101111011100001000001001
01101010011101010110000100000111101110101000010011011111101000101100101110010101001000000100111110010001000000000001110000111000101100000001011101010001001001101001110101110010100001010010111100110101100100101111011100001000001001
01101010011101010110000100000111101110101000010011110010100011000101101110010101001000000100111110010001000000000001110000111000101100000001011101010001001001101001110101110010100001010010111100110101100100101111011100001000001001
01101010011101010110000100000111101110101000010100100001101110001100101110010101001000000100111110010001000000000001110000111000101100000001011101010001001001101001110101110010100001010010111100110101100100101111011100001000001001
01101010011101010110000100000111101110101000010100101011010100000100101110010101001000000100111110010001000000000001110000111000101100000001011101010001001001101001110101110010100001010010111100110101100100101111011100001000001001
01101010011101010110000100000111101110101000010101000110100110100100101110010101001000000100111110010001000000000001110000111000101100000001011101010001001001101001110101110010100001010010111100110101100100101111011100001000001001
01101010011101010110000100000111101110101000010101010001000011101100101110010101001000000100111110010001000000000001110000111000101100000001011101010001001001101001110101110010100001010010111100110101100100101111011100001000001001
01101010011101010110000100000111101110101000010101011111101010001100101110010101001000000100111110010001000000000001110000111000101100000001011101010001001001101001110101110010100001010010111100110101100100101111011100001000001001
01101010011101010110000100000111101110101000010101110001000000001101101110010101001000000100111110010001000000000001110000111000101100000001011101010001001001101001110101110010100001010010111100110101100100101111011100001000001001
01101010011101010110000100000111101110101000010101111111001101001100101110010101001000000100111110010001000000000001110000111000101100000001011101010001001001101001110101110010100001010010111100110101100100101111011100001000001001
01101010011101010110000100000111101110101000010110100011100000001100101110010101001000000100111110010001000000000001110000111000101100000001011101010001001001101001110101110010100001010010111100110101100100101111011100001000001001
01101010011101010110000100000111101110101000010111000010001010001100101110010101001000000100111110010001000000000001110000111000101100000001011101010001001001101001110101110010100001010010111100110101100100101111011100001000001001
01101010011101010110000100000111101110101000010111011011100101100101101110010101001000000100111110010001000000000001110000111000101100000001011101010001001001101001110101110010100001010010111100110101100100101111011100001000001001
01101010011101010110000100000111101110101000010111011100011000100101101110010101001000000100111110010001000000000001110000111000101100000001011101010001001001101001110101110010100001010010111100110101100100101111011100001000001001
01101010011101010110000100000111101110101000010111101110001001101100101110010101001000000100111110010001000000000001110000111000101100000001011101010001001001101001110101110010100001010010111100110101100100101111011100001000001001
01101010011101010110000100000111101110101000010111111011100100000101101110010101001000000100111110010001000000000001110000111000101100000001011101010001001001101001110101110010100001010010111100110101100100101111011100001000001001
01101010011101010110000100000111101110101000011000001011001101101101101110010101001000000100111110010001000000000001110000111000101100000001011101010001001001101001110101110010100001010010111100110101100100101111011100001000001001
01101010011101010110000100000111101110101000011000010111100011001101101110010101001000000100111110010001000000000001110000111000101100000001011101010001001001101001110101110010100001010010111100110101100100101111011100001000001001
01101010011101010110000100000111101110101000011000100001100001100101101110010101001000000100111110010001000000000001110000111000101100000001011101010001001001101001110101110010100001010010111100110101100100101111011100001000001001
01101010011101010110000100000111101110101000011000101000000111001101101110010101001000000100111110010001000000000001110000111000101100000001011101010001001001101001110101110010100001010010111100110101100100101111011100001000001001
01101010011101010110000100000111101110101000011000101010001001101101101110010101001000000100111110010001000000000001110000111000101100000001011101010001001001101001110101110010100001010010111100110101100100101111011100001000001001
01101010011101010110000100000111101110101000011001001100001010001101101110010101001000000100111110010001000000000001110000111000101100000001011101010001001001101001110101110010100001010010111100110101100100101111011100001000001001
01101010011101010110000100000111101110101000011001010100001000000101101110010101001000000100111110010001000000000001110000111000101100000001011101010001001001101001110101110010100001010010111100110101100100101111011100001000001001
01101010011101010110000100000111101110101000011001111000000010100101101110010101001000000100111110010001000000000001110000111000101100000001011101010001001001101001110101110010100001010010111100110101100100101111011100001000001001
01101010011101010110000100000111101110101000011001111011001100101101101110010101001000000100111110010001000000000001110000111000101100000001011101010001001001101001110101110010100001010010111100110101100100101111011100001000001001
01101010011101010110000100000111101110101000011010000101011011000101101110010101001000000100111110010001000000000001110000111000101100000001011101010001001001101001110101110010100001010010111100110101100100101111011100001000001001
01101010011101010110000100000111101110101000011010001100001001001101101110010101001000000100111110010001000000000001110000111000101100000001011101010001001001101001110101110010100001010010111100110101100100101111011100001000001001
01101010011101010110000100000111101110101000011010010011000000001100101110010101001000000100111110010001000000000001110000111000101100000001011101010001001001101001110101110010100001010010111100110101100100101111011100001000001001
01101010011101010110000100000111101110101000011010010111101111000100101110010101001000000100111110010001000000000001110000111000101100000001011101010001001001101001110101110010100001010010111100110101100100101111011100001000001001
01101010011101010110000100000111101110101000011010011100001010101100101110010101001000000100111110010001000000000001110000111000101100000001011101010001001001101001110101110010100001010010111100110101100100101111011100001000001001
01101010011101010110000100000111101110101000011010100010100010000101101110010101001000000100111110010001000000000001110000111000101100000001011101010001001001101001110101110010100001010010111100110101100100101111011100001000001001
01101010011101010110000100000111101110101000011010101001001101100101101110010101001000000100111110010001000000000001110000111000101100000001011101010001001001101001110101110010100001010010111100110101100100101111011100001000001001
01101010011101010110000100000111101110101000011010111111111011101101101110010101001000000100111110010001000000000001110000111000101100000001011101010001001001101001110101110010100001010010111100110101100100101111011100001000001001
01101010011101010110000100000111101110101000011011000000001110000101101110010101001000000100111110010001000000000001110000111000101100000001011101010001001001101001110101110010100001010010111100110101100100101111011100001000001001
01101010011101010110000100000111101110101000011011010111100001101101101110010101001000000100111110010001000000000001110000111000101100000001011101010001001001101001110101110010100001010010111100110101100100101111011100001000001001
01101010011101010110000100000111101110101000011101001001100010101100101110010101001000000100111110010001000000000001110000111000101100000001011101010001001001101001110101110010100001010010111100110101100100101111011100001000001001
01101010011101010110000100000111101110101000011101101011000101101101101110010101001000000100111110010001000000000001110000111000101100000001011101010001001001101001110101110010100001010010111100110101100100101111011100001000001001
01101010011101010110000100000111101110101000011101110100010101000101101110010101001000000100111110010001000000000001110000111000101100000001011101010001001001101001110101110010100001010010111100110101100100101111011100001000001001
01101010011101010110000100000111101110101000011101111001001011101100101110010101001000000100111110010001000000000001110000111000101100000001011101010001001001101001110101110010100001010010111100110101100100101111011100001000001001
01101010011101010110000100000111101110101000011110101011010111001100101110010101001000000100111110010001000000000001110000111000101100000001011101010001001001101001110101110010100001010010111100110101100100101111011100001000001001
01101010011101010110000100000111101110101000011111010100101000101101101110010101001000000100111110010001000000000001110000111000101100000001011101010001001001101001110101110010100001010010111100110101100100101111011100001000001001
01101010011101010110000100000111101110101000011111010100101111100101101110010101001000000100111110010001000000000001110000111000101100000001011101010001001001101001110101110010100001010010111100110101100100101111011100001000001001
01101010011101010110000100000111101110101000011111010110001100001100101110010101001000000100111110010001000000000001110000111000101100000001011101010001001001101001110101110010100001010010111100110101100100101111011100001000001001
01101010011101010110000100000111101110101000011111010110100001101100101110010101001000000100111110010001000000000001110000111000101100000001011101010001001001101001110101110010100001010010111100110101100100101111011100001000001001
01101010011101010110000100000111101110101000011111111001000010100101101110010101001000000100111110010001000000000001110000111000101100000001011101010001001001101001110101110010100001010010111100110101100100101111011100001000001001
