00000010001111010111110001001011101000001000101000000111111110100000111011101010000100000000110000101100001110110011101100001001011000001010010000101000000000010101001011101000101010010101111111010011111101110101100000010011010001
00000010001111010111110011001010000101010111010111010000010111110000111011101010000100000000110000101100001110110011101100001001011000001010010000101000000000010101001011101000101010010101111111010011111101110101100000010011010001
00000010001111010111110011001010000110101110010010110000011010110101111011101010000100000000110000101100001110110011101100001001011000001010010000101000000000010101001011101000101010010101111111010011111101110101100000010011010001
00000010001111010111110011001010000110101110011101110001011111100011111011101010000100000000110000101100001110110011101100001001011000001010010000101000000000010101001011101000101010010101111111010011111101110101100000010011010001
00000010001111010111110011011000000110100011010111010111110110100101111011101010000100000000110000101100001110110011101100001001011000001010010000101000000000010101001011101000101010010101111111010011111101110101100000010011010001
00000010001111010111110110001010000101010111010010010000000011001110011011101010000100000000110000101100001110110011101100001001011000001010010000101000000000010101001011101000101010010101111111010011111101110101100000010011010001
00000010001111010111110110001010000110101110011000010110010000110011011011101010000100000000110000101100001110110011101100001001011000001010010000101000000000010101001011101000101010010101111111010011111101110101100000010011010001
00000010001111010111110110001010000110101110011000110010001111010010011011101010000100000000110000101100001110110011101100001001011000001010010000101000000000010101001011101000101010010101111111010011111101110101100000010011010001
00000010001111010111110110001010000110101110011100110010011011011101111011101010000100000000110000101100001110110011101100001001011000001010010000101000000000010101001011101000101010010101111111010011111101110101100000010011010001
00000010001111010111110110011000000110100011011000110111011011111110011011101010000100000000110000101100001110110011101100001001011000001010010000101000000000010101001011101000101010010101111111010011111101110101100000010011010001
00001011001110101101110001001011101000001000101001010100010010000000011011101010000100000000110000101100001110110011101100001001011000001010010000101000000000010101001011101000101010010101111111010011111101110101100000010011010001
00001011001110101101110001001011101011110001101000110010001011010101011011101010000100000000110000101100001110110011101100001001011000001010010000101000000000010101001011101000101010010101111111010011111101110101100000010011010001
00001011001110101101110001001011101011110001101001010001010000011101011011101010000100000000110000101100001110110011101100001001011000001010010000101000000000010101001011101000101010010101111111010011111101110101100000010011010001
00001011001110101101110001011001101000000101100010110100001101000110011011101010000100000000110000101100001110110011101100001001011000001010010000101000000000010101001011101000101010010101111111010011111101110101100000010011010001
00001011001110101101110001011001101000000101101000010101011111010110111011101010000100000000110000101100001110110011101100001001011000001010010000101000000000010101001011101000101010010101111111010011111101110101100000010011010001
00001011001110101101110011011000000101011010010110110101011101100101111011101010000100000000110000101100001110110011101100001001011000001010010000101000000000010101001011101000101010010101111111010011111101110101100000010011010001
00001011001110101101110011011000000101011010011000010010000110100000111011101010000100000000110000101100001110110011101100001001011000001010010000101000000000010101001011101000101010010101111111010011111101110101100000010011010001
00001011001110101101110011011000000110100011010110100010111111011011111011101010000100000000110000101100001110110011101100001001011000001010010000101000000000010101001011101000101010010101111111010011111101110101100000010011010001
00001011001110101101110011011000000110100011011100110100001011100001111011101010000100000000110000101100001110110011101100001001011000001010010000101000000000010101001011101000101010010101111111010011111101110101100000010011010001
00001011001110101101110011011000000110100011011101110011100111101010011011101010000100000000110000101100001110110011101100001001011000001010010000101000000000010101001011101000101010010101111111010011111101110101100000010011010001
00001011001110101101110100001011101011110001101001010000111001011110111011101010000100000000110000101100001110110011101100001001011000001010010000101000000000010101001011101000101010010101111111010011111101110101100000010011010001
00001011001110101101110100011001101011111100101000110111001001110101111011101010000100000000110000101100001110110011101100001001011000001010010000101000000000010101001011101000101010010101111111010011111101110101100000010011010001
00001011001110101101110110011000000101011010011000110001011000010100011011101010000100000000110000101100001110110011101100001001011000001010010000101000000000010101001011101000101010010101111111010011111101110101100000010011010001
00001011001110101101110110011000000101011010011101010100000110111010011011101010000100000000110000101100001110110011101100001001011000001010010000101000000000010101001011101000101010010101111111010011111101110101100000010011010001
01000010111000000100101001001011101000001000100011010011000001101011111011101010000100000000110000101100001110110011101100001001011000001010010000101000000000010101001011101000101010010101111111010011111101110101100000010011010001
01000010111000000100101001001011101011110001101001010101011110100101011011101010000100000000110000101100001110110011101100001001011000001010010000101000000000010101001011101000101010010101111111010011111101110101100000010011010001
01000010111000000100101001001011101011110001101100010000001110101000111011101010000100000000110000101100001110110011101100001001011000001010010000101000000000010101001011101000101010010101111111010011111101110101100000010011010001
01000010111000000100101001001011101011110001101101110100000001011010011011101010000100000000110000101100001110110011101100001001011000001010010000101000000000010101001011101000101010010101111111010011111101110101100000010011010001
01000010111000000100101001011001101000000101100011010111011000110111011011101010000100000000110000101100001110110011101100001001011000001010010000101000000000010101001011101000101010010101111111010011111101110101100000010011010001
01000010111000000100101001011001101000000101101000000000111010000101011011101010000100000000110000101100001110110011101100001001011000001010010000101000000000010101001011101000101010010101111111010011111101110101100000010011010001
01000010111000000100101001011001101000000101101001010110001100011010111011101010000100000000110000101100001110110011101100001001011000001010010000101000000000010101001011101000101010010101111111010011111101110101100000010011010001
01000010111000000100101011001010000101010111010111110111011110111110011011101010000100000000110000101100001110110011101100001001011000001010010000101000000000010101001011101000101010010101111111010011111101110101100000010011010001
01000010111000000100101011011000000101011010010010110111000100101111011011101010000100000000110000101100001110110011101100001001011000001010010000101000000000010101001011101000101010010101111111010011111101110101100000010011010001
01000010111000000100101011011000000101011010011100010011001010100110111011101010000100000000110000101100001110110011101100001001011000001010010000101000000000010101001011101000101010010101111111010011111101110101100000010011010001
01000010111000000100101011011000000110100011011000010010001101101000111011101010000100000000110000101100001110110011101100001001011000001010010000101000000000010101001011101000101010010101111111010011111101110101100000010011010001
01000010111000000100101100011001101000000101100110010101011010101111011011101010000100000000110000101100001110110011101100001001011000001010010000101000000000010101001011101000101010010101111111010011111101110101100000010011010001
01000010111000000100101100011001101011111100100010010011011110000010011011101010000100000000110000101100001110110011101100001001011000001010010000101000000000010101001011101000101010010101111111010011111101110101100000010011010001
01000010111000000100101110001010000101010111011001110110110100110101111011101010000100000000110000101100001110110011101100001001011000001010010000101000000000010101001011101000101010010101111111010011111101110101100000010011010001
01000010111000000100101110011000000110100011011000010101001010000100011011101010000100000000110000101100001110110011101100001001011000001010010000101000000000010101001011101000101010010101111111010011111101110101100000010011010001
01000010111000000100101110011000000110100011011101110001000001000101011011101010000100000000110000101100001110110011101100001001011000001010010000101000000000010101001011101000101010010101111111010011111101110101100000010011010001
01001011111001111110101001001011101000001000100111000101101111010010011011101010000100000000110000101100001110110011101100001001011000001010010000101000000000010101001011101000101010010101111111010011111101110101100000010011010001
01001011111001111110101001011001101000000101100110010111011111011111011011101010000100000000110000101100001110110011101100001001011000001010010000101000000000010101001011101000101010010101111111010011111101110101100000010011010001
01001011111001111110101001011001101000000101101000100101101000111110111011101010000100000000110000101100001110110011101100001001011000001010010000101000000000010101001011101000101010010101111111010011111101110101100000010011010001
01001011111001111110101011001010000101010111010010010110001000000110111011101010000100000000110000101100001110110011101100001001011000001010010000101000000000010101001011101000101010010101111111010011111101110101100000010011010001
01001011111001111110101011001010000110101110010111010110011100101111111011101010000100000000110000101100001110110011101100001001011000001010010000101000000000010101001011101000101010010101111111010011111101110101100000010011010001
01001011111001111110101011001010000110101110011001010101010010000000111011101010000100000000110000101100001110110011101100001001011000001010010000101000000000010101001011101000101010010101111111010011111101110101100000010011010001
01001011111001111110101011001010000110101110011101010001000000100001111011101010000100000000110000101100001110110011101100001001011000001010010000101000000000010101001011101000101010010101111111010011111101110101100000010011010001
01001011111001111110101011011000000101011010010110010111000101111111011011101010000100000000110000101100001110110011101100001001011000001010010000101000000000010101001011101000101010010101111111010011111101110101100000010011010001
01001011111001111110101011011000000110100011010010010001010011011000011011101010000100000000110000101100001110110011101100001001011000001010010000101000000000010101001011101000101010010101111111010011111101110101100000010011010001
01001011111001111110101011011000000110100011011101010100000101001111011011101010000100000000110000101100001110110011101100001001011000001010010000101000000000010101001011101000101010010101111111010011111101110101100000010011010001
01001011111001111110101100011001101011111100101101010010001000110110111011101010000100000000110000101100001110110011101100001001011000001010010000101000000000010101001011101000101010010101111111010011111101110101100000010011010001
01001011111001111110101110001010000110101110010010100000111111101111111011101010000100000000110000101100001110110011101100001001011000001010010000101000000000010101001011101000101010010101111111010011111101110101100000010011010001
10100010001110101011010001001011101000001000101101010111001011100000111011101010000100000000110000101100001110110011101100001001011000001010010000101000000000010101001011101000101010010101111111010011111101110101100000010011010001
10100010001110101011010001001011101011110001100011010110011110010000011011101010000100000000110000101100001110110011101100001001011000001010010000101000000000010101001011101000101010010101111111010011111101110101100000010011010001
10100010001110101011010001001011101011110001100011110000011110010101111011101010000100000000110000101100001110110011101100001001011000001010010000101000000000010101001011101000101010010101111111010011111101110101100000010011010001
10100010001110101011010001001011101011110001100110010000000001011011011011101010000100000000110000101100001110110011101100001001011000001010010000101000000000010101001011101000101010010101111111010011111101110101100000010011010001
10100010001110101011010011001010000110101110010110110100001111011010111011101010000100000000110000101100001110110011101100001001011000001010010000101000000000010101001011101000101010010101111111010011111101110101100000010011010001
10100010001110101011010011001010000110101110011000110110001000111110111011101010000100000000110000101100001110110011101100001001011000001010010000101000000000010101001011101000101010010101111111010011111101110101100000010011010001
10100010001110101011010011011000000110100011010011010010010100111000111011101010000100000000110000101100001110110011101100001001011000001010010000101000000000010101001011101000101010010101111111010011111101110101100000010011010001
10100010001110101011010100001011101000001000101100110010010110100101011011101010000100000000110000101100001110110011101100001001011000001010010000101000000000010101001011101000101010010101111111010011111101110101100000010011010001
10100010001110101011010100001011101011110001100110110110010010011111111011101010000100000000110000101100001110110011101100001001011000001010010000101000000000010101001011101000101010010101111111010011111101110101100000010011010001
10100010001110101011010100001011101011110001101100110000001010001000111011101010000100000000110000101100001110110011101100001001011000001010010000101000000000010101001011101000101010010101111111010011111101110101100000010011010001
10100010001110101011010100011001101000000101100010010001010010110001111011101010000100000000110000101100001110110011101100001001011000001010010000101000000000010101001011101000101010010101111111010011111101110101100000010011010001
10100010001110101011010100011001101000000101101101010000010010010110011011101010000100000000110000101100001110110011101100001001011000001010010000101000000000010101001011101000101010010101111111010011111101110101100000010011010001
10100010001110101011010100011001101011111100101000110100011100011011011011101010000100000000110000101100001110110011101100001001011000001010010000101000000000010101001011101000101010010101111111010011111101110101100000010011010001
10101011001111010001010001001011101000001000100010100101101010111101111011101010000100000000110000101100001110110011101100001001011000001010010000101000000000010101001011101000101010010101111111010011111101110101100000010011010001
10101011001111010001010001001011101011110001100111110111011100100010111011101010000100000000110000101100001110110011101100001001011000001010010000101000000000010101001011101000101010010101111111010011111101110101100000010011010001
10101011001111010001010001001011101011110001101001010011010011000011011011101010000100000000110000101100001110110011101100001001011000001010010000101000000000010101001011101000101010010101111111010011111101110101100000010011010001
10101011001111010001010011001010000101010111011100010000010010000100011011101010000100000000110000101100001110110011101100001001011000001010010000101000000000010101001011101000101010010101111111010011111101110101100000010011010001
10101011001111010001010011011000000110100011010010010111010011011001111011101010000100000000110000101100001110110011101100001001011000001010010000101000000000010101001011101000101010010101111111010011111101110101100000010011010001
10101011001111010001010100011001101000000101100111010001011101101100011011101010000100000000110000101100001110110011101100001001011000001010010000101000000000010101001011101000101010010101111111010011111101110101100000010011010001
10101011001111010001010100011001101011111100100010110000000011000011111011101010000100000000110000101100001110110011101100001001011000001010010000101000000000010101001011101000101010010101111111010011111101110101100000010011010001
10101011001111010001010110011000000110100011010111010110010011001010011011101010000100000000110000101100001110110011101100001001011000001010010000101000000000010101001011101000101010010101111111010011111101110101100000010011010001
10101011001111010001010110011000000110100011010111110110010111101011111011101010000100000000110000101100001110110011101100001001011000001010010000101000000000010101001011101000101010010101111111010011111101110101100000010011010001
11100010111001111000001001001011101011110001100110110000011111001100011011101010000100000000110000101100001110110011101100001001011000001010010000101000000000010101001011101000101010010101111111010011111101110101100000010011010001
11100010111001111000001001011001101011111100100010010000001000101100011011101010000100000000110000101100001110110011101100001001011000001010010000101000000000010101001011101000101010010101111111010011111101110101100000010011010001
11100010111001111000001001011001101011111100100010110111000101110010011011101010000100000000110000101100001110110011101100001001011000001010010000101000000000010101001011101000101010010101111111010011111101110101100000010011010001
11100010111001111000001001011001101011111100101001110111010100101011011011101010000100000000110000101100001110110011101100001001011000001010010000101000000000010101001011101000101010010101111111010011111101110101100000010011010001
11100010111001111000001100001011101000001000101100100100111011100000111011101010000100000000110000101100001110110011101100001001011000001010010000101000000000010101001011101000101010010101111111010011111101110101100000010011010001
11100010111001111000001100001011101011110001100011100100100010011010111011101010000100000000110000101100001110110011101100001001011000001010010000101000000000010101001011101000101010010101111111010011111101110101100000010011010001
11100010111001111000001100011001101011111100101001010110000000010100111011101010000100000000110000101100001110110011101100001001011000001010010000101000000000010101001011101000101010010101111111010011111101110101100000010011010001
11100010111001111000001110001010000110101110010111110111011100010110111011101010000100000000110000101100001110110011101100001001011000001010010000101000000000010101001011101000101010010101111111010011111101110101100000010011010001
11101011111000000010001001011001101000000101100011010010010111100110111011101010000100000000110000101100001110110011101100001001011000001010010000101000000000010101001011101000101010010101111111010011111101110101100000010011010001
11101011111000000010001001011001101011111100100010110110011111000101011011101010000100000000110000101100001110110011101100001001011000001010010000101000000000010101001011101000101010010101111111010011111101110101100000010011010001
11101011111000000010001001011001101011111100101001010000011111100111011011101010000100000000110000101100001110110011101100001001011000001010010000101000000000010101001011101000101010010101111111010011111101110101100000010011010001
11101011111000000010001011001010000110101110010010010010011010101110011011101010000100000000110000101100001110110011101100001001011000001010010000101000000000010101001011101000101010010101111111010011111101110101100000010011010001
11101011111000000010001011001010000110101110011101010011001110010001111011101010000100000000110000101100001110110011101100001001011000001010010000101000000000010101001011101000101010010101111111010011111101110101100000010011010001
11101011111000000010001100001011101000001000100010100111111000101001111011101010000100000000110000101100001110110011101100001001011000001010010000101000000000010101001011101000101010010101111111010011111101110101100000010011010001
11101011111000000010001100001011101011110001100110110110001010111101011011101010000100000000110000101100001110110011101100001001011000001010010000101000000000010101001011101000101010010101111111010011111101110101100000010011010001
11101011111000000010001100001011101011110001100111110111010010111000011011101010000100000000110000101100001110110011101100001001011000001010010000101000000000010101001011101000101010010101111111010011111101110101100000010011010001
11101011111000000010001100001011101011110001101100110010000101000111111011101010000100000000110000101100001110110011101100001001011000001010010000101000000000010101001011101000101010010101111111010011111101110101100000010011010001
11101011111000000010001100001011101011110001101100110111011100110000011011101010000100000000110000101100001110110011101100001001011000001010010000101000000000010101001011101000101010010101111111010011111101110101100000010011010001
11101011111000000010001100011001101000000101100011000101010111011011011011101010000100000000110000101100001110110011101100001001011000001010010000101000000000010101001011101000101010010101111111010011111101110101100000010011010001
11101011111000000010001100011001101000000101101100010011011011001111011011101010000100000000110000101100001110110011101100001001011000001010010000101000000000010101001011101000101010010101111111010011111101110101100000010011010001
11101011111000000010001100011001101011111100100010110010011100100111011011101010000100000000110000101100001110110011101100001001011000001010010000101000000000010101001011101000101010010101111111010011111101110101100000010011010001
11101011111000000010001110001010000101010111011100010001010101001011011011101010000100000000110000101100001110110011101100001001011000001010010000101000000000010101001011101000101010010101111111010011111101110101100000010011010001
11101011111000000010001110001010000110101110010010110101011100010010111011101010000100000000110000101100001110110011101100001001011000001010010000101000000000010101001011101000101010010101111111010011111101110101100000010011010001
11101011111000000010001110001010000110101110010011110010010111110101011011101010000100000000110000101100001110110011101100001001011000001010010000101000000000010101001011101000101010010101111111010011111101110101100000010011010001
11101011111000000010001110011000000110100011010010010111001100011110111011101010000100000000110000101100001110110011101100001001011000001010010000101000000000010101001011101000101010010101111111010011111101110101100000010011010001
11101011111000000010001110011000000110100011011001010000000011101000011011101010000100000000110000101100001110110011101100001001011000001010010000101000000000010101001011101000101010010101111111010011111101110101100000010011010001
