00001000001001000000100000110000010000000010000100000100
00000000001000000000000000000100000101100010000000000011
00000000001000000100100010010100101000111000001100000110
00000010000010101100100010001000001000000010010010000001
00011000001100001110010111001000100000010100001010000100
00010100000010000011001001111000000100010010000000001000
00010000001000000100101010010000000000100000010010001000
00000000000000100100111000011100110100110010010000000000
00000010000010010001001010010000001000001100011000010000
00011110011100001010101000111000010100110110110100010010
00110100011110001110010100000000000100000000000010001011
00110010011000000001000000100000000000001000110000011000
10010110101111000001000001101001000000100000000100000010
00000010101101010111100100111000000100000000000010000001
00001100101100101111010111101000011100000110010000010000
00000000100000110001001010010101000001100000000000000010
10100010100001000000010010001001000100101000010100010110
10111000101001010100110010100000001000000000000000000000
00000010000001000001000100000000100000100100000010110000
00010000011000001000001000010000000000100010011000101000
00001100000100010011111000100100010001000000100000110100
00010110000110100000110100001100000100000010000001001100
00110010011000100001000000000001100100110010100111001111
00110000110100000001000000001100001100010000011001001000
00100100100111101011001000110100000100000000001001001100
10101110110111110000110000011000000000000010100001110010
00000100000100000000000100101010000100010010000000000000
00010010001011000100010110001010000000000000000100000111
00000000000000001001000000100010011100010110001010001101
00000100010010001000000100000011000000000000000100001010
00010100000000001100000111011010111000111000000000001000
00010100001010111000010100000010000001100000010100001011
10010110001011000101100010000011010001111100111110011111
10100000000000000010000010000010000000000100010010011000
00001010100010000001000000101010010000101100010010000001
00001000010101011001101010010111100001000000100001010000
00100100000000000000100100010010010000010010000001000000
10001100001101100110000111010101010110010000011000001100
00000000100000011000001100101010010010000100000010100110
00000000010000001100011100001000101000001101000000100000
00000100000011000000100000110001101001110001101000110010
00100000010000000000000000000000100000000001011000111000
00000000100010100001000000100100010100100001000010100100
10000010100001010001001000010000110000011001001101000110
00001000001010011101101101110000001001000101100001100100
00000000000100000010110001011010100101000011000010001001
00011000001011000011100010100000010110011001110100011110
00000100001001001001001100000101010110000001100010000100
10010000011000000011010001000000000010000011000001101001
10100000010000001000001000000000000011000001101001110100
00100010001001001100101100010110100110000001000010000101
00101000001000000010000000000010100011000001101110111110
00100000010001101000001100000110000011000001100000100010
10111000111100000100000110000110110110011001001100100100
00010110011110011011001010000011010011011101000011001000
00010110111010100001110000110110000011000001110101010000
10000000011000011100001100000110001010000001001001100100
10000001000001000010100001100000000000001000000110000010
00000101000100110010001010000000000000000000001100001010
00001111000110100001100000110100000100000110101110000111
00000001000000100010010001110000011001001000110000110000
10011001001001000100100110010100001000000000101001000101
00000001000100100010010011000000100010000000100000010001
00001011110000110000010001011001100010110000000010000000
00100001100000000010000011000101000011000000001000000000
10001011000110000001000001010000000000001001001101001110
10000011000000101010010100011001000000000001010001011001
10010001000001110000111000011000000000100011000001000000
10100011100101110011100001100000010000101001010001100001
00010001010000101100000110000011000000010001111000001100
00011001001010100000010100001110011011011101011010001000
10001101001101010000111000010110000011001001000110000000
10100101100100010111001111100011011011001001000000010000
00000001010000000010100100111110010110010011000001000000
01000010001001000000100000010000001100001110001100010101
01010000001001010111101011110001110100110000011000001000
01110000010010001000000000000000100000110000010100001010
01111000011001000100100001100000110001011000100100000000
01100000100000110010110001011000001100000010000010000001
11011010101001000100110000001100010000001010000011001001
01000100010101001111100111110011010001110110010010100011
01010100111110010111010010100011110001110000111100100010
01010000110000011000010000000010001010101100000100000000
01000000100001000100001010000111000011100100111010111000
01000000001100010110100010110001110001010011001110101001
11000010100011010001101000101100010100101101010111110010
11010100100011010001000100110010011000001001100101100010
01010010000001000000100001000000100010010001100000110000
11011001011000000100000100000000001000000000001100010100
01000001000000100011100001101000101100011110001001001000
11000001000100000000001010010001111000111010010001010000
11100101000100100000000010010100011000001000001111010011
01110101111000110110010001111000111100011010010111011010
11100011110000011000101000010100000000001000100011110011
01100001110000011010011110001011100100100000001100100110
01000011000101000000001000001000001010001100010010001001
11111111110100001010101010010011000000110001011000001011
11001111001101100000010100110010100100100001010010100001
11110101001000100110010010000101000111001011100101101110
11011101011100011000101000110110010010010011000011101011
