00000000000010000110011000001000110000111100001100000010
00000000010100000000000011001100000011110000001111001111
00000000101100110100011110010001010000010100011000000111
00000000110000011100001010001100100111010010100100010000
00000010000001001101010000010000000010100001101010001000
00000011010101101111100101000010110011101000110110000111
00000011011100000101101000100110010010111011000110000001
00000100000011000100001010011001100111000100101000010010
00000100100100110010010000001100111010000001000000000000
00000101101101001001001110000110000000110011011001101001
00000101101110111100001001010010001011100000100010000001
00000101111100000001001100011000010000000011000110010001
00001000000011100000010010001001001100000001111100111010
00001001000011011100011011010000001001100010110100001000
00001010000000001000111000000110110000010000011010001011
00001010000001000000001001000001101001101000100000001001
00001100000000000011010000001001100100000000000101011000
00001111000100100000010010010011011100000000100000010011
00010000001001011010100000011111000011001101000010110111
00010000101100010010010000000100010110100010010001011011
00010001010010001100000010000001111000011100001110000111
00010101001101111100010001000110100100000001010000001101
00011000001110011101011001110000110000111111110000001010
00011010010111001110000001000011001001011011111010110001
00011101000000100000001011010011110001111000000001011110
00100000000001100000110001100000010000000111101110000001
00100000000100001000001001000110100000111001100001111101
00100000000110100001100010100000001000110011010110001101
00100000100010010010101110110111011000001111000001011100
00100001110000111101110101000000110110001000000111110001
00100001110000111111101111110000011100010010111000011000
00100011110001111100001100011111010101010000000011101100
00100101000000101001101111110010111101000011000000011101
00100110011101101100100100000010000000000000011001000001
00100110101000111100000010000010110001010001000010100001
00100111000110100001101100111101101111011110100010000000
00101010001101011110010010010100000010000110111000111001
00101100011000001110000111000100001110111000011101100000
00101110010111101000100000011111100101100010001100000000
00101110100110001000000000000111110011000010011001011000
00110011000011100010010001011000110100000000000000000000
00110111000101001011000001000010100000011000000001100001
00111000100100000110011010001001001011000111111010110010
00111010100011000001100000100000000000100000000000000100
00111100011001111101010110001100011110000100110011001001
00111100011100010111000000101001010100110110101001101111
00111110000010000010101101000010100011010000010000000000
01000000011010001101100001100010110001001100001110000010
01000001000001101100001000000011000000000010001010110100
01000100000011000000100011110000000000010000000100000110
01000100001010111010001101100010100010000001100000000110
01001000011001001100100101100011011100000001010010001101
01001101001000001000001100110110100000000111101011000011
01001111000001100000000001001110101000000010001100001111
01010001111000010010101001001110000110000101100111100000
01010110101101010010101101000000000000111100010110111110
01100000001011011010001000000010100110011000101001000000
01100000100000101010101101000011011101000110001001000100
01100000111010100111110101011100111000001000011000001010
01100001111110111100000100000101110010000101001100110010
01100011111000011100010000000111100000001011000111011101
01100100100101110100010000000001100101000111010010000000
01100101000011100110010000010000101101100110100011000001
01100110111000000111100000001100101110000011100000010110
01110101000000011000001111001000001000001010000100011000
10000001000010100110111011010101110000111001011100100000
10000001000110100011101010001101001011001101100111010010
10000001101110001111100000001101000110001111110100000000
10000001101111000011010111111010000100110001001010000001
10000001110100101001001100110110000111001101100110000001
10000010000000000000010110111000110111000110111000100011
10000010001011000000100010000001000100100010001101000001
10000011000001101011100011101110101101011000100000000010
10000011110011000011110000100000110100100100011010000000
10001000000100001000000110100101001001111010001100000010
10001001010100000110001110101111011011001011111110111011
10001001111010001101000000100010101000110100110100000110
10001010000100000100100100110011001100111100010000000011
10001011100011011001100110001100100000101010011110101010
10011001001000110110001100001110000111001001000001000010
10100001000001001000001110100011110000101000000000001110
10100001010000000000010000100110100111001111011110100010
10100101010010001010000000001001001011010001100000000100
10110001101000110000001000100110011111000000000000111100
10110010100000011111111000000000000000111010011110100011
10111110001000011011010000010011000000000010100000001101
10111110100001011000100101010000100010001110110110111011
11000001010010001001011001001110000011110000000101100001
11000001111101111100001001100111110011100100101110011101
11000010001100000010010110101000100011110000011100000100
11000111110101111100001110001100001010100011110011000011
11001011110100111110101000001100110001001100000000001110
11001101000110100100010000000000000000111000011110001110
11010011111101001000010000001000011101001001010100000011
11010101000000001101011110000010100000010010000010111000
11100000000000010010000111000000100000100001000000000000
11100000010100010100000010101100000011110000100000001000
11100001101110111100100101110011000001100010000111100000
11100010011111010111111110010100000010011000000010010000
11101100000111111100100110011000001001110100000010000010
