00000000000000000000000000000000000000000000000000000011
00000000000000000000000000001000000000000010000000000001
00000000000000000000000000001111000111100111110011111001
00000000000000000000000000010000010001111000000110000011
00000000000000000000011000000000000000000000000000000100
00000000000000000100000100000000000000000000011000000100
00000000000000100000011000000110000011100000100000000000
00000000000000100000011100111111111111110101000001100000
00000000000000100100000110011000001000001100000000001000
00000000000001001100110000010000111010111101111111111111
00000000111110001101010010101001010001100000100010000000
00000001000000000000000110001111001000110000111110001101
00000010000000000000000011110000010100000000000010001000
00000010000000111011001101100000000000000010000111000010
00000010000001000000010000000000100111011011001000001100
00000011100000011100000110000000000000111100000000000000
00000110000011000000000000000000000000100000010000000000
00000110000011000000000001100000110000000000000001000000
00000110000110000001001000101110010111000011100001100000
00000110001111000001100000000001001001100000100000111000
00001110000011001000000000010001111111110011000001110000
00001110000110000011000001000000111000111100011110000110
00001110011111001001110101110011000000000010000001000000
00001111111111011111101001100100100111100011100001111100
00010001000010111110011110011111111111111111111100110000
00011000001110000011000000000111100110001100011110100011
00011010011111011111111111110011111001111100111110011101
00011011111111001100000110000111000001100000000000000000
00011100000011100001101110000111100011101001010110100011
00011110001111001100101110010111100111111111111111111010
00011110011010001101000110001110000011110100000011000000
00011111001111100111100011110011111001111000111110001111
00011111011111110111111111111100111111111110111111111111
00100000001000000110000000110000111000000000000001000000
00111001000101100111010000100000000000000010000001111101
00111110000110000000100000010000000000010000011100000010
00111110011011111100110011011101110111110000011000000001
00111110111111110000100000000000111001011111111111111111
00111110111111111100111000000001100111100110011110100111
00111111110111110011111100111111011111110101111111111100
01000010100001010000101100000011110001110011000001100001
01000100111110111111111111111111111110001111100110111111
01000110000000001100000001100100111000111111000101111010
01011000100100111111011111111111111111101111111111111111
01100111111110101111000001000000100000001100001100011110
01110010010000101010111101110111110001110000000000000000
01111100111111111111011111111111111111001111111111110001
01111110001100001100000100101011111000001100010000001110
01111110111110110111110001111000101111000111100111111101
01111110111111111111111111011111101111111011111111111110
01111110111111111111111111111111110111111011111101111100
01111111111001111100011110000111000111101111111111111110
01111111111111111111101111111111111111111001111101111110
10000000000000000000000000010000111000011111111111011110
10000000000000000110000001100100010010000000001001000011
10000011000001000001100000111100011111101111011111111000
10000110000011001111110011111000111100001110001001111100
10000110011011010101110011110000111000010000011110011000
10001100001111100001101110101100000111100001110011111011
10011101001100011111011111101011111010111100010000000000
10100000011000010000011100001000000100000000000000000000
10100001110000111100001000000000010001110011000000100000
10101101011111001100011000001000000100111111100100111110
10110001011000001101101111110110111011111000010000001101
11000001100000111000011110001111000101101000000100000001
11000001111100111100111100011110111110011111001111111011
11000010011100001000011111111111100111100011110001111010
11000101000000110000001100000100000000000001000101010110
11000110000111000011000010000001000100000010000001000000
11000111100110110000000000000000001000000000000000000000
11001111000111000011100111110111111010000111111111111111
11011101111000111111001111111111111111111111111101111110
11100001000010000001100000010000000000000111100111111111
11100001100110110110011000001000001111000000000001000000
11100001110000110000111111111111111101001111110111111111
11100001110000111110011111101111000111101111111011100110
11100001110001101000010000001100000100000000000000000000
11100011100000110000111001011110001011111100011011101101
11100011111000111000011111111110011111100100001000010001
11100111010111101111101001100000111000000100000001000000
11101111110011000111100111111101110111010000111100011111
11101111110011110011111100001110000111111011110111111111
11101111111111111111111111100000000000010001111110111111
11110001111000000110011011101111110110000001111000000000
11110111111001101111100101110000111000000101000010011111
11111001111100010100001110000110000001000000110000010001
11111001111100111111000000000000000000000000010000000000
11111010110011011100011110011110000000100011101001010101
11111101110010111111110010000001100000100000000000000000
11111101111111110111111001111100001111100111110111111001
11111110011111001111111111111111111001001111110111111111
11111111011111001111100111110111111000111011111101111111
11111111101000110111100101000010101111110100101001000100
11111111111011110000000011111111111010111101111110001111
11111111111110111111010001100101111011111111111111111111
11111111111111111001111111111111111110011111000111111111
11111111111111111011111011101001011111100111100111110011
11111111111111111111101101110110011110011101011010101001
11111111111111111111111011111111111111100111110111111111
11111111111111111111111111111111110111110011111111111111
