01110000000010000010001011100000011000001010101001101111
01001000000000001001110010010000000101110110111101100000
00100100001000000000110100100000100110011011101000000000
01110000001010000000011000111011110010001001001101011000
00000110001010001000100100010011001000000101111001001000
00100100001000110010100100110010100001111011000010101010
00100100001000010111111001110110000010110010010000000000
10100100000001100000000000101010011000111011000110101010
11100100000011100000101111111100001010000101010011101001
11100100000111000000100010001100110000000000010100011000
00110110000011110001000110110011100011111010111000001010
01001110000011110010111000111001110110011100101001111010
01100000000011110111100011111011001000011000100111110110
11001110000011011111010000110010000001011110010010001001
00101110000111110000000101000001011000000100000100111011
00000100001101100001011100000001001100110000000010001111
01110000001101000100010010101100111010001110000111000111
10001110001111101111100111110000000100100010000011000001
01000110001011011101111101111000100010111000010100000010
01100010001101011010001010101100001110110110100111001001
11000111000010000111000110100000111000010101110000101000
10011101000010000100101000011000001111001011100000011110
00110001001010001101000000110011001111001011001001011000
00100111000001100111110000011101010100001011100000000000
11011111000001110101111000110010000101101101000010001111
00001001001011000010011010011000101100001110000111000000
01111001001001001101100000001010010010111001001011101110
00111111001111000001110101011000001001011100101111001011
10010011001001010011100000011111111110101111000001000110
10111101001011010000111010000011000000110100111110111100
01000011001001011001101010100010111001111100000101101001
00101000010010001010010000101001000101111111011001111100
01001000010110001001011000100011100011110001101110100011
00111010011000001000100101110000111100100000101011010010
10000000011000101010001110101011010010010000011100000011
00100010011010101110011010110010101001011100001100000001
00101010011000010100101100010100011110000011001000101001
00111010011000011000101011111101010000010000011001101100
10011010011100010100001011001111101111011110000111011000
10110000010011110101100110101110111100010111101010100000
11100110010011111010101101011001111011000111000001001110
11101010011001000010000000000000101001001001110100001010
01110010011001000010100010000100010100101010000110000011
11111000011011001101100000110010010110010000011100001100
11100100011001110001101001111101110101011010001101110101
00101010011001011010101100011101101011100000001110100011
01110101010000000000000111111111111001101101011110001111
01000101010100100000100000101110100110100110101111000011
00111111010010110000101011100011100001110000101100010111
10000111010010111000000000101011010010101011000011111111
11110001011000000000011110110100111110001110100001010011
00001101011010100000010010100000110000001000011111110010
11110111011000111001100000000010000000000100000001110101
01000001011010111101000011101011010100001111001101101101
11100000100010100001011010101100101110000110000010000000
11000100100110000101110000011011110101001100001110010011
10101100100000011010001000011001001010100100100100010101
01011000100000111010101000000100011010001110100001001011
01010110101000000011111011100000111000001010100011101111
11001000101100000000000010101011100011011100110100000100
10000010101010010011111010000100101000011011100010100011
10001010101010111110111011100101100110111010001000111010
10100010100011000000001111010011111100001011011000101101
10011100100011101010100001011010111010001000000011100101
01011000100111101001110000000000101000001010001010101001
11010110101001000001111001010000111001111011000111111111
11100110101011000111011011010010000101000011100000011011
00001100101101000100001110100101110000110011101110100011
10100110101011111111010100001001011100010011110000001000
11011111100000001000001000011000010001100000001100101010
11110101101010100010010000101110110011111111101000110110
11000011101100000001111000001001000101010001111011111011
10010001101100101110111111010010000111100110100011011100
11010111100101100111101101101001011001000010001001110111
11000111100001110100011001110001111100010100000011001001
01111001101011110000100010000010000000010000101110000101
01110000111010010001110111000000000110011110110110110100
01110000110001000011111110101000010001011110100110011000
10010100110101011100011011111011111000010100001000001111
01110100111011100110010101000101001110100000000111010011
11100000111001001010001110111011000010110001101111111001
00001110111011101000111010100010111000101111001100011011
11011110111101000010111000000010110100111010100010001000
11101000111111101001110000111100101110000100000100010001
10100111110000101100100101000010001001010000011010010000
10101001110110000001101100010100111100001001001000000110
10001101110000110011111110110000000100010011110011111001
00111111110010010011010111010010000111111100100100010111
11101001110100011000010100000110010011110100100000111110
11101101111110000011001000010001100010110000010001101011
11111001111100001011101010000011000001000100001111100001
11010011111000010000101101010100111100100111101110111110
11111101111100110101000000100001111001010011100011011010
01011011110011000000111011110101000010011110100011101010
11110101110011101001100000111011000110000000010101011011
11111101110001111001111110001001011110110010101100001010
01110001110111010000010010110111100000101000001110111100
11110011111011000010111000111100010110101000010000011010
00010111111001110000010110001100100101100010100111001000
00101101111001111111010011111010101101010100011001001100
