00000001101101011000110000101010010101111010000011100110
00000011111000011011100110111011111010011111111111001111
00000100011111111110010111100010101010001100000010100010
00000101000000001011111111011111111001111110010110101010
00000101101000011101110101100111001011011101101001000100
00000111010100111110100111100010110011101100011011110101
00001011111001111001001010110101011100101100001111100110
00001100001100111100101110101111001001111011010001000001
00001100100101110101110001011100011101100010110110101011
00010000100010001111010111100010010110000111111110001100
00010001011001001100010000111101000100000000000010010000
00010010101100011011001001100100110001011010011100101100
00010100000101000101111101101100111110100010010011001011
00010110110101000001100100010110110100011100000100101110
00011110100110000100010110001001111000001011110111011111
00100010100001100000010000010000100011000110001000000001
00100011010111010010101001011101101101101100111010000000
00100011101111011001011000010000001110000111010001001111
00101001011100101000011110110010100111110111101001010110
00101001111111010011011111110100000000000101100100000000
00110011010110000101011010100100111110000011011000001000
00110100000010100100111010010111101001010100100110100101
00111100010101100010111011000000000111011001000101100011
00111100111011100011100100101001101010011110110001110000
00111110010111101101110001011110001101010101001111100101
01000001000101111101011101010000001001010011111010011011
01000010000101000100111001010111101010010111100001110000
01000010111001001111000010001100101000110000001101000011
01000100001100111001100111001000110111111101101001011000
01001000000011010000010001011000110011000111100000111000
01001001001000001111110011010111111110111101010011000001
01010010000011100011110110110000001001010101010101101111
01010100101110110111000001110100001110111100101111110011
01010111111111001110000011100000111000011011110111110010
01011000001011010100010011000011111000111100111001001100
01011011100011110001001000011111011111100010010001110010
01011101101111100011011110101110000110100110010001100001
01100011000101011101101101111111100010001000100101000011
01100110011000111101110011000000101101111101100110010111
01101000111100100011111000111001001010001100111000111000
01101110001010010110100111000001001000001111001000001100
01110000001000011011011111101111010101111101001000111100
01110011010110010010100101001100100011101110111010010111
01110101110111001111001110100011101100000110111100001111
01110111111101101101010100011110001010011111010011110111
01111010110101000111100111111000100100001110010000111100
01111101100010111011000100001111111000101110001101101111
10000001111101001110100011000101101010111111111100011001
10000100011111110010111101001111101111001000000110111001
10001000111110101001110001110011110010001101100001110010
10001010011110010111011001000000111100001110001001100010
10001010111000110010000010101000110100001100100101000010
10001010111101001110011000000000000000000000101001100001
10001011110000010000101111110000101100110001110010000011
10010000001000000000000000101101111001101001000001110101
10010000100011111101001100100111111110101010101101010111
10010100010110101000011010000010011000111101100101101100
10011101001000000010011101000010111010101001111101010001
10100000101101010010000011101101110100101100110100011010
10100010010000011111010001110111001011100101111010101111
10100011110011011011001011110111111000011001110010001101
10100101111111100110111110000000010011110000111111100001
10100110000000111100001100000100101110110101010110010111
10100111010011001101110000001111100111001100001010010001
10101000100101011111101010001100010010010001000110110101
10101100000101010100100001110010101111011100010110001010
10101100111011100110100011010111000101111011001111110101
10110000011100110001101110000010001001110010011001010100
10110110000000111100011000111010100100010010010100001011
10111000111111100111001110001100110101010100100011011110
10111010001101110101100111000100111001011010010001100011
10111010110111010101111010100000000100000000011000111111
10111010111011111101011100111101010110011100110011010110
10111100001000001001100111100100010111001011101010011110
11000001110111000011111100001110010010111001110100010010
11000010000010110001001111100100000001110100100101000101
11000101011100110100111111010101110011001001010000011111
11001010010010011011011111010000001010110011000110011100
11010001001000011110001001100101000101110110001001110011
11010010010110010101011011100011000011100110110101001100
11010110101110001100111110001011110001110110111010010001
11010110110000010001010010101000001111111111111100101010
11010110110111001000011101011100110011111111101111100011
11011000100001110110101011000001000001010010001001101111
11100100000011001111000010111111100011011011111100000100
11100110000001011000010001110101110100110000011010000101
11100111111100011100101010011001110001011010000011011100
11101000101100100100101110010001111011111001100100100001
11101010010101011010100100101111000111101100001110010110
11101010111101111100100010110110110100000011010011110011
11101011101110010100011101010011010010010001010011001011
11101100010001000010010110110010001000100110010101110011
11101101100001010001010111100101111000011100000000101110
11101111000110110100111010011000111110011001100111101001
11110000110100000100100011001011011110001100101101011000
11110011101101001101000010000000110101110110100010000011
11111001000000111111000011010010101110001100001001101001
11111011011111101001011110110011110001001000001100111111
11111110000010100100110111110000011100111100011000011000
11111111000101011001000100000011011001100111000111001000
