00000000000000000000000000000000000000000000000000000000
00000000000000000000000000000000000000000000000000000000
00000000000000000000000000000000000000000000000100000001
00000000000000000000000000000000000000000000000100000100
00000000000000000000000000000000000000010000000100000010
00000000000000000000000100000000100000000000001100000011
00000000000000000000000000000000000000000001000000000000
00000000000000000100000001000000000000000000000000110000
00000000000000000000000000000000000100000000000000111000
00000000000000000000000110000010100100111001011111000100
00000000000000000000000011100001011100010110011011100100
00000000000000000000000000101100001000100000000000000000
00000000000000000000000000001000000100010000000000001110
00000000000000000000001001001110110000001000001000000110
00000000000000011010000101110000010100000000000001000110
00000000000000011000000000000000000100000010000100000010
00000000000000010000001000000000000000000000000000000011
00000000000000001000010000000000110001000000000001000000
00000000000000000000010000001010000110100000000010000001
00000000000000000000010000001000000110000001010000111000
00000000000000001000010000001100000000000000001000000100
00000000000000010000010000000001001000000010001001000001
00000000000001000010100000010000000000011010000000100000
00000000000010000100000010100000000000000000001100000000
00000000000010000001101000000000000100000000000100000111
00000000000011000001100100000000000000000000001100000000
00000000001000000010000001000000000000000000000000000000
00000000001001001001000010010001000000010000000000000000
00000000001001001010000000010000101000001010001001000100
00000000001010000010010000001100100010000000001000000000
00000000000000111000011000000100000000000000000000000011
00000000100100001110001101101100001110001000000010000000
00000000101000000111100011110000010000001000000000000000
00000010000000010000100110010010011100000100000000110000
00000010000010000000000000000000000000100100011110001011
00000010001111000010010000001000000001110000111110000111
00000110000000000000000000000000000000000010000001110000
00000110000000010000101000011011100000001000010110000011
00000110000001000000000001000000011000000010000001100000
00000110000011000000111000010000001100000110000000000010
00001010000111000010100000000000000000000000000001100000
00001110000111000011100000001001100100011000010000001001
00010000001000001100000000000000000001000000100000000000
00010000010000110000011000001000000001000000010000010100
00010000110010011000000100110000001000001000111110011000
00011000000000000000000000000000000110111111011110010000
00011100000100000000000000000000000000000000011101110000
00100000001000100000001000000011000001100000111000001100
00100000010011001100001100000010000100000100001000000101
00100110000011100000000000000000000000000000000000000110
00110000011100000100000000100000100000010000001000101000
00110000011000111110000000000000011000000100010010010000
00110110000000000000000000000000011000001100000000110000
00111000111100000100000001000001100000010000001000000000
00111100110000110000001100000000000000000011001001110000
01000000000000000000000100001100000000000000000000000000
01000000000100001100000010110000011000111000011000000100
01000000100000000000000000000000000000010001111000011101
01100000000000000000010000001000001000000000001000000000
01100000000000100000010000000000000000000000000000000000
01100000100010010111001000001100000000000000000000000000
01100000110000000000000000100000000000001011000001101011
01100000110000011100000000001000100100000010000101000010
01100000110110001000100000110000000000000000001000011100
01100110000011000001100000000000000000010010000100001001
01101110010000000000000000010000001010000000000000000000
01111000010000010001100000000000000000000100100010100000
01111000100100000000000000001100100110000011110101100000
01111100011110101100001110000100000000000000000000001100
00000001000000100000000000000000000011000000000000001001
00000001000000100111100110101010001000000001000001110000
00000001000000111000000100000010000000000000000000000000
00000001000000110000011100001001000000100001010000000000
00000001100000000000000000000000000111010010111001011100
00000101000100100000010000001110000010000011000011100100
00000101100010110001100000100000110000010000000010000011
00001011000000100000011000001100000100000011100001000011
00001101000000011000010000001111000100000000000000000000
00011001000000000000011000001000111000100100111110011111
01000001000001000000100000001000000100001000000100000110
01100101110001000000000001001001000100000000000000000000
01110001011000111100000100011110001001000000000110000000
10000000000000100000000000000000000000001000000110000111
10001010111001101110000000001001100101100000000000100000
10100000000000111000000000001000000110001010000001000001
11000000000000000000000000000100000010000000001000110100
11000000010000110100011100010110101110000100110000111000
11010000000010100000010000000000000001000001110000111000
11110000110000111001011000101000011100000000000000000000
11111000011100100000000000001000110000000000000000001100
10000001000000000000000000000000010000000100000001100000
10000001000000100000001000000000000100000011000001000000
10000001000000100000010000000000000000001100000011010001
10000111000011000000000100000111100011100000001010000100
10001001001000000000000110100110000010000000000010000010
11000001100000000010000111001110000100000000000000000000
11000001100000011100010100010001000000001000000000000000
11000001100000110000010000001000111100011110010001000000
11011111001010110000000000001100000000001000000100000000
11110001000100000010000000000001000001101100000000000000
