00000010000010000001000001000000100000000000000000000000
00010110000010000001000000000000010000001000001000001110
00011010000010000100100000100000101000010100011100000110
00000000000000000000000000000000000000000000000000000001
00000000000000000000000000000000000000011100000110000111
10000000000000000000000000000001000000000000000000000000
00000000000000000001000011000001100001110000000000000000
00011100001100001001100000100000000000001000010000010010
00000100000100000000000000001000000100000100000000000010
00001100001100001100000011000010000001000000011000010110
00001100001010000001001100000011001000000100000110000010
00000000000000000000000000000000000000000000000001000000
00001100001110100110100010010000001000001100001101000100
00001110001111100011100111110001100000010110000011000001
00000000000000000000000000000011001001001001000101000000
00001000001000010100011000000001000000100000011000001100
00001100001110110111010011011011000001001000000100000110
10010011000000000001000010100000000100100110011110000000
00000001000000100000000000000001000001000000000000000000
00000011000000100000100000110000001000000100010010001001
00000001000000100000010000010000001000000000000000000000
00010001010010100100101100111110000100000110000011000001
00010001010000100110000111000000100000100011000000000000
00011101011001110000001000001010001001000110000100000010
10000001000001110000011000010000000000000001000000000000
10010101011000010100001011000101100000100011010001001001
11010000001000000101010001000000101000000101000010000010
01011101011100000110100010100010000001000000001000001000
11001001000001100000000000010000111000010110011011001010
00111000011100010110010011010000110000011000001000011000
00101001001000100110000000010000010000100100010001010010
10100001010001111010001010010101001001100001010011000001
01101101001100011010001100000000000000000000000000010000
10000111100010101011101001011100100100001001000111000011
10000111100110111011110011110000011000001010011001010100
01000001100010111000001000011001001100101110010111010001
00110010111001111100011111010010001000001000010000011100
10111011111001010100011000001100000100000010000001011000
01110101100000100000010000011000101100010110010000001001
01100101110001111010111000101000001000010100001000001100
00001110000001000000100011001100000110001100000110000011
00010110010110000010100000100111000010100000010000001000
10000100001001000110000010000100000010000001001000000001
00011000001000010101110001101110011110111111011101001001
00001111000110100000000100000110010010000011011001011101
10001101000100100010010010000111000110000001000001000010
01010111000110010010001010011110001010001101010100001000
00010010101001010100101001010000101010010101001001001001
01001010100101011010001010011110011111011111000100000101
01011110101110010010010010001100001110001101000110000111
01101110111111011001111000010010101010011000000000000010
10010100010011000001000111000011101001101110110010011001
10100000010001001110001100000000000000000000100000010000
10000100000001010110011110000011100011110000101011000110
10001101001110001110001010000111000111101000100100000110
00000001000000110000001100010100000011000001100111000001
10101000000100011010001101010110100011000011100011010001
10000011100010001000101000010110000010000010100010010011
00110000111100011110000110101011110011100010100000010001
10000010000001000000000000000000000100000110000010100000
00000100000110100101110000110000011000001011001110100010
00000110000010010001010001000000000000000000000100100010
01001110001110000111000111000000000000000000000000100100
01001110001110000011011011100101011000001000001000100101
11011111001111111111111110101111011100010100011110111111
01000001000000110011011001100100000000000010000011100011
01100001010100100000000000011000001100001100000100110110
10010100100100010100001100001101000100101110000000101000
11011011110111110011111001111101101101111011001110100111
00100000100010010000001101010000100000110000010110100010
01101000101001000100100000100000001000000111000011100010
01111000111100111100010000000100000100000011000011101001
00001111011010100101000110110101011011001111000100100111
01001110000011000001101011110110111010010011011011101011
01001101001000110011110011011111111010111101011110111010
01100000010000001000101100111100010110010011010000100001
01111011011000111100011100001111001111000100010000111000
01000111100010110100010110000010010010010001000010100001
00100100100000010000010001011000110010010011000101100111
11101001100000100000010100001111000110101011000101100011
11101101100100110000011100011110001110001011000101100001
00010000011001001001110001111000101100100110110011110011
00011010000100000011100001100000110100011001111000101101
10000100000101100101100100110011010001010011100111100110
00010010000000010001000001100000000000000000100000101100
01001000001100110000011001000000000000000001100000110010
01010011000010100000010010001001100101101111110001111001
00000010101001110011110001101100000000000000110110101111
00100000100000101000011100000010000000000001111000110000
10100011100011101011001010100001110001001011100001110001
01101101100100011001111110111100000100011100111101111010
11000001000000000000000000000000100011100011110001110001
01011101001100110110110111000110000010000001100000101110
00110000010000000101100010100101010111001011100000110001
01100111010011111000111000110111010011011011101001100100
01010000100000010000000000000100001010000101100100100000
11011001101101000110100010000111000110000111100000100100
01100000100001010000001000001000000010000010100000100000
11100110100001011010001001000000010110001001110110110110
01110101101010011111001110001110010110001101100100111000
