00000000000000000000000000000000000000000000000000000100
00001110001111100011000000000000011000001000000100000110
00001000000000000000000000000000010000010000001100011100
00001010001000000110100010100000110100100010010000000011
00001000000000000000000000000000000000001000000101000000
00011110001110000000000000011000000000010000011111011111
00001000001000000000010000010000001100001100000110000111
00000010000010000000010100011101001000101100000100000011
10000110000010000011010011101100111100011100001110000011
10000110000111100011110011111000000000001010000001000001
00000000000000000000000000010000000000000001010000000000
10000000000001000000000001000011110001110001011001001100
00010000000000000000010000001010010100010011001000001111
00000010000000000100000100000010000011000000000000000000
00000010000010000101010011100101100010100110010111010011
10000000000000010100000000000001000011100000010000000000
10000000011000000000001000010100000000100000000000000000
00001110000111001111101111100100111001000000000110000111
00011100011100001101101101101111111110111110011110001111
00000000010011001111001111100111110111011010001111000111
00000000000000001100001100000010000011000001000000010000
00000000010000111100111111111111101111001111000000001000
00011111010011000000100100100000000000001000001110000111
10010011011011100001100100111001011000011100001110000011
10001011001011100001100000110000011100001000000100000100
10000001000001100000010000010001000001000000000010000000
10011101001110010111000011110100011000011100001100000110
00000001000000111000000000010000100000000000000000000000
00000011000000011111000110101101000110010001000001000000
01001100001100000110000011000000100000000000000101010110
01000010000000000110001010000100100000100000010000001000
11011001001100000110010001010000001000000000000001001100
11000001010000101000000100110000000000000001000000010000
11000001000101111100011010001111000111000111000001000001
00001110100111000011100001100001110001010000000010000101
10001110101110000011000001100000100010110001010101000010
00001000101101011010110010000000000000000000000000000000
00001001100001100000000010010001001000001010000101000010
01010100110010100001010001000000000000100000010100000110
01000001100000110000001000000100000100000000001000010000
00110110011010100000010001011001111101111110011110011111
00100110000110000000000001000100000110010010001010000001
00111000001100011011010011100101111101111100011100011100
00110000011000001100000111000011100011110000011000011000
10111000011100001111000110000100000010000000001000001100
10110000011011111111101111110010010000000010000000001001
10100001011000110000010001011101111000110010011001011010
00101100110100011010000001000010101001001100011110001010
00111110111110111101111100111000011000011100011010011110
01101100100111010111101111110100100010100000001100010110
01111000111001011000001000000000000000000000011000011100
01101101110100111010011010001000100100100010010110011110
01111001111100111010011100011110111100111100011010011101
10010110001011000111100011110011011011101101110011010010
00011000001000111000011100000111001001101111110010001110
10001010001001101110001111011111000111000001100001000100
10000111000111000111000111100011001001100000100000000000
01000001000000000100000001100011110001110000110000000000
00010000101100001110000110000011000001010000100000010100
11010111100011111000111000111011000110000011100001010001
00100100000010000101000100100011000001101100111110011010
00100100010000000000010000000000100000100000110000010000
00110000000001111000100000010000111000011010111000011100
00111001011110100110110011011001100100111000111110011111
10100111000011101001100000110000100011000001100001000000
00100101100110000011000111101011110101101100110000011000
01100110100010110011011011111111111111110110111010011001
01111000111000011000011001001000101000111100111010010100
01100101100000010000001000001000000000000100110000000000
11100001100000110000111000100000001101001001100000010001
11101111100011110011111001101011110111111000111001011000
11001001000110100011100001010000100001110001000101100100
01000101000010000011000011100100000010000001000000100000
11000111000011100000000100010010000110000011000101100011
11000001000001100001101100111001011001101101000001100000
00000000100000000000001000001100011110001111000011100000
01111000111100111110111100011110011110011111001011101000
11100011110010111011010000111000111100011111000011100001
10001010000001010100010100001011100100100110100010101001
00000100000010000000000000000000000011000001100100110010
00001110000110010010011011001111101111111111101111101111
10000111000011100001110010111100011110101111100011100011
10011001011101101110101111010111111111110001111000111101
01000000000000000000000100000110000111100011110001110001
01001100001111000111101111100111000011000001100000100000
11011001001110000000000000100000110000110001111011101100
10100110000111000011100011110001111001111101110110111010
11110001001001100110110010110001110001110000111000111000
11111011011100101110000111110011110010100000111000111100
11110011010011001001000001100111110111111011111001111101
00111010111001011101110100000011000001000110100011110100
00111000111010111000011000011010001001001100110110111010
00101110110110011001101000100000000000000001110010110011
01100100110100010010011101000111100111110011111001111100
01101010111000011110011110001111000011000001100000110100
01110000110010011000111010101111111111111111110000111000
01110000111000111000111000011110011111001111110111110111
11111001111101101100110110011001000100000111111001111100
11110011110000011000000010001100000111000111100011110001
01111111111110011011000111001111010111111101111111111111
