00010000110000001000101101100100101101110000100010111101
00100110010011010010101001000100010111011001011100110111
00101110010111010100100110011101010000110010110011110100
00011100111010010010010101000100011100101010010101100000
01110100001110001010011010111101100110110110110100001011
01111110001011010110111110000101000111010111101101001011
01011110101010011111100011001101111101100010110001001100
01101000110110010010110100111010000011110110011101001001
00100011010100000100001001101100001100011010011101000000
00100001111010010011101000000101100111000111010111100101
00100111101111011100110010100011110100011110101011000001
01001111001010000100010100010111001110101010111001001111
01000011110001001010110011000001101111000001111001000001
00001010010100101010001101111110010010010101011010010111
00000010000111100011111011110001101111101011100011001101
00100010000111100001100100010110110101011110100010111110
00110010101111110101001100001010110110010001000100011000
01110100001001101111010011001010011001000101111010111110
01100100111010101010010000001101101011110010111101000001
01010000001010111001011101000100011000010001010010010011
01011100010000111011011110100110000000011011110011001001
01100100001011110000110111100000001000011011101111110111
01010000111001111100100010101001000110101110111111101011
01100110101110110011000011011001110011111001011000110110
01101000101111111111000101111000011001001111001011010001
00110001111110100101011011111110000010111101100010000100
00110101000001111000010111110011011100001111101101011011
00010111111001111011101000011100011100100011101001101010
00101101100011111111110010111110101100111110110010001010
01110011011101100000100101000110110100000011100111010101
01110001100100101111110011001101101101110000010101111100
01000011011001111110101000010001011110000100101010110111
01000011111001111100001111011000000011011110000111100001
01100111110011110111101011101110100000001100011010011001
10110110110001000111111101100111111010011110101001001100
10001010000111011111001100010000011110000000001110010010
10010010000111011101000101111111010101111001101111000010
10110110111011010101010011110110111011000011011111010110
11011000111100001000101001111100111100110000100000011010
11000000111010000001010100010110101111110110100000001001
11101000100010011101010110010010100101011110011101001001
11111000111101011111010011111010001010001111111011110001
10000001000111000111101100010000100110001010101111010110
10011101011011001110100100011111110000101001100100001001
10001101010000001110110010110000001010000011111110100001
10000011110110000100001111110010011110110110100100101100
10110111100001000001001010101101101011111011011011110101
10101011110111001111011111010100001110100011010110000101
10100111000110011111010010100011100101101100111101000100
10110011011010011011010011100100111101011011010111100110
10010101100010010010000100111101111011100000110000000101
10000011101011011110000011001101000001111001010101100111
11001101010100000011101100011110111111101110000111011001
11100011011111000100110111111001110110000010110101100101
11100011111011000100100101110000011010000101010110001010
11111011110011000000001111000001111101110000110100100111
11110011111010001000010010101010111111110111000011001100
11011001000010010110110001100001011110111010111101011000
11101011110000010011101111101000001111110011111010001101
11101101111100011111011010001001011001000101100011011000
10100110110011101010111111001100110000110000001111110000
10010000010100111101011001101101111000100001111001110000
10110000010101111111100101011011000010000010011001111100
10010010100011111101011001111111101101010101010001100110
10111000101011111100110111011111101011011001000100000000
11000010011101100001110010000101111100110011101001011000
11000100101010101001100110101011101011101100000000100010
11010010101111101111011011110110011111010001100101111010
11101110100111100100110001100010110100100110111011001001
11101000111110100100010000000000010110101111010000011010
11100000101101100010111100110001010100000110110111001101
11110000110101100111011001001101011111010010100001100101
11001110000011110100010100111001100000000101100101000111
11100110010000110011001110110100011111101001001100110010
11000000111100111111100000000000001011111001101111100001
11010010111111111100001100011011010010100110011010100001
11000010101000111010100100001111110010100100011010000000
11010010110110110010011010011001100110110111001111001011
11000110110010110010110000011100011110110001011011010000
11101000100010110010011110101100010101101101111010101011
10001001111101100011100001000101110010100100010110000101
10000011111000101111011000100100101111010111011111010000
10110001111010100000111111100111011011110011100001011010
10011011011011111101000100101110110001111011001001101100
10000111011110110101101110101111001010101110011010100111
10010001001010111001110001101110101010010011110111000010
10100011011110111100000110110100000111000110001000100011
10111111010111111000111001001101011100000001011110010001
10010011100111111011110101100001001000010001110010100111
10100101101101110000110001011111110011010010111011100011
11011111001101100010111010110111011000111010010001111000
11101001011110100000101011100001011000011110000001001010
11000101110011101111101111000001001001111110111110000011
11011001101000101000001010100001101111001000100111011010
11110011101011100101100100001001001000100011111001101011
11001111000111110011100111000000010110110111101111100111
11001001110000110111101101001110111110111101111001001011
11010111100111111100111101100011100010100100101000100011
11011111100110110000011100000100101110110101011111011000
11100001100110111111101101000001100010100111011001011010
