00001010100110010011101011110110100111111110101110101001
00001010111111101010101000111011001010110010001111000110
00001100101000111110111000011000101010101111010110000011
00010000100101000000001001000010011011001111001110100101
00010100100111001000010101101000011001010010001001111110
00011110011111001010000000000010101101100111000100000100
00000001100111001011100110110001110110100111111000001000
00000001101100011101001101010110100101000110110111110000
00000001110000011000111110011110010011000001110011101011
00000001110110101111000101001001010000011110011111100001
00001111100000001000110100001111011101010100010001011100
00001111110101100100011101110101000001100101000010001110
00010011010000001101110001100110110111000000110101100111
00010101110001111101110110110111110110001000111001011000
00011001110110100011111111011011101001100110010111100010
00011111101101011100111010011000110010011110111001001100
00101000001001001111110001111100100110001011001101000111
00101010010000010001001110001101110011001000001101001000
00110010101001101010001100100001000010011111101110111001
00111100000100111000011110111101100011011000110100100100
00100001111110101010100000101101000100101001000101011111
00100001101110101011110100001111100100011010010101100010
00101001001101111011100100110110101111011110001011111101
00101101110011111010000010101000101111111111101011101101
00110001001100111010001101010011110100111011100110010010
00110001010010111011101110010010101011110011000011111110
00110011000100111110111101101011000000101010000011000100
00111011101101011100100110010100011100110101110101110100
00111011101011110101010011101000101111010001110011011001
00111101001101011110000111011101010111110000011001000110
00111101010110000101111101101111100111101001100001100111
01000000010101001001001110011110101100111110000011000000
01001000111101001010110111110101000111111010001010011011
01010110111100010000011011000011000100100101010100011111
01010110111100100110010111010001101000011110000111010000
01001001111110110110111101110100101110000001001011100011
01011101010010101000011110111110110111010010111110001000
01100000011001111001011001111100010111001111111010110000
01101000110110000011001011110010000100001001100101000010
01101010100100100011111011100110001010000010000001110100
01110000000111011100111010100001111101000011101010110111
01110000001100011111010101011100101000111100000010011010
01110000100000001011111000111011101101010011100110110011
01110010111101111110111001111101111011110100101110011000
01111110000011100111100000000110001111010010111010011111
01110001001000001010100110110110101001110010011000011011
01110011001000010000000110010010101000101110011011101001
01110111011101110110110011001101111011100110001010000101
01111011011011011111011000111101010110011010011000101000
01111011111100110110000100001101111001100111001011000001
10010110000011000000011101001000011101000000111111110011
10000011001101011111100001100101110011001101001101101001
10000011110110000000010000111010111101010011001000000010
10000011111110110010100110000111011000111110000111000111
10001011111110100111111011100100100100000110001011000010
10001101100010101000101001110000101101101001111000101001
10010111011100101111001000010000000001100011111001101001
10011001110001111010101111111010101101101000111001001100
10011011110101011010111100100100101110101011001001110001
10100010101111001001110001010101001010101000111001101001
10100100100111110101001000011100011101010011001111011000
10101010101111011100100010111010010110100100010100011001
10101010110000110100011101100011111010111010001001111100
10110100000111100111010001101010110010110101101010000100
10111000001110011010011010111000101101100010010100011011
10100011111011010010101010111000001001101001110110011001
10100111111111110011100001010111011001000100011100010100
10101011111111011111100111110011000011010100101100011000
10101101010111100101100001010111110001000001111101111111
10101111111011011000011000110000000001101110110110111100
10101111111100111000100011000100101111000000110111111110
10110001001001110101111111010000010010001111100010010110
10110111110011000100000111011100011101000011001000101001
10111011011000101111011000111000011011001010110010110010
10111101010101110001111100001111010011000010000001101001
10111111011101001110000000000110011011110110011001010011
11000110011100011111100101010010001010111001111111101100
11000110111010011111011010000110111100010011001000000000
11001000101101001111010000101000111110000000100011011101
11001000111001110011101010110000111101001000111010000010
11001100001110100010001000111010001100111001111010000111
11000001111100100010111010111110111100001010100011101100
11000011101000010000111111011101001011000111110000001111
11000101001010000011101110111100010110011001010100001110
11000101011011110010111001111001010000001100010110101010
11000101100000111010000100000111101010001101110000000110
11000111000111100110100100100110110010000100100010011110
11001001101111111010101000111010011111111001110101101010
11001011000001100010100000100010100000001101100110011111
11001101000011010001100100010001110100011100001101000101
11010011010011110011111001011100011000001001110101111111
11100000111001000101001000110110010100010101010110011100
11101010110000110011011001011000100010101000111100110111
11101100111000011111101110110010101011110001100111111111
11101100110110110111111111111110111000101001000001110001
11110000111110011111011011011101011110101011110000011101
11111110001100110000101110011010010011100001011100111000
11100001000011101011100010001000100000111010110000000110
11101001111001001100100011110010111000011010101110001010
11111101010111110000010000000101110011110100010000011111
