00000000000000000000000000000000000000000000000000000000
00000000000000000000000000000000000000000000000000000000
00000000000000000000000000000000000000000000011100001110
00000000000000000000000000000000000000000011000010000000
00000000000000000000000000000000000001100010110000000000
00000000000000000000000000001000011000011000000000000000
00000000000000000000000000100001100000000000000000000000
00000000000000000000000001100000100000010000000000000000
00000000000000000100000110000001000000001000011100000000
00000000000000000111000000110000000000000000000000000000
00000000000000100000000000110000001000000000000000000000
00000000000000100000100000000000001100111100000110000000
00000000000001100000101001001000101000000000000000010000
00000000000010001111001101000000001000101100111000000000
00000000000100100010000000101111110000111000011101100010
00000000010000000000000100000000100000010000100000000100
00000000010000110100011011000100000111001111000110000000
00000001000000000010000001000001100000000010000001100001
00000001000001101001111100010000001111111111111110001111
00000001110000001111101110110011001111110111111010011001
00000010000000000000010000001000101100000100000000001000
00000010001000000000111100010011000100000010111111011111
00000010110000011000111100000011100001100010110110000001
00000101100001110000111000010000011100001100111110100011
00001000000110111011100111110011110000000000011000000000
00001000001001010001111011001111100100110010111010011100
00001001100111100000000110001110000111111111000001000001
00001100100000010000001110000000000100000000000000000010
00001111000011000000010000011000001000000000000000000110
00010000011000000100000010000001100000100001000001100000
00010001001101100110100010011100011111001000000000000010
00010010000001110000101000000000000000000010000100000000
00011000000100000001100000000000000000000000111000010100
00011000000101011000010000010000000000000000010000001000
00011000100111011011001101101110110000111001010000111000
00011101011111100101111100111001110100011110100111110111
00011110100100000010000000001000111111111110000110000001
00100001111101111111011111100111010000101111010011111000
00101011110101000000000000000000000000000000000001100000
00111000011000011000000000100000110000011100011110111110
00111100001110000111111101011011101000111000010110001110
00111100011110111110110011001101000110110010011011101101
00111110111111011111111111111011100111111011111111111111
01000000000000000000011000010000000110000001100000100000
01000101110000011000001110000110011011100001100110111010
01001100110011000001100111110010011000001100000110011101
01100000110000011111111011110011111000111100111110100111
01100000111001111000101100000110000111110101000000110100
01110101001100101110010101100000010100111110000111100011
01111011111000111100011101111111111101111111111111111101
01111100011100001100001110100011000111111111111111111111
01111101111000001100001110000011100001110000111001111101
01111110001011111001101101110110111111111111111111001111
01111111001111100111110111110011111111111110111110011111
01111111101111001100110111110101011000010000111000011101
10000001000000000000000000000000000000000000000000000000
10000001000000100000100000000011000000100011011001011000
10000011100011100111111111111000011000000001110001000000
10000110000111000000100000000010011011111000001111001111
10000110010000011000011000011011111011110011100001110011
10011001100101100000111100011111011000111111100011010000
10011100011001000001110000111001001111100101111101111110
10011101001100000000011100001010000001100000100000000000
10111000001111011111001101000000000000000000011000011110
10111011111111011101111011001100100111110010011001100100
10111111000011100000110000011100001111111111001111110111
11000001100000111010001000000100000111000011100001111000
11000011110100100011000000000011001001001010100001100001
11000101111111010111000000100110111000000010000000000000
11001111000101111000111111011111111111011111111011111111
11010001100010111111111111110001111111111111111111111000
11010110011111000100000001111110001100100100001110001110
11011011111111111111111111111101111101111111111111110010
11011111100001010010011111111000111110011111111111101111
11011111100111110110001011000001011110001111111001000111
11011111101110111110011111011111111110111011001100000010
11100000000000000000000000000100000111101111111111001111
11100000111000111100001110100001111110001111111100111110
11100010011000011111000110001000000101000010010111100011
11100111111001111111111111111111011111100101100111111111
11100111111011101111111011111100111100000101100111111011
11101010000101111110111110111101111000001110001111000101
11101011000101110101011111111111111111111101001001001000
11101110101001011010111111111000111010010011100011100101
11101110110010111001100000000000000011001101000111100101
11101111100110111011111111101111100110111110111110011111
11101111100111111011111111111011111100000011111111000011
11110111111100001100000001000000100101010111101010010011
11110111111111111111100111111111111111111111111111111011
11111001110001111000111110011111001101010011101111111001
11111011111111101110000011110111111101111110100011011001
11111100001110110111110011101111110111111010111111111100
11111101011001100100100000011110001010000000000111000111
11111111111111001110111111101111111011111000111110011110
11111111111111001111100111100110001111111110001110000111
11111111111111100011110000111000011110011111011111101011
11111111111111110101111010111111111110011100011100111111
11111111111111111111111111111111111111111111111111111111
11111111111111111111111111111111111111111111111111111111
11111111111111111111111111111111111111111111111111111111
