00000000001000000110000110100001110110011111111111011111
00000000100000000000000000000010000010000001000000000010
00000001110111011110001000000000110111100010100010010001
00000001111100000100000000000000000000000000000000000000
00001100000011001111011111101111000111101011111000000100
00001100010110001000011001001011111001111001111010000011
00001101111111000000100000000000000000000000000000000000
00011010111111011110000100000000000000100010000010000011
00011011101101111111011101101010110111001101110001110011
00011100001100111010011111111101111111100011010011100011
00011110001100110100010000110100110011110111111111011101
00011110011111000111100011100000110011001000111100000110
00011111011111111011101010111110111100011110111110011111
00100111100101000011101000000011000000111101000100011110
00110000001000110111110011111101111111111111111111111111
00110011110001110001110000111001111000001011111100111000
00111010110100111110111111111111111111111111111110011111
00111100011110111111111111111111111111111111111110111100
01001100100111111110111111111001111010111000111111111111
01011100001010100100010000111000101001111001111101111110
01011111001111101111100100010110000110000011000000100010
01100001110000100110110001110100110110111111010110100000
01101100100000010000011000001001100011100000000100000010
01101100110100111110011111101111111111111111111111111111
01110001111001001011011111111111111101111100111101111111
01110010101100000000000111100000111111100111111111110100
01110101111011101111100000100010000010000111000011101001
01110110000000000000000010010011011111100100010001011111
01111001111101100000111111111111111111111111111110011111
01111101111110010111101000000000011100000010100001110000
01111101111110111111011111111111111111111100011110011111
01111110001111101110111111111111111111001111100111110111
10000010000111000111000110010010100110011111111110111110
10000010001001000000110000011000011000011000001001110101
10000011000110001001011110011110100111011110111111111111
10000111010000001101111111111110011111110001111101001111
10001000001000000111000111000000011001101000011101101111
10001101000010100011000101100111100001110000000110000111
10001111001111000001010001111111111011011111111111111110
10010000011000001100010010111000000000000000000000000000
10011111101111100011110011111100111100001111110101111110
10100110000001000000010000001010001000011000000001111000
10111001110000011010100001011000000000001001000000011110
10111110111110101110011111111111111111111111111011111110
10111111000111000011010111001111110000110011101111110011
10111111000111110110011110111111011111111111111111001111
10111111011110101101000110001111010111110011110001111111
10111111111111111111111111111111111111111110111111111111
11000111110011111111111111111111111111111111111111111111
11001001100111000101101111111101100110011101011111101111
11001100100100110011011111111111110001100010000001000100
11010001110001111000111100111101011110111101111101111101
11011111100011011111111111111111111111111111111111111111
11011111110111111111111111111111111111111111101111111111
11011111111111111000011101010000111001001100111000011111
11100001000001000010010111011011001111000111100111110001
11101111111111111111111111111111111011111011111001111111
11110001111000100000110011111001111100011111100111111110
11110011111111100111111111000011101111110101111000011000
11110011111111111110100010110010000001101010011110001011
11111000111000011111011111111110101001010011100101111011
11111001011111011111111101111111111111001111100111111101
11111011111111111111111111111111101111011111111111011011
11111011111111111111111111111111111111111001111101111111
11111110011111001111011111101111111011111100111101111111
11111110110111001111110111111111111111101111110001111111
11111110111100101111010111111100111000000110001111111111
11111111001111100001111110010111111111101111111111111111
11111111100101100011110111110001111011101111011111111111
11111111101100100011111001111111100111110111111111111111
11111111101111110001111010111111111111111111111111111111
11111111110011011111101110000011110111111111111011100111
11111111110011111101111110110111011011111111011011101111
11111111111011111101111010001110000111000010000001111001
11111111111100001111100110001011001000100010110111111111
11111111111110001111101111100011100111110111111111111111
11111111111111000111110111111111111111111111111111111111
11111111111111011111000110000011110001101000001111001111
11111111111111100111111001011110000111111111111111111111
11111111111111101111110011111111111111111110011111001111
11111111111111110111101111110001111111111111111111111111
11111111111111111011100100101111000111101110101111101111
11111111111111111101011111111011101111111111111111111111
11111111111111111101111100111111011111111111111111111111
11111111111111111111111101111100111001111101111111111111
11111111111111111111111111111000111101111111111111111111
11111111111111111111111111111100111110011111101111111111
11111111111111111111111111111111111011111101111101111110
11111111111111111111111111111111111111110111110111111111
11111111111111111111111111111111111111111101111101111110
11111111111111111111111111111111111111111111111111111111
11111111111111111111111111111111111111111111111111111111
11111111111111111111111111111111111111111111111111111111
11111111111111111111111111111111111111111111111111111111
11111111111111111111111111111111111111111111111111111111
11111111111111111111111111111111111111111111111111111111
11111111111111111111111111111111111111111111111111111111
11111111111111111111111111111111111111111111111111111111
11111111111111111111111111111111111111111111111111111111
11111111111111111111111111111111111111111111111111111111
