11111111111111110011111111111100001100
11111111111111110111111011111100010010
11111111111111110111111111111001001000
11111111111111111101111011111100011000
11111111111111111101111011111100100100
11111111111111111111001111111100001100
11111111111111111111001111111100110000
11111111111111111111011011111110010000
11111111111111111111011111111110000000
11111111111111111111100111111101100000
11111111111111111111101110111101000001
11111111111111111111101111111101000000
11111111111111111111110011111100110000
11111111111111111111110110111100010010
11111111111111111111110111111100100000
11111111111111111111111011111100010000
11111111111111111111111011111100010000
11111111111111111111111011111100010000
11111111111111111111111101011100101000
11111111111111111111111101110110001000
11111111111111111111111101111001001000
11111111111111111111111110101100010100
11111111111111111111111110101100010100
11111111111111111111111110110110000100
11111111111111111111111110111001000100
11111111111111111111111110111001000100
11111111111111111111111111111100000000
11111111111111111111111111111100000000
11111111111111111111111111111100000000
11111111111111111111111111111100000000
11111111111111111111111111111100000000
11111111111111111111111111111100000000
11111111111111111111111111111100000000
11111111111111111111111111111100000000
11111111111111111111111111111100000000
11111111111111111111111111111100000000
11111111111111111111111111111100000000
11111111111111111111111111111100000000
11111111111111111111111111111100000000
11111111111111111111111111111100000000
11111111111111111111111111111100000000
11111111111111111111111111111100000000
11111111111111111111111111111100000000
11111111111111111111111111111100000000
11111111111111111111111111111100000000
11111111111111111111111111111100000000
11111111111111111111111111111100000000
11111111111111111111111111111100000000
11111111111111111111111111111100000000
11111111111111111111111111111100000000
11111111111111111111111111111100000000
11111111111111111111111111111100000000
11111111111111111111111111111100000000
11111111111111111111111111111100000000
11111111111111111111111111111100000000
11111111111111111111111111111100000000
11111111111111111111111111111100000000
11111111111111111111111111111100000000
11111111111111111111111111111100000000
11111111111111111111111111111100000000
11111111111111111111111111111100000000
11111111111111111111111111111100000000
11111111111111111111111111111100000000
11111111111111111111111111111100000000
11111111111111111111111111111100000000
11111111111111111111111111111100000000
11111111111111111111111111111100000000
11111111111111111111111111111100000000
11111111111111111111111111111100000000
11111111111111111111111111111100000000
11111111111111111111111111111100000000
11111111111111111111111111111100000000
11111111111111111111111111111100000000
11111111111111111111111111111100000000
11111111111111111111111111111100000000
11111111111111111111111111111100000000
11111111111111111111111111111100000000
11111111111111111111111111111100000000
11111111111111111111111111111100000000
11111111111111111111111111111100000000
11111111111111111111111111111100000000
11111111111111111111111111111100000000
11111111111111111111111111111100000000
11111111111111111111111111111100000000
11111111111111111111111111111100000000
11111111111111111111111111111100000000
11111111111111111111111111111100000000
11111111111111111111111111111100000000
11111111111111111111111111111100000000
11111111111111111111111111111100000000
11111111111111111111111111111100000000
11111111111111111111111111111100000000
11111111111111111111111111111100000000
11111111111111111111111111111100000000
11111111111111111111111111111100000000
11111111111111111111111111111100000000
11111111111111111111111111111100000000
11111111111111111111111111111100000000
11111111111111111111111111111100000000
11111111111111111111111111111100000000
