1111111111111111110110111111111111111111111111111110010000
1111111111111111111011111111101111111111111111111100000101
1111111111111111111111111101111011111111111111111101001000
1111111111111111111111111101111110111111111111111101000010
1111111111111111111111111111101111011111111111111100000110
1111111111111111111111111111111011111111110111111100000110
1111111111111111111111111111111111111111111110011100100100
1111111111111111111111111111111111111111111111011001100000
1111111111111111111111111111111111111111111111011001100000
1111111111111111111111111111111111111111111111100110010000
1111111111111111111111111111111111111111111111111100000000
1111111111111111111111111111111111111111111111111100000000
1111111111111111111111111111111111111111111111111100000000
1111111111111111111111111111111111111111111111111100000000
1111111111111111111111111111111111111111111111111100000000
1111111111111111111111111111111111111111111111111100000000
1111111111111111111111111111111111111111111111111100000000
1111111111111111111111111111111111111111111111111100000000
1111111111111111111111111111111111111111111111111100000000
1111111111111111111111111111111111111111111111111100000000
1111111111111111111111111111111111111111111111111100000000
1111111111111111111111111111111111111111111111111100000000
1111111111111111111111111111111111111111111111111100000000
1111111111111111111111111111111111111111111111111100000000
1111111111111111111111111111111111111111111111111100000000
1111111111111111111111111111111111111111111111111100000000
1111111111111111111111111111111111111111111111111100000000
1111111111111111111111111111111111111111111111111100000000
1111111111111111111111111111111111111111111111111100000000
1111111111111111111111111111111111111111111111111100000000
1111111111111111111111111111111111111111111111111100000000
1111111111111111111111111111111111111111111111111100000000
1111111111111111111111111111111111111111111111111100000000
1111111111111111111111111111111111111111111111111100000000
1111111111111111111111111111111111111111111111111100000000
1111111111111111111111111111111111111111111111111100000000
1111111111111111111111111111111111111111111111111100000000
1111111111111111111111111111111111111111111111111100000000
1111111111111111111111111111111111111111111111111100000000
1111111111111111111111111111111111111111111111111100000000
1111111111111111111111111111111111111111111111111100000000
1111111111111111111111111111111111111111111111111100000000
1111111111111111111111111111111111111111111111111100000000
1111111111111111111111111111111111111111111111111100000000
1111111111111111111111111111111111111111111111111100000000
1111111111111111111111111111111111111111111111111100000000
1111111111111111111111111111111111111111111111111100000000
1111111111111111111111111111111111111111111111111100000000
1111111111111111111111111111111111111111111111111100000000
1111111111111111111111111111111111111111111111111100000000
1111111111111111111111111111111111111111111111111100000000
1111111111111111111111111111111111111111111111111100000000
1111111111111111111111111111111111111111111111111100000000
1111111111111111111111111111111111111111111111111100000000
1111111111111111111111111111111111111111111111111100000000
1111111111111111111111111111111111111111111111111100000000
1111111111111111111111111111111111111111111111111100000000
1111111111111111111111111111111111111111111111111100000000
1111111111111111111111111111111111111111111111111100000000
1111111111111111111111111111111111111111111111111100000000
1111111111111111111111111111111111111111111111111100000000
1111111111111111111111111111111111111111111111111100000000
1111111111111111111111111111111111111111111111111100000000
1111111111111111111111111111111111111111111111111100000000
1111111111111111111111111111111111111111111111111100000000
1111111111111111111111111111111111111111111111111100000000
1111111111111111111111111111111111111111111111111100000000
1111111111111111111111111111111111111111111111111100000000
1111111111111111111111111111111111111111111111111100000000
1111111111111111111111111111111111111111111111111100000000
1111111111111111111111111111111111111111111111111100000000
1111111111111111111111111111111111111111111111111100000000
1111111111111111111111111111111111111111111111111100000000
1111111111111111111111111111111111111111111111111100000000
1111111111111111111111111111111111111111111111111100000000
1111111111111111111111111111111111111111111111111100000000
1111111111111111111111111111111111111111111111111100000000
1111111111111111111111111111111111111111111111111100000000
1111111111111111111111111111111111111111111111111100000000
1111111111111111111111111111111111111111111111111100000000
1111111111111111111111111111111111111111111111111100000000
1111111111111111111111111111111111111111111111111100000000
1111111111111111111111111111111111111111111111111100000000
1111111111111111111111111111111111111111111111111100000000
1111111111111111111111111111111111111111111111111100000000
1111111111111111111111111111111111111111111111111100000000
1111111111111111111111111111111111111111111111111100000000
1111111111111111111111111111111111111111111111111100000000
1111111111111111111111111111111111111111111111111100000000
1111111111111111111111111111111111111111111111111100000000
1111111111111111111111111111111111111111111111111100000000
1111111111111111111111111111111111111111111111111100000000
1111111111111111111111111111111111111111111111111100000000
1111111111111111111111111111111111111111111111111100000000
1111111111111111111111111111111111111111111111111100000000
1111111111111111111111111111111111111111111111111100000000
1111111111111111111111111111111111111111111111111100000000
1111111111111111111111111111111111111111111111111100000000
1111111111111111111111111111111111111111111111111100000000
1111111111111111111111111111111111111111111111111100000000
