11111111011111111111101111111111000000000000011000000000
11111111100111111111111111111111100000000000010000000000
11111111110111101111111111111111000000000000000110000000
11111111110111111111111111111011000000000000001000000001
11111111111011111111111111011111000000000100000010000000
11111111111110111111011111111111000000000000000100001000
11111111111110111111111111011111100000000001000000000000
11111111111110111111111111101111000000000100010000000000
11111111111110111111111111111101000000010000000000000010
11111111111111011111101111111111000000000000010000001000
11111111111111100111111111111111100000000000000000000001
11111111111111101111110111111111010000000000000000100000
11111111111111101111111111101111010000000100000000000000
11111111111111110111101111111111100000000001000000000000
11111111111111110111111011111111100000000000000000010000
11111111111111110111111110111111000000000000000100001000
11111111111111111011011111111111000000000000000010000001
11111111111111111011111111111011000000000001000100000000
11111111111111111101111111111110001000000000000000000001
11111111111111111111011011111111000000000000000010010000
11111111111111111111011111011111100000000000100000000000
11111111111111111111111011011111000000000100000000100000
11111111111111111111111011111111000000000000000100000010
11111111111111111111111101111011000001100000000000000000
11111111111111111111111101111011000001100000000000000000
11111111111111111111111101111101001000100000000000000000
11111111111111111111111110110111000001000000000000000010
11111111111111111111111110111101000100100000000000000000
11111111111111111111111111111111000000000000000000000000
11111111111111111111111111111111000000000000000000000000
11111111111111111111111111111111000000000000000000000000
11111111111111111111111111111111000000000000000000000000
11111111111111111111111111111111000000000000000000000000
11111111111111111111111111111111000000000000000000000000
11111111111111111111111111111111000000000000000000000000
11111111111111111111111111111111000000000000000000000000
11111111111111111111111111111111000000000000000000000000
11111111111111111111111111111111000000000000000000000000
11111111111111111111111111111111000000000000000000000000
11111111111111111111111111111111000000000000000000000000
11111111111111111111111111111111000000000000000000000000
11111111111111111111111111111111000000000000000000000000
11111111111111111111111111111111000000000000000000000000
11111111111111111111111111111111000000000000000000000000
11111111111111111111111111111111000000000000000000000000
11111111111111111111111111111111000000000000000000000000
11111111111111111111111111111111000000000000000000000000
11111111111111111111111111111111000000000000000000000000
11111111111111111111111111111111000000000000000000000000
11111111111111111111111111111111000000000000000000000000
11111111111111111111111111111111000000000000000000000000
11111111111111111111111111111111000000000000000000000000
11111111111111111111111111111111000000000000000000000000
11111111111111111111111111111111000000000000000000000000
11111111111111111111111111111111000000000000000000000000
11111111111111111111111111111111000000000000000000000000
11111111111111111111111111111111000000000000000000000000
11111111111111111111111111111111000000000000000000000000
11111111111111111111111111111111000000000000000000000000
11111111111111111111111111111111000000000000000000000000
11111111111111111111111111111111000000000000000000000000
11111111111111111111111111111111000000000000000000000000
11111111111111111111111111111111000000000000000000000000
11111111111111111111111111111111000000000000000000000000
11111111111111111111111111111111000000000000000000000000
11111111111111111111111111111111000000000000000000000000
11111111111111111111111111111111000000000000000000000000
11111111111111111111111111111111000000000000000000000000
11111111111111111111111111111111000000000000000000000000
11111111111111111111111111111111000000000000000000000000
11111111111111111111111111111111000000000000000000000000
11111111111111111111111111111111000000000000000000000000
11111111111111111111111111111111000000000000000000000000
11111111111111111111111111111111000000000000000000000000
11111111111111111111111111111111000000000000000000000000
11111111111111111111111111111111000000000000000000000000
11111111111111111111111111111111000000000000000000000000
11111111111111111111111111111111000000000000000000000000
11111111111111111111111111111111000000000000000000000000
11111111111111111111111111111111000000000000000000000000
11111111111111111111111111111111000000000000000000000000
11111111111111111111111111111111000000000000000000000000
11111111111111111111111111111111000000000000000000000000
11111111111111111111111111111111000000000000000000000000
11111111111111111111111111111111000000000000000000000000
11111111111111111111111111111111000000000000000000000000
11111111111111111111111111111111000000000000000000000000
11111111111111111111111111111111000000000000000000000000
11111111111111111111111111111111000000000000000000000000
11111111111111111111111111111111000000000000000000000000
11111111111111111111111111111111000000000000000000000000
11111111111111111111111111111111000000000000000000000000
11111111111111111111111111111111000000000000000000000000
11111111111111111111111111111111000000000000000000000000
11111111111111111111111111111111000000000000000000000000
11111111111111111111111111111111000000000000000000000000
11111111111111111111111111111111000000000000000000000000
11111111111111111111111111111111000000000000000000000000
11111111111111111111111111111111000000000000000000000000
11111111111111111111111111111111000000000000000000000000
