111111111111001111111111111101000010
111111111111111111111111111100000000
111111111111111111111111111100000000
111111111111111111111111111100000000
111111111111111111111111111100000000
111111111111111111111111111100000000
111111111111111111111111111100000000
111111111111111111111111111100000000
111111111111111111111111111100000000
111111111111111111111111111100000000
111111111111111111111111111100000000
111111111111111111111111111100000000
111111111111111111111111111100000000
111111111111111111111111111100000000
111111111111111111111111111100000000
111111111111111111111111111100000000
111111111111111111111111111100000000
111111111111111111111111111100000000
111111111111111111111111111100000000
111111111111111111111111111100000000
111111111111111111111111111100000000
111111111111111111111111111100000000
111111111111111111111111111100000000
111111111111111111111111111100000000
111111111111111111111111111100000000
111111111111111111111111111100000000
111111111111111111111111111100000000
111111111111111111111111111100000000
111111111111111111111111111100000000
111111111111111111111111111100000000
111111111111111111111111111100000000
111111111111111111111111111100000000
111111111111111111111111111100000000
111111111111111111111111111100000000
111111111111111111111111111100000000
111111111111111111111111111100000000
111111111111111111111111111100000000
111111111111111111111111111100000000
111111111111111111111111111100000000
111111111111111111111111111100000000
111111111111111111111111111100000000
111111111111111111111111111100000000
111111111111111111111111111100000000
111111111111111111111111111100000000
111111111111111111111111111100000000
111111111111111111111111111100000000
111111111111111111111111111100000000
111111111111111111111111111100000000
111111111111111111111111111100000000
111111111111111111111111111100000000
111111111111111111111111111100000000
111111111111111111111111111100000000
111111111111111111111111111100000000
111111111111111111111111111100000000
111111111111111111111111111100000000
111111111111111111111111111100000000
111111111111111111111111111100000000
111111111111111111111111111100000000
111111111111111111111111111100000000
111111111111111111111111111100000000
111111111111111111111111111100000000
111111111111111111111111111100000000
111111111111111111111111111100000000
111111111111111111111111111100000000
111111111111111111111111111100000000
111111111111111111111111111100000000
111111111111111111111111111100000000
111111111111111111111111111100000000
111111111111111111111111111100000000
111111111111111111111111111100000000
111111111111111111111111111100000000
111111111111111111111111111100000000
111111111111111111111111111100000000
111111111111111111111111111100000000
111111111111111111111111111100000000
111111111111111111111111111100000000
111111111111111111111111111100000000
111111111111111111111111111100000000
111111111111111111111111111100000000
111111111111111111111111111100000000
111111111111111111111111111100000000
111111111111111111111111111100000000
111111111111111111111111111100000000
111111111111111111111111111100000000
111111111111111111111111111100000000
111111111111111111111111111100000000
111111111111111111111111111100000000
111111111111111111111111111100000000
111111111111111111111111111100000000
111111111111111111111111111100000000
111111111111111111111111111100000000
111111111111111111111111111100000000
111111111111111111111111111100000000
111111111111111111111111111100000000
111111111111111111111111111100000000
111111111111111111111111111100000000
111111111111111111111111111100000000
111111111111111111111111111100000000
111111111111111111111111111100000000
111111111111111111111111111100000000
