1111111111111011111111111111111110010001
1111111111111111011110111111111111100001
1111111111111111011111111111101111100100
1111111111111111011111111111111110100001
1111111111111111100111111111111111011000
1111111111111111100111111111111111011000
1111111111111111101111111101111111001001
1111111111111111101111111111111101100001
1111111111111111110111111111111011000110
1111111111111111110111111111111111001000
1111111111111111111110111111011111000110
1111111111111111111111111110011111010010
1111111111111111111111111110110111000110
1111111111111111111111111110110111000110
1111111111111111111111111111001111000011
1111111111111111111111111111010111101000
1111111111111111111111111111011101001010
1111111111111111111111111111101101000110
1111111111111111111111111111101101011000
1111111111111111111111111111101110000101
1111111111111111111111111111110110010010
1111111111111111111111111111110110110000
1111111111111111111111111111111111000000
1111111111111111111111111111111111000000
1111111111111111111111111111111111000000
1111111111111111111111111111111111000000
1111111111111111111111111111111111000000
1111111111111111111111111111111111000000
1111111111111111111111111111111111000000
1111111111111111111111111111111111000000
1111111111111111111111111111111111000000
1111111111111111111111111111111111000000
1111111111111111111111111111111111000000
1111111111111111111111111111111111000000
1111111111111111111111111111111111000000
1111111111111111111111111111111111000000
1111111111111111111111111111111111000000
1111111111111111111111111111111111000000
1111111111111111111111111111111111000000
1111111111111111111111111111111111000000
1111111111111111111111111111111111000000
1111111111111111111111111111111111000000
1111111111111111111111111111111111000000
1111111111111111111111111111111111000000
1111111111111111111111111111111111000000
1111111111111111111111111111111111000000
1111111111111111111111111111111111000000
1111111111111111111111111111111111000000
1111111111111111111111111111111111000000
1111111111111111111111111111111111000000
1111111111111111111111111111111111000000
1111111111111111111111111111111111000000
1111111111111111111111111111111111000000
1111111111111111111111111111111111000000
1111111111111111111111111111111111000000
1111111111111111111111111111111111000000
1111111111111111111111111111111111000000
1111111111111111111111111111111111000000
1111111111111111111111111111111111000000
1111111111111111111111111111111111000000
1111111111111111111111111111111111000000
1111111111111111111111111111111111000000
1111111111111111111111111111111111000000
1111111111111111111111111111111111000000
1111111111111111111111111111111111000000
1111111111111111111111111111111111000000
1111111111111111111111111111111111000000
1111111111111111111111111111111111000000
1111111111111111111111111111111111000000
1111111111111111111111111111111111000000
1111111111111111111111111111111111000000
1111111111111111111111111111111111000000
1111111111111111111111111111111111000000
1111111111111111111111111111111111000000
1111111111111111111111111111111111000000
1111111111111111111111111111111111000000
1111111111111111111111111111111111000000
1111111111111111111111111111111111000000
1111111111111111111111111111111111000000
1111111111111111111111111111111111000000
1111111111111111111111111111111111000000
1111111111111111111111111111111111000000
1111111111111111111111111111111111000000
1111111111111111111111111111111111000000
1111111111111111111111111111111111000000
1111111111111111111111111111111111000000
1111111111111111111111111111111111000000
1111111111111111111111111111111111000000
1111111111111111111111111111111111000000
1111111111111111111111111111111111000000
1111111111111111111111111111111111000000
1111111111111111111111111111111111000000
1111111111111111111111111111111111000000
1111111111111111111111111111111111000000
1111111111111111111111111111111111000000
1111111111111111111111111111111111000000
1111111111111111111111111111111111000000
1111111111111111111111111111111111000000
1111111111111111111111111111111111000000
1111111111111111111111111111111111000000
