111111111111111111111101111111101111111111100100
111111111111111111111111111111011111101111011000
111111111111111111111111111111011111101111100100
111111111111111111111111111111011111111110100100
111111111111111111111111111111100111111111100100
111111111111111111111111111111101111011111011000
111111111111111111111111111111101111111101100100
111111111111111111111111111111101111111101100100
111111111111111111111111111111111111100111011000
111111111111111111111111111111111111110110011000
111111111111111111111111111111111111111111000000
111111111111111111111111111111111111111111000000
111111111111111111111111111111111111111111000000
111111111111111111111111111111111111111111000000
111111111111111111111111111111111111111111000000
111111111111111111111111111111111111111111000000
111111111111111111111111111111111111111111000000
111111111111111111111111111111111111111111000000
111111111111111111111111111111111111111111000000
111111111111111111111111111111111111111111000000
111111111111111111111111111111111111111111000000
111111111111111111111111111111111111111111000000
111111111111111111111111111111111111111111000000
111111111111111111111111111111111111111111000000
111111111111111111111111111111111111111111000000
111111111111111111111111111111111111111111000000
111111111111111111111111111111111111111111000000
111111111111111111111111111111111111111111000000
111111111111111111111111111111111111111111000000
111111111111111111111111111111111111111111000000
111111111111111111111111111111111111111111000000
111111111111111111111111111111111111111111000000
111111111111111111111111111111111111111111000000
111111111111111111111111111111111111111111000000
111111111111111111111111111111111111111111000000
111111111111111111111111111111111111111111000000
111111111111111111111111111111111111111111000000
111111111111111111111111111111111111111111000000
111111111111111111111111111111111111111111000000
111111111111111111111111111111111111111111000000
111111111111111111111111111111111111111111000000
111111111111111111111111111111111111111111000000
111111111111111111111111111111111111111111000000
111111111111111111111111111111111111111111000000
111111111111111111111111111111111111111111000000
111111111111111111111111111111111111111111000000
111111111111111111111111111111111111111111000000
111111111111111111111111111111111111111111000000
111111111111111111111111111111111111111111000000
111111111111111111111111111111111111111111000000
111111111111111111111111111111111111111111000000
111111111111111111111111111111111111111111000000
111111111111111111111111111111111111111111000000
111111111111111111111111111111111111111111000000
111111111111111111111111111111111111111111000000
111111111111111111111111111111111111111111000000
111111111111111111111111111111111111111111000000
111111111111111111111111111111111111111111000000
111111111111111111111111111111111111111111000000
111111111111111111111111111111111111111111000000
111111111111111111111111111111111111111111000000
111111111111111111111111111111111111111111000000
111111111111111111111111111111111111111111000000
111111111111111111111111111111111111111111000000
111111111111111111111111111111111111111111000000
111111111111111111111111111111111111111111000000
111111111111111111111111111111111111111111000000
111111111111111111111111111111111111111111000000
111111111111111111111111111111111111111111000000
111111111111111111111111111111111111111111000000
111111111111111111111111111111111111111111000000
111111111111111111111111111111111111111111000000
111111111111111111111111111111111111111111000000
111111111111111111111111111111111111111111000000
111111111111111111111111111111111111111111000000
111111111111111111111111111111111111111111000000
111111111111111111111111111111111111111111000000
111111111111111111111111111111111111111111000000
111111111111111111111111111111111111111111000000
111111111111111111111111111111111111111111000000
111111111111111111111111111111111111111111000000
111111111111111111111111111111111111111111000000
111111111111111111111111111111111111111111000000
111111111111111111111111111111111111111111000000
111111111111111111111111111111111111111111000000
111111111111111111111111111111111111111111000000
111111111111111111111111111111111111111111000000
111111111111111111111111111111111111111111000000
111111111111111111111111111111111111111111000000
111111111111111111111111111111111111111111000000
111111111111111111111111111111111111111111000000
111111111111111111111111111111111111111111000000
111111111111111111111111111111111111111111000000
111111111111111111111111111111111111111111000000
111111111111111111111111111111111111111111000000
111111111111111111111111111111111111111111000000
111111111111111111111111111111111111111111000000
111111111111111111111111111111111111111111000000
111111111111111111111111111111111111111111000000
111111111111111111111111111111111111111111000000
