111110011111111111110010000001
111111111111100111110000000110
111111111111111111110000000000
111111111111111111110000000000
111111111111111111110000000000
111111111111111111110000000000
111111111111111111110000000000
111111111111111111110000000000
111111111111111111110000000000
111111111111111111110000000000
111111111111111111110000000000
111111111111111111110000000000
111111111111111111110000000000
111111111111111111110000000000
111111111111111111110000000000
111111111111111111110000000000
111111111111111111110000000000
111111111111111111110000000000
111111111111111111110000000000
111111111111111111110000000000
111111111111111111110000000000
111111111111111111110000000000
111111111111111111110000000000
111111111111111111110000000000
111111111111111111110000000000
111111111111111111110000000000
111111111111111111110000000000
111111111111111111110000000000
111111111111111111110000000000
111111111111111111110000000000
111111111111111111110000000000
111111111111111111110000000000
111111111111111111110000000000
111111111111111111110000000000
111111111111111111110000000000
111111111111111111110000000000
111111111111111111110000000000
111111111111111111110000000000
111111111111111111110000000000
111111111111111111110000000000
111111111111111111110000000000
111111111111111111110000000000
111111111111111111110000000000
111111111111111111110000000000
111111111111111111110000000000
111111111111111111110000000000
111111111111111111110000000000
111111111111111111110000000000
111111111111111111110000000000
111111111111111111110000000000
111111111111111111110000000000
111111111111111111110000000000
111111111111111111110000000000
111111111111111111110000000000
111111111111111111110000000000
111111111111111111110000000000
111111111111111111110000000000
111111111111111111110000000000
111111111111111111110000000000
111111111111111111110000000000
111111111111111111110000000000
111111111111111111110000000000
111111111111111111110000000000
111111111111111111110000000000
111111111111111111110000000000
111111111111111111110000000000
111111111111111111110000000000
111111111111111111110000000000
111111111111111111110000000000
111111111111111111110000000000
111111111111111111110000000000
111111111111111111110000000000
111111111111111111110000000000
111111111111111111110000000000
111111111111111111110000000000
111111111111111111110000000000
111111111111111111110000000000
111111111111111111110000000000
111111111111111111110000000000
111111111111111111110000000000
111111111111111111110000000000
111111111111111111110000000000
111111111111111111110000000000
111111111111111111110000000000
111111111111111111110000000000
111111111111111111110000000000
111111111111111111110000000000
111111111111111111110000000000
111111111111111111110000000000
111111111111111111110000000000
111111111111111111110000000000
111111111111111111110000000000
111111111111111111110000000000
111111111111111111110000000000
111111111111111111110000000000
111111111111111111110000000000
111111111111111111110000000000
111111111111111111110000000000
111111111111111111110000000000
111111111111111111110000000000
