11111111111111101111110111111111011000
11111111111111110111111111111110011000
11111111111111111101111011111111100100
11111111111111111111011011111111011000
11111111111111111111011101111111001010
11111111111111111111110011111111110000
11111111111111111111110110111111100001
11111111111111111111110110111111100001
11111111111111111111110111111011100100
11111111111111111111110111111111100000
11111111111111111111111011101111010001
11111111111111111111111011111111010000
11111111111111111111111011111111010000
11111111111111111111111110110111001001
11111111111111111111111110111101100100
11111111111111111111111111011011001001
11111111111111111111111111011011001001
11111111111111111111111111011110011000
11111111111111111111111111101110010100
11111111111111111111111111111001100001
11111111111111111111111111111001100001
11111111111111111111111111111100110000
11111111111111111111111111111100110000
11111111111111111111111111111100110000
11111111111111111111111111111100110000
11111111111111111111111111111100110000
11111111111111111111111111111100110000
11111111111111111111111111111100110000
11111111111111111111111111111100110000
11111111111111111111111111111100110000
11111111111111111111111111111100110000
11111111111111111111111111111111000000
11111111111111111111111111111111000000
11111111111111111111111111111111000000
11111111111111111111111111111111000000
11111111111111111111111111111111000000
11111111111111111111111111111111000000
11111111111111111111111111111111000000
11111111111111111111111111111111000000
11111111111111111111111111111111000000
11111111111111111111111111111111000000
11111111111111111111111111111111000000
11111111111111111111111111111111000000
11111111111111111111111111111111000000
11111111111111111111111111111111000000
11111111111111111111111111111111000000
11111111111111111111111111111111000000
11111111111111111111111111111111000000
11111111111111111111111111111111000000
11111111111111111111111111111111000000
11111111111111111111111111111111000000
11111111111111111111111111111111000000
11111111111111111111111111111111000000
11111111111111111111111111111111000000
11111111111111111111111111111111000000
11111111111111111111111111111111000000
11111111111111111111111111111111000000
11111111111111111111111111111111000000
11111111111111111111111111111111000000
11111111111111111111111111111111000000
11111111111111111111111111111111000000
11111111111111111111111111111111000000
11111111111111111111111111111111000000
11111111111111111111111111111111000000
11111111111111111111111111111111000000
11111111111111111111111111111111000000
11111111111111111111111111111111000000
11111111111111111111111111111111000000
11111111111111111111111111111111000000
11111111111111111111111111111111000000
11111111111111111111111111111111000000
11111111111111111111111111111111000000
11111111111111111111111111111111000000
11111111111111111111111111111111000000
11111111111111111111111111111111000000
11111111111111111111111111111111000000
11111111111111111111111111111111000000
11111111111111111111111111111111000000
11111111111111111111111111111111000000
11111111111111111111111111111111000000
11111111111111111111111111111111000000
11111111111111111111111111111111000000
11111111111111111111111111111111000000
11111111111111111111111111111111000000
11111111111111111111111111111111000000
11111111111111111111111111111111000000
11111111111111111111111111111111000000
11111111111111111111111111111111000000
11111111111111111111111111111111000000
11111111111111111111111111111111000000
11111111111111111111111111111111000000
11111111111111111111111111111111000000
11111111111111111111111111111111000000
11111111111111111111111111111111000000
11111111111111111111111111111111000000
11111111111111111111111111111111000000
11111111111111111111111111111111000000
11111111111111111111111111111111000000
11111111111111111111111111111111000000
11111111111111111111111111111111000000
