11111111111111111110011111111111111111111111111111010000000010
11111111111111111110111111111111111101111111111111000011000000
11111111111111111111110111101111111111111111111111000000001100
11111111111111111111110111111011111111111111111111001000000100
11111111111111111111110111111111111111111110111111011000000000
11111111111111111111111111010111111111111111111111100000100000
11111111111111111111111111011111101111111111111111100000010000
11111111111111111111111111110111111111011111111111001000000010
11111111111111111111111111111011110111111111111111000000000110
11111111111111111111111111111011110111111111111111001000000100
11111111111111111111111111111101110111111111111111100010000000
11111111111111111111111111111101111111101111111111000000001001
11111111111111111111111111111111011011111111111111000000100100
11111111111111111111111111111111011111111111111011011000000000
11111111111111111111111111111111101111011111111111000000100001
11111111111111111111111111111111110111111011111111011000000000
11111111111111111111111111111111111101111101111111100000100000
11111111111111111111111111111111111101111110111111000110000000
11111111111111111111111111111111111110111110111111010100000000
11111111111111111111111111111111111111011111110111001010000000
11111111111111111111111111111111111111101111101111000001000001
11111111111111111111111111111111111111111011110111100000000001
11111111111111111111111111111111111111111100111111001100000000
11111111111111111111111111111111111111111101011111101000000000
11111111111111111111111111111111111111111101101111001001000000
11111111111111111111111111111111111111111101101111011000000000
11111111111111111111111111111111111111111101111011100100000000
11111111111111111111111111111111111111111101111111001000000000
11111111111111111111111111111111111111111110110111011000000000
11111111111111111111111111111111111111111111101111000001000000
11111111111111111111111111111111111111111111110111100000000000
11111111111111111111111111111111111111111111111001100000000001
11111111111111111111111111111111111111111111111111000000000000
11111111111111111111111111111111111111111111111111000000000000
11111111111111111111111111111111111111111111111111000000000000
11111111111111111111111111111111111111111111111111000000000000
11111111111111111111111111111111111111111111111111000000000000
11111111111111111111111111111111111111111111111111000000000000
11111111111111111111111111111111111111111111111111000000000000
11111111111111111111111111111111111111111111111111000000000000
11111111111111111111111111111111111111111111111111000000000000
11111111111111111111111111111111111111111111111111000000000000
11111111111111111111111111111111111111111111111111000000000000
11111111111111111111111111111111111111111111111111000000000000
11111111111111111111111111111111111111111111111111000000000000
11111111111111111111111111111111111111111111111111000000000000
11111111111111111111111111111111111111111111111111000000000000
11111111111111111111111111111111111111111111111111000000000000
11111111111111111111111111111111111111111111111111000000000000
11111111111111111111111111111111111111111111111111000000000000
11111111111111111111111111111111111111111111111111000000000000
11111111111111111111111111111111111111111111111111000000000000
11111111111111111111111111111111111111111111111111000000000000
11111111111111111111111111111111111111111111111111000000000000
11111111111111111111111111111111111111111111111111000000000000
11111111111111111111111111111111111111111111111111000000000000
11111111111111111111111111111111111111111111111111000000000000
11111111111111111111111111111111111111111111111111000000000000
11111111111111111111111111111111111111111111111111000000000000
11111111111111111111111111111111111111111111111111000000000000
11111111111111111111111111111111111111111111111111000000000000
11111111111111111111111111111111111111111111111111000000000000
11111111111111111111111111111111111111111111111111000000000000
11111111111111111111111111111111111111111111111111000000000000
11111111111111111111111111111111111111111111111111000000000000
11111111111111111111111111111111111111111111111111000000000000
11111111111111111111111111111111111111111111111111000000000000
11111111111111111111111111111111111111111111111111000000000000
11111111111111111111111111111111111111111111111111000000000000
11111111111111111111111111111111111111111111111111000000000000
11111111111111111111111111111111111111111111111111000000000000
11111111111111111111111111111111111111111111111111000000000000
11111111111111111111111111111111111111111111111111000000000000
11111111111111111111111111111111111111111111111111000000000000
11111111111111111111111111111111111111111111111111000000000000
11111111111111111111111111111111111111111111111111000000000000
11111111111111111111111111111111111111111111111111000000000000
11111111111111111111111111111111111111111111111111000000000000
11111111111111111111111111111111111111111111111111000000000000
11111111111111111111111111111111111111111111111111000000000000
11111111111111111111111111111111111111111111111111000000000000
11111111111111111111111111111111111111111111111111000000000000
11111111111111111111111111111111111111111111111111000000000000
11111111111111111111111111111111111111111111111111000000000000
11111111111111111111111111111111111111111111111111000000000000
11111111111111111111111111111111111111111111111111000000000000
11111111111111111111111111111111111111111111111111000000000000
11111111111111111111111111111111111111111111111111000000000000
11111111111111111111111111111111111111111111111111000000000000
11111111111111111111111111111111111111111111111111000000000000
11111111111111111111111111111111111111111111111111000000000000
11111111111111111111111111111111111111111111111111000000000000
11111111111111111111111111111111111111111111111111000000000000
11111111111111111111111111111111111111111111111111000000000000
11111111111111111111111111111111111111111111111111000000000000
11111111111111111111111111111111111111111111111111000000000000
11111111111111111111111111111111111111111111111111000000000000
11111111111111111111111111111111111111111111111111000000000000
11111111111111111111111111111111111111111111111111000000000000
11111111111111111111111111111111111111111111111111000000000000
