111111011111101111111101001000
111111011111111110111111000000
111111101111110111111100100100
111111101111110111111100100100
111111111011011111111110000001
111111111011111111011110000100
111111111011111111110100100100
111111111110011111111101001000
111111111111101111011111000000
111111111111110011111100110000
111111111111111101101101001000
111111111111111110011110000100
111111111111111110101101000100
111111111111111110110100100100
111111111111111111001111000000
111111111111111111010110100000
111111111111111111011010010000
111111111111111111011010010000
111111111111111111100101100000
111111111111111111100101100000
111111111111111111110000110000
111111111111111111111100000000
111111111111111111111100000000
111111111111111111111100000000
111111111111111111111100000000
111111111111111111111100000000
111111111111111111111100000000
111111111111111111111100000000
111111111111111111111100000000
111111111111111111111100000000
111111111111111111111100000000
111111111111111111111100000000
111111111111111111111100000000
111111111111111111111100000000
111111111111111111111100000000
111111111111111111111100000000
111111111111111111111100000000
111111111111111111111100000000
111111111111111111111100000000
111111111111111111111100000000
111111111111111111111100000000
111111111111111111111100000000
111111111111111111111100000000
111111111111111111111100000000
111111111111111111111100000000
111111111111111111111100000000
111111111111111111111100000000
111111111111111111111100000000
111111111111111111111100000000
111111111111111111111100000000
111111111111111111111100000000
111111111111111111111100000000
111111111111111111111100000000
111111111111111111111100000000
111111111111111111111100000000
111111111111111111111100000000
111111111111111111111100000000
111111111111111111111100000000
111111111111111111111100000000
111111111111111111111100000000
111111111111111111111100000000
111111111111111111111100000000
111111111111111111111100000000
111111111111111111111100000000
111111111111111111111100000000
111111111111111111111100000000
111111111111111111111100000000
111111111111111111111100000000
111111111111111111111100000000
111111111111111111111100000000
111111111111111111111100000000
111111111111111111111100000000
111111111111111111111100000000
111111111111111111111100000000
111111111111111111111100000000
111111111111111111111100000000
111111111111111111111100000000
111111111111111111111100000000
111111111111111111111100000000
111111111111111111111100000000
111111111111111111111100000000
111111111111111111111100000000
111111111111111111111100000000
111111111111111111111100000000
111111111111111111111100000000
111111111111111111111100000000
111111111111111111111100000000
111111111111111111111100000000
111111111111111111111100000000
111111111111111111111100000000
111111111111111111111100000000
111111111111111111111100000000
111111111111111111111100000000
111111111111111111111100000000
111111111111111111111100000000
111111111111111111111100000000
111111111111111111111100000000
111111111111111111111100000000
111111111111111111111100000000
111111111111111111111100000000
