111111111101111111111111101111101100001100
111111111111011111101111111111110010000100
111111111111101111111111011111111000000001
111111111111101111111111111111011000000100
111111111111110110111111111111110110000000
111111111111111101111111111110111000000100
111111111111111110111101111111110100000010
111111111111111111011111101111110100001000
111111111111111111011111111011110000000110
111111111111111111011111111111100100000010
111111111111111111101111111101110011000000
111111111111111111101111111111110000000100
111111111111111111111011111111011001000000
111111111111111111111101101111110100100000
111111111111111111111110111011110001000100
111111111111111111111110111111011000000100
111111111111111111111110111111110001000000
111111111111111111111111101101110110000000
111111111111111111111111110111011000001000
111111111111111111111111110111100100001000
111111111111111111111111111001110000001001
111111111111111111111111111100110011000000
111111111111111111111111111101110000001000
111111111111111111111111111111001100000000
111111111111111111111111111111001100000000
111111111111111111111111111111001100000000
111111111111111111111111111111110000000000
111111111111111111111111111111110000000000
111111111111111111111111111111110000000000
111111111111111111111111111111110000000000
111111111111111111111111111111110000000000
111111111111111111111111111111110000000000
111111111111111111111111111111110000000000
111111111111111111111111111111110000000000
111111111111111111111111111111110000000000
111111111111111111111111111111110000000000
111111111111111111111111111111110000000000
111111111111111111111111111111110000000000
111111111111111111111111111111110000000000
111111111111111111111111111111110000000000
111111111111111111111111111111110000000000
111111111111111111111111111111110000000000
111111111111111111111111111111110000000000
111111111111111111111111111111110000000000
111111111111111111111111111111110000000000
111111111111111111111111111111110000000000
111111111111111111111111111111110000000000
111111111111111111111111111111110000000000
111111111111111111111111111111110000000000
111111111111111111111111111111110000000000
111111111111111111111111111111110000000000
111111111111111111111111111111110000000000
111111111111111111111111111111110000000000
111111111111111111111111111111110000000000
111111111111111111111111111111110000000000
111111111111111111111111111111110000000000
111111111111111111111111111111110000000000
111111111111111111111111111111110000000000
111111111111111111111111111111110000000000
111111111111111111111111111111110000000000
111111111111111111111111111111110000000000
111111111111111111111111111111110000000000
111111111111111111111111111111110000000000
111111111111111111111111111111110000000000
111111111111111111111111111111110000000000
111111111111111111111111111111110000000000
111111111111111111111111111111110000000000
111111111111111111111111111111110000000000
111111111111111111111111111111110000000000
111111111111111111111111111111110000000000
111111111111111111111111111111110000000000
111111111111111111111111111111110000000000
111111111111111111111111111111110000000000
111111111111111111111111111111110000000000
111111111111111111111111111111110000000000
111111111111111111111111111111110000000000
111111111111111111111111111111110000000000
111111111111111111111111111111110000000000
111111111111111111111111111111110000000000
111111111111111111111111111111110000000000
111111111111111111111111111111110000000000
111111111111111111111111111111110000000000
111111111111111111111111111111110000000000
111111111111111111111111111111110000000000
111111111111111111111111111111110000000000
111111111111111111111111111111110000000000
111111111111111111111111111111110000000000
111111111111111111111111111111110000000000
111111111111111111111111111111110000000000
111111111111111111111111111111110000000000
111111111111111111111111111111110000000000
111111111111111111111111111111110000000000
111111111111111111111111111111110000000000
111111111111111111111111111111110000000000
111111111111111111111111111111110000000000
111111111111111111111111111111110000000000
111111111111111111111111111111110000000000
111111111111111111111111111111110000000000
111111111111111111111111111111110000000000
111111111111111111111111111111110000000000
