111111111111111101111111011111111111110000000000101000
111111111111111111101111101111111111110000000001010000
111111111111111111110111111101111111110000000010001000
111111111111111111111011111101111111110000000001001000
111111111111111111111111111111011110110100000000001000
111111111111111111111111111111101011110001000000000100
111111111111111111111111111111110110110010000000000100
111111111111111111111111111111110110110110000000000000
111111111111111111111111111111110111110010000000000000
111111111111111111111111111111110111110010000000000000
111111111111111111111111111111111001110110000000000000
111111111111111111111111111111111010110101000000000000
111111111111111111111111111111111010110101000000000000
111111111111111111111111111111111011110001000000000000
111111111111111111111111111111111101100000000000011000
111111111111111111111111111111111110110100000000000000
111111111111111111111111111111111111110000000000000000
111111111111111111111111111111111111110000000000000000
111111111111111111111111111111111111110000000000000000
111111111111111111111111111111111111110000000000000000
111111111111111111111111111111111111110000000000000000
111111111111111111111111111111111111110000000000000000
111111111111111111111111111111111111110000000000000000
111111111111111111111111111111111111110000000000000000
111111111111111111111111111111111111110000000000000000
111111111111111111111111111111111111110000000000000000
111111111111111111111111111111111111110000000000000000
111111111111111111111111111111111111110000000000000000
111111111111111111111111111111111111110000000000000000
111111111111111111111111111111111111110000000000000000
111111111111111111111111111111111111110000000000000000
111111111111111111111111111111111111110000000000000000
111111111111111111111111111111111111110000000000000000
111111111111111111111111111111111111110000000000000000
111111111111111111111111111111111111110000000000000000
111111111111111111111111111111111111110000000000000000
111111111111111111111111111111111111110000000000000000
111111111111111111111111111111111111110000000000000000
111111111111111111111111111111111111110000000000000000
111111111111111111111111111111111111110000000000000000
111111111111111111111111111111111111110000000000000000
111111111111111111111111111111111111110000000000000000
111111111111111111111111111111111111110000000000000000
111111111111111111111111111111111111110000000000000000
111111111111111111111111111111111111110000000000000000
111111111111111111111111111111111111110000000000000000
111111111111111111111111111111111111110000000000000000
111111111111111111111111111111111111110000000000000000
111111111111111111111111111111111111110000000000000000
111111111111111111111111111111111111110000000000000000
111111111111111111111111111111111111110000000000000000
111111111111111111111111111111111111110000000000000000
111111111111111111111111111111111111110000000000000000
111111111111111111111111111111111111110000000000000000
111111111111111111111111111111111111110000000000000000
111111111111111111111111111111111111110000000000000000
111111111111111111111111111111111111110000000000000000
111111111111111111111111111111111111110000000000000000
111111111111111111111111111111111111110000000000000000
111111111111111111111111111111111111110000000000000000
111111111111111111111111111111111111110000000000000000
111111111111111111111111111111111111110000000000000000
111111111111111111111111111111111111110000000000000000
111111111111111111111111111111111111110000000000000000
111111111111111111111111111111111111110000000000000000
111111111111111111111111111111111111110000000000000000
111111111111111111111111111111111111110000000000000000
111111111111111111111111111111111111110000000000000000
111111111111111111111111111111111111110000000000000000
111111111111111111111111111111111111110000000000000000
111111111111111111111111111111111111110000000000000000
111111111111111111111111111111111111110000000000000000
111111111111111111111111111111111111110000000000000000
111111111111111111111111111111111111110000000000000000
111111111111111111111111111111111111110000000000000000
111111111111111111111111111111111111110000000000000000
111111111111111111111111111111111111110000000000000000
111111111111111111111111111111111111110000000000000000
111111111111111111111111111111111111110000000000000000
111111111111111111111111111111111111110000000000000000
111111111111111111111111111111111111110000000000000000
111111111111111111111111111111111111110000000000000000
111111111111111111111111111111111111110000000000000000
111111111111111111111111111111111111110000000000000000
111111111111111111111111111111111111110000000000000000
111111111111111111111111111111111111110000000000000000
111111111111111111111111111111111111110000000000000000
111111111111111111111111111111111111110000000000000000
111111111111111111111111111111111111110000000000000000
111111111111111111111111111111111111110000000000000000
111111111111111111111111111111111111110000000000000000
111111111111111111111111111111111111110000000000000000
111111111111111111111111111111111111110000000000000000
111111111111111111111111111111111111110000000000000000
111111111111111111111111111111111111110000000000000000
111111111111111111111111111111111111110000000000000000
111111111111111111111111111111111111110000000000000000
111111111111111111111111111111111111110000000000000000
111111111111111111111111111111111111110000000000000000
111111111111111111111111111111111111110000000000000000
