111111011111011111111110001000
111111101111011111111110000100
111111110111101111111101000010
111111111101101111111101001000
111111111101111011110011011000
111111111110011111111110000100
111111111110110111111100100100
111111111110110111111100100100
111111111110111111111100000100
111111111111001111111100001100
111111111111011111111110000000
111111111111110110111100100001
111111111111111101110110001000
111111111111111110110110000100
111111111111111110110110000100
111111111111111110110110000100
111111111111111110110110000100
111111111111111111011001100000
111111111111111111100101100000
111111111111111111100110010000
111111111111111111111100000000
111111111111111111111100000000
111111111111111111111100000000
111111111111111111111100000000
111111111111111111111100000000
111111111111111111111100000000
111111111111111111111100000000
111111111111111111111100000000
111111111111111111111100000000
111111111111111111111100000000
111111111111111111111100000000
111111111111111111111100000000
111111111111111111111100000000
111111111111111111111100000000
111111111111111111111100000000
111111111111111111111100000000
111111111111111111111100000000
111111111111111111111100000000
111111111111111111111100000000
111111111111111111111100000000
111111111111111111111100000000
111111111111111111111100000000
111111111111111111111100000000
111111111111111111111100000000
111111111111111111111100000000
111111111111111111111100000000
111111111111111111111100000000
111111111111111111111100000000
111111111111111111111100000000
111111111111111111111100000000
111111111111111111111100000000
111111111111111111111100000000
111111111111111111111100000000
111111111111111111111100000000
111111111111111111111100000000
111111111111111111111100000000
111111111111111111111100000000
111111111111111111111100000000
111111111111111111111100000000
111111111111111111111100000000
111111111111111111111100000000
111111111111111111111100000000
111111111111111111111100000000
111111111111111111111100000000
111111111111111111111100000000
111111111111111111111100000000
111111111111111111111100000000
111111111111111111111100000000
111111111111111111111100000000
111111111111111111111100000000
111111111111111111111100000000
111111111111111111111100000000
111111111111111111111100000000
111111111111111111111100000000
111111111111111111111100000000
111111111111111111111100000000
111111111111111111111100000000
111111111111111111111100000000
111111111111111111111100000000
111111111111111111111100000000
111111111111111111111100000000
111111111111111111111100000000
111111111111111111111100000000
111111111111111111111100000000
111111111111111111111100000000
111111111111111111111100000000
111111111111111111111100000000
111111111111111111111100000000
111111111111111111111100000000
111111111111111111111100000000
111111111111111111111100000000
111111111111111111111100000000
111111111111111111111100000000
111111111111111111111100000000
111111111111111111111100000000
111111111111111111111100000000
111111111111111111111100000000
111111111111111111111100000000
111111111111111111111100000000
111111111111111111111100000000
