111111011111101111111111000000001000000100
111111011111111011111111000000100001000000
111111011111111111101111000010000000000100
111111101111111011111110000001001000000000
111111110111111011111111000000010000100000
111111110111111111111110000000011000000000
111111111001111111111111000000000001100000
111111111101111110111111000010000000000001
111111111101111111101111000000000100001000
111111111101111111111110010000100000000000
111111111111011111101111000010000000010000
111111111111101111110111000000000000100001
111111111111110111110111100000000000100000
111111111111110111111011000001100000000000
111111111111110111111101100000000010000000
111111111111111011011111000001000000001000
111111111111111011110111000000000010010000
111111111111111100111111000000000011000000
111111111111111100111111000000110000000000
111111111111111100111111000010000100000000
111111111111111101101111000100000000000010
111111111111111101110111000000100000000010
111111111111111111111001010000000000100000
111111111111111111111001100000000000010000
111111111111111111111001100000000100000000
111111111111111111111111000000000000000000
111111111111111111111111000000000000000000
111111111111111111111111000000000000000000
111111111111111111111111000000000000000000
111111111111111111111111000000000000000000
111111111111111111111111000000000000000000
111111111111111111111111000000000000000000
111111111111111111111111000000000000000000
111111111111111111111111000000000000000000
111111111111111111111111000000000000000000
111111111111111111111111000000000000000000
111111111111111111111111000000000000000000
111111111111111111111111000000000000000000
111111111111111111111111000000000000000000
111111111111111111111111000000000000000000
111111111111111111111111000000000000000000
111111111111111111111111000000000000000000
111111111111111111111111000000000000000000
111111111111111111111111000000000000000000
111111111111111111111111000000000000000000
111111111111111111111111000000000000000000
111111111111111111111111000000000000000000
111111111111111111111111000000000000000000
111111111111111111111111000000000000000000
111111111111111111111111000000000000000000
111111111111111111111111000000000000000000
111111111111111111111111000000000000000000
111111111111111111111111000000000000000000
111111111111111111111111000000000000000000
111111111111111111111111000000000000000000
111111111111111111111111000000000000000000
111111111111111111111111000000000000000000
111111111111111111111111000000000000000000
111111111111111111111111000000000000000000
111111111111111111111111000000000000000000
111111111111111111111111000000000000000000
111111111111111111111111000000000000000000
111111111111111111111111000000000000000000
111111111111111111111111000000000000000000
111111111111111111111111000000000000000000
111111111111111111111111000000000000000000
111111111111111111111111000000000000000000
111111111111111111111111000000000000000000
111111111111111111111111000000000000000000
111111111111111111111111000000000000000000
111111111111111111111111000000000000000000
111111111111111111111111000000000000000000
111111111111111111111111000000000000000000
111111111111111111111111000000000000000000
111111111111111111111111000000000000000000
111111111111111111111111000000000000000000
111111111111111111111111000000000000000000
111111111111111111111111000000000000000000
111111111111111111111111000000000000000000
111111111111111111111111000000000000000000
111111111111111111111111000000000000000000
111111111111111111111111000000000000000000
111111111111111111111111000000000000000000
111111111111111111111111000000000000000000
111111111111111111111111000000000000000000
111111111111111111111111000000000000000000
111111111111111111111111000000000000000000
111111111111111111111111000000000000000000
111111111111111111111111000000000000000000
111111111111111111111111000000000000000000
111111111111111111111111000000000000000000
111111111111111111111111000000000000000000
111111111111111111111111000000000000000000
111111111111111111111111000000000000000000
111111111111111111111111000000000000000000
111111111111111111111111000000000000000000
111111111111111111111111000000000000000000
111111111111111111111111000000000000000000
111111111111111111111111000000000000000000
111111111111111111111111000000000000000000
