00000000000000000000000000100000111000111100011110000011
00000000000000000001000001000000001000001100001000001100
00000000000000000000000000000001000000100000011000000110
00000010000001000001100011010001001000000000010000000000
00000110000010000001000000000000000000000000000100000100
00000010000010000000100000010000001000001100111110010010
00001110000001000000000000000000001000000100010100010010
00001000001100000110100010110000001000000100000010000011
00001110001110000110100010100001100000100000011010000001
00000000000000000000100000110000010000000101000000100010
00000010000011000000000000100000000000000001001000100100
00000000001100000000000000000000100000010001000000100000
00000000001000000100100000010010000010000000001000001000
00000000000001000000100000000000100000010110001011000111
00000110000011000010100001000000000000000011101110100011
00000000000000000000000000100010000010000111000001100000
00010100010010000011000001100001010000011010000001000000
00010010010000000000000000100000000001000010110001010000
00010100000010000000100100010000000100000000110001000000
00001100000100000001100000100100010110001001001101100101
00010010000001000100000000000110000110000010000001000000
00000010000000000000101001100100011000010100000011100001
00000000000000000000101000110111001001001000011110101110
00001000011000001101000000110000000000011100001110000110
00000000000000000000000000001000000100000000000010000001
00001110010110001001000000001000001000000000000011000011
00010000000010001000001110001101001110000111100001100000
00100000000001000100100000000000011000011100000010000101
00111010010111000000000000000000000000000100000110000010
00100010010001000000000000000000000101001010110000010010
00101000001100001010000100000010100000100000000010000001
00100000010000001000001000000000000000000000000110000011
00100000010001001001101001000000100000000100101010011010
00100000100000000001000001000000000000000100010000000000
00111100111101000111100000110001110000100000001000110000
00110010110001000000100000110000010000000010011111001010
00110000111000001000000010000000000001000000000000000000
00100010101010001000000000000000010000011010001001001100
00000010000011000001010001000100000100010011000001001100
00000000000000000000010000011000010000011001100011100001
00011000011000000000010000011000100000010000001000001010
00011100001001000010110101011001000000000011000001000000
00010100010000000001010011001110100111100000001111001110
00010000001000000011011000111001110100011100000110011110
00101000011000000010010000001001010100010010000000000000
00000100000010011000001000000100000110000000000000000000
00010000001000010000000010001001000000000001000010100001
00001000001000010000001100001110100111100011110001101000
00101100101101010010001000000000000000000000000000000000
00111000111100011101001000000110001001000101101000110000
00000000001000011100110100100000101000000001100001100000
00000000000001010000111001101000000000000000000110000011
00000110000110010011011001001100100100010010010001000000
00100000000000010100111101001111101111000001000000000000
00010000110000011000011000001100000100001000100000101000
00100010100001010000111100111100001100000000010000101000
00001110001101100000100000100100001100001111000011000011
00000110000110100001010001101100100010000011100011100001
00110110000111100000110000010010000011000100111110011101
00100000010000100000110000010010000001000001000000100000
00110100001111100000011000000000001000001010001001000111
00000000000000110000010000001000000000001110000001000011
01000000000001000000100000111100000100001100011110000110
01000000100000000000000000000000000000000000000000000000
01000100100110000101000010010001011000001011000001100010
01001100100100000000100101111100001110011110000111100010
01110000110111000001110000010000000100000110000010000011
01100110101000100000100000000000100100000010000000000100
00000001000000001000000100001010100010100000010000111000
00101001001100000000000000110000011010000100000010000000
00001001000100010000001000000110000110000001000001100000
00001011000010100001000000000101000010100010000001000000
00000001000000100000001100000000000000010000011100011110
00000001000000100000001000000100110000001000011000001000
00010101010100110110011111001001100000100000000000000000
00000101100100111000011100000010000110000011110001100100
01001001001001001110101100000000000100000000000010000001
01000001000000010000000000001000000000010000001010000010
01001001101000100000001000001000000101000011100000100000
01000111000011100000010000000000101000000100000010110000
01000111000010100000110000111000011100011110001011000010
01100001110000101000011000000100000100000000001001001000
01000011000010110010001001000100000010000010000000000000
10111000110100000000001000000000000000000100000010000000
10001000000100100000000000001001001101000100000100000010
10101000110000100000000000000000001000001000000100000010
11000000000100001011001110000001000000000000000000000000
11110000100000111000100100100010010011001000110010011001
11000100100011110001110000110001000001010000001000100000
10000101000100000000000000000000000000000100000000000001
10010001001001000000100000010000001000000001000010100001
10000001000000000000000000000100000010000010000001000000
10000001011100000100001110000001000001100000100000100000
10011001010000001100000110000000001100000110000011000001
10001011011011101001011101001010000100100010010011000001
11000001100000000000000000000000000000000000000000000000
11000001100000000000000000000000001000000100100000010000
11110001100000000000000000000000000001000001011000101000
11001001101000110010000000000100100110000011000011000001
11101011111000110001000011000010000010000000000000000000
