00000000000000000000000000000000000000000000000000000000
00000000000000000000000000000000000000000000000000000000
00000000000010000001000000100000000000000000000000010000
00000110000011000001100000110000000000001000010000000101
00000010000011000000100000000001000000010000001100100100
00001100001100000110000110000001000001000101101000010100
00000000001001000000100000010010111001110100110000011000
00011110001111000111000111100001110001111100111010101111
00010000010000001000000100000001100001110000111110111111
00000010000011000001000101100111110011110100011011011100
00011110011111000111100111110101111001111101111110011110
00000110000011000001100000100100011100010100011100010010
00001110001111001111100101110111111100111010011100011110
00101110010110000000000000010000111000111000001110001110
00111110011111001111101111110001110001110000011100001100
00111100011100001100001110001111000111001010110000011001
00001100101110000101101000101100000000000000001001001000
00100000110000001100000010010000110000000000101100100100
00111000111010001000000000010000001000000000000011000000
00111000111100001110000110000011000011100001110000110000
00111100011000000000110000111100111100001110000110001011
00011000011100011110001110001110011101011011000011100011
00100000100000010000001000010000001000001100100110100110
00111000111111010110000111001111111111111000011110001100
00010010011001010111110110110010111001011101100110100011
00011010001101011111111111110011011010101101110100011010
00000010000010011001110100101011110101110000110000111100
00000100000011010011111001111100011100011110001000001100
00110100011100011110011101011110001111000011100000100000
01010010000110001011100101110001111000111100011110011111
01000110100011000001000001100000100000000000001000001000
01100010100101000001100000110000011000011100001100001110
01101010111100001110000111000011100001010001001010001001
01110000110000011001101000000000000000000000001000000100
00011101001100001110000111000111100111110111100001110000
00110111101011010100111110111000111001111100011110011100
01001101000110000011100000110101000111001000010100011010
01111011111110010101001111011111111111100110111010011101
00000000000000101000011000000000010000001000000000000000
00101110011111100111110001100110110110111111011111111111
00001110001111111001101011101100110111111100110110110100
01101100011110100110110011011000111000111000111100111110
01101000110110111111110111110001111110111100111100111100
01111111111011100101100110100010010011011100111100111100
01011111001110110111011111011111111111111101111101111111
01110111011111111101111111111100111110011111111111011011
01010011110000111000011000010111000011100101111011111011
01110111111011110001111100100000010010011001011100111110
01111111111010111100011111110011111001110100010110001111
01111001111100110110011111001011000111001010100110110001
01111111111101111110111111101111111101111100111010111101
01100001100000111000011000001100000101000011100001010000
01101001110000111000011000001110110111000011111001111000
01100111110100111110011111001110111111101011110000111000
10000000000100000010000010000000000000100000000000010000
10000100000000000000000000000000000000000000001001001010
10001000001100000110100111110000001000000000000000001000
10011000001001000000000000000000000010001100110010100011
10000010010101001000100000110000011000001100001110001111
10001110000111000010100011010001111110101111010011011011
10111110000111001011000010100101001110000110000011000111
10111100010110010001000000000100000010000001001001110100
10110110010111011011101011110101111111101111110011110011
10100000010000010000010000001110000111000010100001000000
10110100110000010100011100011100000100001000000000000000
10000111000011000101100011110001111000011100001110010110
10010101000100000011000101000001111000111101111100111001
10011011001011000101100100110000010001001101110000000001
10111101111110001111000111010011110111111011101001001100
10000011000010000000010000101000010000000001100001101010
11111011111000001000001000000110000010000000110000111000
11101111110110010000010100000000000000000000000100000100
11111111111111011111011111010111001011111101111111111111
10000110010011100111100111001011111111110011111001111000
10111100100111111010011111111111000111101111111001111100
11111000111000110100001100000000000000000000000000001000
11111110111111111111111101111110111111111111011111001111
10000111000111100011100001100000111001011101101110101111
10001101000110100111000011000001010000011100111110001111
10000001000000100100010100000000000100000010000100000100
10000011000001101000111000011100000100000111000011000011
10000001100000100001010000101000010100000010011001011000
10110001011000110001000100001100000110000000000000100100
10001111011110111111111111001111111111111011111101011010
10110001111000111100111010001100000110000011001001000100
10110111111010111111011111001111100111110011100001111000
11000111000110101011111011111011001101111111111111111111
11010001011100101110011111011111111111111100111110111111
11101111001111110111011011011111101111111011111001111000
11001101101010110100011000000000110100010110001111001110
11000111100111110011110001111000011000011100000100000100
11000101111110111000111100111111111111111111111111110101
11010101111100111100011111111110000111000010101101101100
11100001100000110001011000000000000000000000000000000000
11101011100011110001010001101001010001000000010000011110
11100001100000110001110001111000000100111100001110001111
11110111100011110000010000011000001110000111000011100011
11110011110011111101111001111100111100011111001111000110
11110011110011111001111101101110110111011011110001111011
11110001111101111110111111111111110111111011111101111111
