00000000000000000000000000000000000000000000000000000000
00000000000000000000000001000000000000000100001110000111
00000000000011000000100000010000011000011100001110001111
00000110000011000001100001110000011000001100001110001111
00000100000100000011100001110000111000111100001110000011
00000100000101000010000000000000000000000100011110011111
00000010000011000001100011110001101000110100010000000000
00001110000010000011000011110000111000111100111110001111
00001000001000000001100001100000110000101100000110100101
00000100000010000011100101110010001000000100010010011011
00000000000011000101100110010011101000110100001010001000
00011110001111000011100001110000001000001100000101000001
00001110000111000001100001110100011100111100101110001101
00011110011111001111100111110011010011011101011111001110
00000000000000001000001010000000001000001101000111000011
00000100000000000010000010000001000000100010010001001100
00010110010000001000000000110011110101110011111000110000
00000110000011000001100000101000010100011000011100001110
00011110000111000011000111001011010101010000000000000001
00000100000110001000011100000001000001100001100000101000
00001000000000000000010000101100000100000000001000001000
00010000001000010101011100001111100110100000000000000000
00010100000110011011011111001111001111000001100000101100
00011110011110010011011011101001111101110011110001110000
00100100011110000111000110000011000000000001000001000001
00110110011111000111100111110010111001111000111100001100
00100000010000001000100000110101011000110100001000000110
00100110000011000001100100110010000010110011011101101110
00100000010000001100001100001101000101000110100111101010
00110000010000011100000000000000000011000011100001110000
00100000110001001000100010110001011000001000011110101111
00000110000111100111100011100101110101110000111010111110
00000000000000100010110011110000101000010101000000100000
00000000001001110000111100010100011110001111110111111011
00100010010010101010111000011111000110000011000001000000
00100000110000100000000000010100001010000100100000110000
01000110000011000101100111100011110010111000111110011100
01001110001111001111011111111111111111111111111111110111
01111110011011001111101111111111111111111111111111111110
01110000010010011001010100001111100111000001000001000000
01000100100100000100001100010010001110001000000100000000
01001000100000011000001110111110011100011110101111001110
01111110111111000101100000100000010000001001000001100100
01100000110100001010011000000100010100010101010001110001
01101000111000011010001001000000000100000000110001101100
01101110111011011100100100101000001100000111000011000011
01100010000100110001110001110000101000000101000001110010
01000110100111100010000001100000000000000100000000010001
01110000110000110100011010001000000000000000000000000000
00001001001000000100000000000100000100000100000000010000
00110011111011111101111111111110101111101111110011110001
01010001100000000000000000000011100001000100001010001011
01010111100011001000001100010011011011101101110111110010
01101001101000100000001000000000100100000001000000100000
01100111100011100000010000001000010100000000001111101010
01101111100111110001000001000100100100000000100000000000
01100001110000111000001000000000001100101111011110101110
01101111100011110011111111111001110001110000011000011000
01100001110000111000011100001100000011010000011000000000
01110111110111111011110011111101111000111010011011010100
01110001110001111000111110111111001111101111110111111011
01111111111111111111111111001111110111110111111001101001
10000100001110000011000001000000100000100000110000011000
10001000001000000010000010000010000010100000001000001000
10000100000011000000000000000000000110000010000001000000
10010010000010011000011100000110000110000010100001001001
10101010000111000010000000010010111010011001001101001111
10111110111111011111110111111111111111111101111110111111
10001010000010101100011100001110010011011001111111111101
10010000000000110000010000100001100000000100001010001011
10000110000111111101111100011100001110001100010110101011
10111110111100111110101011011000000111001011000101001000
10100000100001111000111000001000000000000000000011000010
11001000001110000011000101100110111010110101100001001000
11000010000000010000010000011000000000000000110000111000
11011010101101011000101000010100000011000001000000000000
11011000111000011100001010001110000101000011010001000001
11101010100110010000001000010000000000100000001010001111
10101111000111000000101001110110111100001111001001001100
10000001000000100001010000011100001110000111110111111011
10110001010000100000000000010000000000001001000011001000
10000011100010110000011000011100001100000100000010000000
11010001000101000111100001100001110001111100111110111110
11000101010010010101011010001000000100000010000000000001
11001001100100010110011010001000100000010000000001000000
11100001110010001100001100000100001001000101101111101001
11100001110000001100001110000011000101100010100001100000
11111101101100010000001010001111000111000010000000000001
11111101101100010010111001100100000110100010000101000110
11001001001000100000000000100000011000001100010110001111
11111111011111100111100011110010111001110100111000111011
11111111011110101111100111111111111111111111111111111110
11111101011100101110011110000110001111001000100100000010
11100011000011100011110001101000110100110101001011001000
11110001011000110100001000000100000000000001000000100000
11001101101000110000000000001010000101000000100001010000
11100001100000100000010000000000000100010000011001110000
11111001111100111110001111000111100111110011111001011000
11111001111001110010111100011110101101100110010011111011
11110001110010111010110100101101100111110011010001111000
