00000000000000000000000000000000000000000000000000000000
00000010000000000000000000000000001000000100010010010000
00000100000000000000000000000000000000001000000100000111
00001010000011000010100010010000111000011000000000000001
00000010000000000100000100010000011000001100000110000110
00000110000010000101000100100000110000100100011110001011
00000000000000000100000100000011000001100100010010000001
00001000001000000100000010000000000000000010000110000111
00000100000000000001100000110000011000001110001001000101
00000100000111000001000000010000000000001110000101000100
00000110000011000001100011110000111100011100001110000110
00001010001101000110100110100011000101101100111111011110
00000000000000000000000100000010000100000011011001111100
00011110001011000011000000000000110000010100100000000000
00011100001010000110000100000010000001000000100010100001
00011110011111000111100111110011111111111011111101111100
00001110010110000000101100100011011100000100000000011000
00010000010001001000000000000000000000000100010010010011
00001100001010001010100101110101011110001110100111110011
00000100000010000000100000011000000000000100000000000000
00000000000000000000000000001000000100000010000001000000
00010010000000000011100011011001001100101011000001000100
00010000000000000000000000001011100110100011110001010000
00000110000001000010001001011100000100000000000001000010
00010000010000000000001000001111000111100101110010111001
00000110000110000011010011110000111000010000111100110100
00000110000011000000110001111000001000000100000000000000
00100110010010000001100001110001111100111110001100011110
00100100100100000100000010000000100000000110000011010000
00000000000001010000010100000110000111000001011001111101
00000000001000011000011100001110000111000011100000100000
00110100011010011101011111110111111011110111111011111011
01111010011111001111001111011111110111110011111101111110
01000000100000000000000010010001001000000100000000010000
01001010100111000011100001111111111110101111110111110110
01011110101100001110110101010110111010111000110000111000
01101100110100010000010000011100000110000010000001000000
00000000000000100000010000010000001000000111000111101110
00010000010001100100110100000000000011000000000100000010
00000010000000100011010111001001000011000001110000110001
00000100000100100000010000001000000100000110000010000010
00010010001111100000110001001000111100101111011111110111
00011110011111100011110001101001110000111000011100011110
00110000111100101110000110000010000000001000011000011000
00001110001110110111111111001111000111000010100111110001
00010000110011110000110000001000000100010001001001010000
00000000100000110000011000001000000100000011000101000010
00111010111001110100110101010011111101110000011100011101
01011100111101111111010010111111111111111011111111111111
00111101100000100000000100001000000100000010000000001000
00100001101000100100010000101000010100000000000000000100
00111001011000111001010100110100001010001111000111100010
00111101111110111110011100001010000101000001100011100001
00110101111010111101111110111111011111001111100111110111
01001101111100111111011111101110111110010111001101000010
01110101110110111111011010000000000100010010000001000000
01110101110110111011111111111111111111111111001111110110
10001000001100000000000011000001101000000100000010100011
10000110000101000111100110110001110001111001111001111101
10001110001011000101100011110001111000101110111011111110
10110010011001000100100110110011000011001001100001110010
10111110011111001111100111100111100110100011100001100000
10000000110000000000000000010000011000011101001010001111
10111110111001011110011110000111101101101110011111011011
10100000100000010000010000001000000000010000001000000000
11100000110001011000011000011110001110001111000101100000
10001011001110001111100111110011111011111001111101111110
10000001000000000000100000011010101000100101000100100100
10011001010100000010001011001101100111000111100001000000
11001001000001000000000001010101101000100110010111001111
11010011010001000001101001110000011000011100000110001111
11100001100000000000011000000000000000000000001000101011
11000001100000010000010000000000000000000000000000000000
11101001111100010110010110010011001011100111110011110001
11100011100011011001110101111110111110110111000011000011
10010000001000100100000100100010000010010000001100100100
11011100100110100000000001111000001000001111000111100011
11100000110000111100111110111111001111011100000010000011
10000001000000100000010000010000001000011100000000000001
10000111000111100011010000101100001100000110100011010011
10110001000000110000010000001000000100000000000001000000
11000001000000100010000001000010000010000001100000110000
11010011000000100011000011100001110000110001110000111000
11010001000000100000000000010000001000000010010001011000
11000111000011100001110000100100010000011000111100111100
11000011000011100001010000001001100001110000110000111000
11111101011101100111000011001001100001110100111110111101
11000111100111100011011001101100001110010101000010001110
11111111100011100001101001110110110111011111001101101111
11111001111001101010000011000000000000000000010010001000
11101001100000100001001000001110001100010100010100001100
11101101110100101100010110000011100001000011100001100000
11100101001010111101011100001100000000000000001000010001
11001111100111110011110001101100000110000011010011000001
11010001111000111100011100001011101101101110010110010001
11100001100000110100001110000100000100000010000001001000
11111001111000110110001101001110100111010011110001111000
11111011111011111111001111101111100111100011100001000000
11100011100001110000011000001000000100000010000000010001
11110001110000111000011000101000110000101100000000000100
