00000000000000000000000000000000000000000000000000001100
00000000000000000000000000000000000000000000010100000000
00000000000000000000000000000000000000001000000100000110
00000000000000000000000000000000000001111001111100111000
00000000000000000000000000000000000010000000000001110000
00000000000000000000000000000000000010000011000110100011
00000000000000000000000000000000000011000001000000010000
00000000000000000000000000000100000010000001000001101000
00000000000000000000000000010000000000000000001001000111
00000000000000000000000000100000010000000000000100000111
00000000000000000000000000100000010001011111101111111101
00000000000000000000000001111110110001000000000010111001
00000000000000000000001000000000000000010111000001100001
00000000000000000000010000000000001100000000000010000011
00000000000000000000010000001010000101000011010001100011
00000000000000000000100011110000010100000110000111000011
00000000000000000010000000000000000100000010001110000000
00000000000000000110100001000000000000101101000010100000
00000000000000100000000000000000000111100000000000000001
00000000000000100000010000000000000000000000000100000001
00000000000000100101101100000000000110000010000001101110
00000000001010000001110000000000000000000000000000000100
00000000010010000011000000000000001000000100001110001101
00000001000000100000000000000000111101111111011110000001
00000010000000000000000000000000000000000000000100000110
00000010000111000001100000000000000000000100000010001100
00000010011001000000000000000000000000000000000000000000
00000011010000000000000000000000000000000000000000000001
00000100010010011000011110011000000100000011100001111100
00000110000000000000000000000000000000000000000100000010
00000110000001000001110011010011100000010000111100000001
00000110000010000001000000000000000000000001100001010000
00000110000011000000000100000010000000000000001100000110
00000110000011000000000110000000000110000011100001110000
00000110000101000010100101110000111000011100011100001110
00000110000111000000000000000000000111100011110101111000
00000110001111000010011110011101001110011101000101111111
00000111010000000000000000000000000100000010000001000100
00000111010001010000001110100000000000000000000000110000
00001001000000000000000000000000000000000000000000000000
00001011100000000001000001110111110100001000011110000111
00001100000000110000000000000000000000000000000000000011
00001110000111000011100001000000000000000011000001111000
00001110001100100111110000001000001011000010100010000000
00001110110000110011000001000011100000001100100011000000
00011000000001000000000000010000000000000000000000000011
00011010000011000000000000000000000000010010001000011110
00011100000110000000000000000000010000000000000001111000
00011100001110000001100000011000000000000000000000111111
00011110001111000111100000110000001000000000000001000000
00011110001111010011101100110011000000000000000000000000
00011110011001111100100000000000100000000000010001001000
00011111010010101001011000011000001000011000001111100011
00100000000000000000001000100100001111101111111011111111
00100000100001000000000000000000000000000100001100000011
00110000000011001000100000000000000000000000000000000000
00111110000011001000110000000000000000000100000010110000
00111110001111000011101111110011111001111100011111001110
01010010000011000100000000000000000000000011111101111011
01011100111110011011101011110000011000101100011110001111
01100000001000001000001000001011101100110000011000111011
01100001100000000000000000000000011000000000000000000000
10000001000000000000000001000011000000111101001111111111
10000001000000100000010000111000010111100011111110011111
10000001100000001100000000001110000111000111111110011111
10000001110000110000001100000000000000000000000000000000
10000010000001000000001100001111000110100011110001100000
10000010100000011000101100110000101000011100011011001011
10000111010011000001100000110000001001011110100111000100
10001101100000000100000011100000111000001100000111100011
10001101111100001000010100001110000101000000000000000000
10011001111011000000000000000111100111100111111111111111
10011101000000000000000010000000000000001100011000000000
10011110000111000011100000110000011100100010110110001111
10100000000000110000000000000000000000000010000001001100
10100000100100010100111001011100001011001100000000011000
10101001000100110000011000001110000110100011110001111100
10111110111111111101111100011110011110001000010001101110
11000000000000001000000011000000000010000011010111001001
11000000010000011000011011001110110111100011111001111111
11000001111000010100000001001111110111110011010011100011
11001010100100000011100001000100000010000001100010000001
11001100001100000000000000000000011000001000000100000000
11001101111111111111111101101010000100001010000101010100
11010011111001000000000000010000000000000000000110001111
11100000000000000000000000000000010100000010000000000000
11100001100000110000011000001000000000000000000010000001
11100001110000000000010000001000000110001100100100010001
11100001110000111000011110001110000100000010000011110000
11100001110100100100000000000010000000000000111000011111
11100111110011100001100010110001001000110100000010000000
11110001000000000000000000000000000000000000011101100110
11110011111001111110011110011101111001110000001101101110
11110011111011111100011101001111101111111111111111111111
11111001101000111000011111001111000111110011110001110000
11111001111000100000000000000000000000000000001100000011
11111111101110100111000011111000110010000011000000000000
11111111110011111000110000110000000000000010111101100000
11111111111100000111000000000000000000000000001000000000
11111111111111000100110000001110000111000111100011110001
