00000000000000000000000000000000000000000000000000000000
00000000000000000000000000000000000000000000000000000000
00000000000000000000000000000000000000000000000000000000
00000000000000000000000000000000000000000000000000000000
00000000000000000000000000000000000000000000000000000000
00000000000000000000000000000000000000000000000000000000
00000000000000000000000000000000000000000000000000000000
00000000000000000000000000000000000000000000000000000000
00000000000000000000000000000000000000000000000000000000
00000000000000000000000000000000000000000000000000000000
00000000000000000000000000000000000000000000000000000000
00000000000000000000000000000000000000000000000000000000
00000000000000000000000000000000000000000000000000000000
00000000000000000000000000000000000000000000000000000000
00000000000000000000000000000000000000000000000000000000
00000000000000000000000000000000000000000000000000000000
00000000000000000000000000000000000000000000000000000000
00000000000000000000000000000000000000000000000000000000
00000000000000000000000000000000000000000000000000000000
00000000000000000000000000000000000000000000000000000000
00000000000000000000000000000000000000000000000000000000
00000000000000000000000000000000000000000000000000000000
00000000000000000000000000000000000000000000000000000000
00000000000000000000000000000000000000000000000000000000
00000000000000000000000000000000000000000000000000000000
00000000000000000000000000000000000000000000000000000000
00000000000000000000000000000000000000000000000000000000
00000000000000000000000000000000000000000000000000000000
00000000000000000000000000000000000000000000000000000000
00000000000000000000000000000000000000000000000000000000
00000000000000000000000000000000000000000000000000000000
00000000000000000000000000000000000000001000001000000000
00000000000000000000000000000000000000010000011100000000
00000000000000000000000000000011100000111000000000000000
00000000000000000000000000000000000000010000011100001100
00000000000000000000000000000000000100001100000010000000
00000000000000000000000000000000000000100010000000000000
00000000000000000000000000000001110000010110000000000000
00100000000000000000000000000000000000000000000000010000
00100000000000000000000000000000010001001100110110001000
00000000000000000000000000000000101000000000000000000000
00000000000000000000000000000001000010110000000000000000
00000000000000000000000000000000000110000011000000000000
00001100000000000000000000000000000000000000001000000100
00000000000000000000000100000011000001000000000000000000
00000000000000000000000000000000000000001000000000000001
00000000000000000000000000000000011000010100001000000001
00000000000000000000000000000000000000000100000100000011
00000100000000000000000000000000000000000000000110000001
00000000000000000000000000000000000000000000000001000001
00000000000000000000000000000100000100000000000000000000
00000000000000000000000000000100000101000100000000000000
00000000000000000000000000000110000000100000100000000000
00100000000000000000000000000000000000000000000000100000
00000000000000000000000000000000000000100001000000110000
00000000000000000000000000000000000010000001010000100000
00000000000000000000000000000000000100000000001000100010
00000000000000000000000000000000000000000010000001100001
00000000000000000000000100000100000000000010000110100101
00000010000000000000000000000000000000000000000000000010
00000010000000000000000000001000011000001010000100000001
00000010000000000000000000000000000000000000000010000011
00000110000000000000000000000100000000000110000010000000
10100000000000000000000000000000000000000000000000000000
10000010000000000000000000000000000000000001000100000000
10000110000000000000000000000000000100000100000110000001
01000000000000000000000000000000000001100000110000100000
01000000000000000000000000000000000001000010000000100000
10001010000000000000000000100010000101001110110001010000
00000000000000000001000001000100000000100000110000000000
01000000000000000001000000010000000000001000001111100001
00000000000000000010000011000000010000000000000000000000
00000000001000000000000000000000000000000000000000010000
00000000001110000010000000000000000000000000000000000000
00011000000000000001111000110000011000000000000000000000
00000000000100000000100000000000000000000000000000000000
00000000000100000000100000000000110000011000000000000000
00000000000000100000000000010000000000000000000000000000
00000000000000000111000001000000000100000110000010000000
00011000000100000110000001000000000000000001100001000001
00000000001100000100000100000001100000001000010000000000
00000000001100000111010000000000000000000000000000000000
00000000000001000001000000000000000000000000000000000000
00000000000011000000000000000000000000000000000000000000
01001001000101100000100000000000000000000000000000100000
00100000010000000000000000000000000010100000000000000000
00000000010000000000000000000000000000000001000000001010
00000000010000100000110000000000000000000000000000000000
00000000010000000100000000000000000010000000010000000000
00000011010000000001100000000110000000000000000000000010
00000000000000001000000010000000000111000001110000000000
00000000000000001110000010000000000000000000000000000000
00000100011000001100000000000000000000000000000000000100
00000010000010010000000000010000000000100000100000000000
00000001000000011100000001110000010100000000000010000000
00000000100000000000000100000000000001000000001000000000
01000001110000000000000000000000000011000011000000110000
00000000101000010000001000000000000000000000000000000000
00001111100010110000000000000000000000000000000000000000
01100000110000010100000000000000000000000000000000000000
