00000000000000001000100000010000110011010101101110111010
00000000000000001000001010011000010000000000110000001100
00000000000000010010010010001000001101000000011010001100
00000000000010011000011000111010100010001100110010101000
00000000000100000000100110001000000010011000000000101100
00000000001000001000000111000110001001100000101010000000
00000000001000001000001000001101000000101100100000101010
00000000001000000000110010001100110010000110100110101100
00000000011100011010110001100000101010001100000000001010
00000000100000000010101010001010010001000010101100000000
00000000100000001010101011001011100000100000101000000000
00000000100010001110001101100011010000110100000000000110
00000000110100000000001001000000000000101000100000001010
00000001001000010100110101110001111000011110100000000000
00000001011000110110001000110010000010001010110000101000
00000001101010111000100010100110111110000000101110101011
00000011001001111100110100000010111001101100101100100101
00000100000101001110001010001010101111110001110100010010
00000110000010001010101000101000000011111000001110000111
00000110011010000010000111000011101011011000000110010010
00001000001010000000001010101010101000010110100100100010
00001000100000101010000010110001110001000011101000111001
00010110000010000000100010101010101001101011101000000010
00010111110011100010011110000001100110000001101000101010
00011001010000111010010100001101000011101101010100111000
00011010110110000110101001100010110000011010011110000101
00011100111000100010101001101000100000000011111000100100
00011110001000111000111111001110111010101000100000001100
00100000001000001010000010100110000001111000110110111000
00100000001000010000000101001000000010100011011000001111
00100000010110001100001000001010001010101111010000111010
00100110100100001010000010000001110010001010100010111010
00100110110011000000001000011100000100000000110100100011
00101010110001100000101000101000100011100000011011111100
00101101100001001100101001001010001010000000001010000000
00101111101100000010110100001011011110100000011110100100
00110010001010000101111100001001010101111111110010101000
00111100100100101011000010000010001010001100100110001001
00111110000110100001000000111000110100000110010000110110
01000001100000101010000000000010000000110000001010111011
01000010011001000010101111000010101011001001110010001010
01000101111000011000010111101010000111001011101110111001
01001110011010010110001110001010001000110010111000100011
01010000001110011011000001010010001010111110001000101110
01100000001010001000001011011110101101100010101010001011
01100000011000010010000000000000100010101000010000111000
01100001011000000000100110101011001010000010111100111001
01100001110010010000101010100010100011110100000110100010
01101001000000101100000010001010111010100000100100111001
01110000100000000000100110001001110001010000101110001111
01110000110000001100101100000001101000001010011000110000
01110001010110011110000010101111110000111011100010100111
01110001011000001110110110101000001001011001000000000110
01110010000011001000001100101100101001001000101000101000
01110100000000001000111100101110101000101111110100100100
01110110010011000001100010001010000001101000101000001010
01111000100000111110011001100001110001011010001100101101
01111100101111001010100000100001000000010001010010000100
01111101110100100100000011100010001011111000110110011000
01111110100010011000001000000011101011110110100000000111
10000000100000111000000000000111000010101100001100101110
10000001011000001110100110001011101010111100001100000001
10000001110000101100010011100001011000000010001000000010
10000011001000110100100000101010001100000001100010011000
10000101011010011000011000000100101101101010001100100101
10001001010110000010000010100001101000111110101000101110
10001111101010111010000000001110100011010000011110001100
10010000011100000100101001100000100000000011100000010110
10010000011110101001110000100110000010101010111010011011
10010100111011000011000010101111001101000001001010100000
10100000010000100000001000000001100011001000010010101110
10100000100000001110110000101110001101110110010000111010
10110000100110111000000110011100000100000000011010011000
10110001000001100010111010000001010010000100101000000001
10110010001010000010001000001010010111000010010010101100
10111000000110110101000000110001001010100100001110101111
10111000001010001010000000001110000110100010101100101001
10111000100000110010011000001010001101000011101010001010
10111111110000000000000000100010100010101010001010100000
11000000110101100000010011101110010111001110101010000101
11000001001000101000000001100011001010110110001110110101
11000001001111010111101110100011111011101110100000010000
11000001100010011010001000000001100000110010000010000000
11000010100001010010001000010010100000001110111000100111
11000010100010001110001110101111101110100011100100101111
11000100010010001110001000001010101001100000110000011000
11010000111000100000101010000001011000010011101001111000
11100000001110100000000000001100110111100001001010100010
11100000100010001010101010010001111000100010101010001010
11100100100000100000101000000010001001011010001100110010
11101000100010000000101010100000011010101001000001010100
11101110111010011010100010100110101010100000000000001010
11110000010100010000010000001110011000100110010110101010
11110000110010001000011010000010101010100001111111110000
11110001011001000010100110101000110010110100100100000111
11110001101100111010110110100010010110001001101001000010
11110100110110101011001010100100001000110100001100001111
11110110001110001100001011100010110000101110011010011110
11110110110010000100000000001000000110111000101001101100
11111001100000110000001000001010011010001100000110000010
