00000000010111000010100101110110000101111000110001100000
00000000100000110000001100010001111001001011101111010000
00000001000001110100001100000001010000000010100001110111
00000001010100101111000111100110111000000101111000100000
00000100000000011001001000011001010111001000010111101000
00000101010100011000010111010101110001100011101001100000
00000101110101001001001111000100110101100111100011000000
00001001011001010111100100110100010100100101010001111100
00001001110001010111011000011001001111111101101100000011
00001100011011010110110001000001010000000000100101100010
00001101000101000011110010100001101000110010100110000011
00001101010100000001011001011100010010010101011001000110
00001101011001100001100101100100011110010111000010000111
00010001001001011100000001001110000011010000100001100000
00010001010001010001010110010011100110010010000111100001
00010001011011010110010101110110001111010001010010000110
00010011001111010101110101100000000000011001011010000100
00010011010111010011100001110100000001011000001010100001
00010100000001011100101100100000010000010000101000001010
00010101011011000101000101000000000001001100111111001111
00010101011100010010001000001101011011000100001011000010
00010110000000100100110001011100010110001001100101101110
00011001001110000011000100010001110100000100000110100101
00011001010000011100000010010100110001010010000000011010
00011001111000010001000011001100100100010001110011010000
00011010000001010001010011011101010001110011010111001001
00100000000101000110100000000101100111001101000100100100
00100001000000110110001101010001010100010010010100111011
00100100111101000000000000011011010100011111110001110000
00100101001101001001000100010100000001101100001010011010
00100101011000011101110010100101010101001100100110100011
00100111000010010011000101000101000111111110100100100101
00101101000110100101010111000100000110000011001101011010
00101101101101100101000100110011010000100100001110100101
00101111011010010011100001110100010001010100000000000101
00110001101000010000000101000000000000000001000100000101
00111001011000010000110111110100000000010010000000011100
00111101000100011000000101110100011101001001010000000110
00111101000101011011010000100011011101001000000010000100
01000000000000010000000101010000010001010000011000001111
01000000000000110101000101111111000011010101100010100001
01000000011101000000010010010001000001100110000000000010
01000000110101110101000101011000110010011001011100000110
01000001000101000000010101011101000000000010110000101000
01000001101001010101000100110001010001001110011100111110
01000101010100000000011000011010000001010010000000000000
01000101010111010001000101010011000000100100001100010010
01001001000110000000100101011010100111010011000000100000
01001101000100110001111100011011000100100101110011110101
01001101001101000101010101101001001110011101101000010100
01001110011001010011000100000001010001000011101000011001
01010000000110010010110011110101010011000110000010011011
01010000001000011100000100010110000100000001101110000110
01010000010001010001011001010010101001110100111010101100
01010001010010010110111101000001001111100001100100100000
01010001011000010001010110000101000001101000011010111011
01010001101101111001110100010101010100100010000001111111
01010100000001000101000100111001011001001000000001101000
01010100000100100101010001110000100001111100011111110110
01010100001100001101000000000001000101011001111011011110
01010100011000010110100100010001011101000101000001000000
01010101001001010010000100011000010110111100011010110010
01010101011000001001010100000100010110010001111100010001
01010101101000100000000000010100001101101001000110001100
01010110010011000100100010000101111100100001010100000011
01010111010010000001110000000000010000010110110001011000
01011011011100010010010010111110110000001000001000001110
01011100100101110001000101010101001001011001000100000010
01011101010100100000011100000000000000001100000010000011
01011101010101110001010001010100110100011101101111010000
01011101100100001000000101001101000101100011100011010011
01100000001000101100000100001111100001010000001100000000
01100000001100000000001100000110010001000100010010010101
01100010010101000011111010101010101100010100100000110010
01100100011100100000011011000010000001100101011001111110
01100100111000000001000111010100000000000110101001111100
01100101001110000011000001100101010001000011101100001000
01100101011010010010000001000101000100011001001010010100
01101001001111010011100010000010010000001000001111010110
01110000110100001101010000000000010000010000000001100000
01110001000101010011111000100101000100110001011101110010
01110001101101000010010100110100101000011101001100000000
01110100010000000010000101010000000001101100000010010101
01110100010101000001100101100101000100111010110000001010
01111101111101001100000101000101000101010100101110001101
01111111101011110000000000000111000010010011000100010011
10000100000010110110101100010100010000111001000100011000
10001000100100001001001111010101010100010111010101110100
10001100101101000000000000100100011001000101000100000000
10010100000000111000101110110101010010000100101100001000
10100001111001000100001101001001010011111000000100110111
10100101101001000101001100000101000111011111010101000001
10101110101100000101110001000101001100001101001000011110
10111000110101000001000000100100110001011010000001110100
11000001100100010100000000110111011000111000010010111111
11000100111101100101011000001100100000101101001100001100
11000101101111010011010100011100010011000000100000101110
11011101011000000101010000110001001100100010001101101011
11011101011101100101110101000000000100010010010100110000
11110101110000111110000001010001111100010100000100000000
