000000000000110011010000101001010010001111110111
000000000001010011110000101001010011010000110110
000000000001110111000000101001010100010111010000
000000000000110111100000101001010010011000010110
000000000001010011111000101001100011010001010111
000000000000110110011000101001010010010110000110
000000000001110111000000101001100100010111100000
000000000001010011111100101001011011010001010111
000000000001110010111000101001010100001111000000
000000000001010011000100101001011011001111100110
000000000000110011011000101001100010010000010110
000000000001010111010100101001011011011000000111
000000000001010111111000101001100011011001010111
000000000001001111111000101001100011001001010110
000000000001001110111100101001011011000111010110
000000000001010111000100101001001011010111010110
000000000001010111001100101001011011010111110111
000000000001001011111000101001010011000001000110
000000000001010111111100101001011011011001010111
000000000000110111100100101001011010011000100110
000000000001010010111100101001001011001111000111
000000000001010011000000101001100011001111100111
000000000000110011100000101001100010010000100111
000000000000110110101000101001100010010110110110
000000000001010110111000101001100011010111010110
000000000001010111000000101001010011010111010110
000000000001001011111000101001010011000001000111
000000000001001010111100101001011010111111010110
000000000001010110000000101001100011010101100110
000000000001001111001100101001001011000111100110
000000000001110110000100101001011100010101100001
000000000001010011010100101001011011010000000110
000000000000110010011100101001011010001110010110
000000000000110110000100101001011010010101100111
000000000000110110101000101001100010010110110110
000000000001010111110000101001010011011000110111
000000000001010110000100101001001011010101010111
000000000000110110100000101001100010010110100111
000000000001010110111100101001011011010111010110
000000000001010111111000101001100011011001010111
000000000001001110111000101001100011000111010110
000000000000110010100000101001010010001110010110
000000000001010010000000101001010011001101010111
000000000001010010111000101001010011001111000111
000000000001001011000100101001011010111111100111
000000000000101011011100101001011010000000010111
000000000000110011110000101001010010010000110110
000000000001010010111000101001010011001111000110
000000000001110111000000101001010100010111010000
000000000001010011000100101001011011001111100110
000000000000101111101100101001011010001000110111
000000000001010011000000101001100011001111100111
000000000000101010000000101001100001111101100110
000000000001110111000100101001011100010111100001
000000000001001011111100101001011011000001010110
000000000001010011000000101001100011001111100111
000000000001110011111100101001011100010001010000
000000000000110011010100101001001010001111110111
000000000000110111011000101001010010011000000111
000000000001010011111000101001010011010001000111
000000000001010111111000101001100011011001010111
000000000000101111100100101001011010001000100110
000000000001010111010000101001100011011000000111
000000000001010011101100101001001011010000100111
000000000001010010101100101001001011001110100111
000000000001110111101000101001010100011000100000
000000000000110110010000101001100010010110000111
000000000001110110111100101001011100010111010000
000000000001110110111100101001001100010111000000
000000000000110110100100101001011010010110100110
000000000001010011000000101001100011001111100110
000000000001010111000100101001011011010111100111
000000000001001111111000101001010011001001000111
000000000001110111111000101001100100011001010001
000000000001010011111100101001011011010001010111
000000000001010010000100101001001011001101010110
000000000001010110000100101001001011010101010110
000000000000110010100000101001100010001110100111
000000000001010110111000101001100011010111010111
000000000001010111111000101001100011011001010111
000000000001010010000100101001001011001101010111
000000000001010111000100101001001011010111010111
000000000001110110010100101001011100010110000000
000000000001010111000000101001010011010111010111
000000000001001011000000101001010010111111010110
000000000000110110101100101001011010010110110111
000000000000110111011100101001001010011000000110
000000000001001110111100101001011011000111010110
000000000001101111000000101001100100000111100000
000000000001010010000100101001011011001101100111
000000000001010111010100101001011011011000000111
000000000000110110100100101001001010010110010110
000000000001010110000100101001011011010101100111
000000000001110111000100101001011100010111100001
000000000000110011100100101001001010010000010110
000000000001010110000000101001010011010101010111
000000000000110010011000101001010010001110000110
000000000001010011111000101001010011010001000111
000000000001010111000100101001001011010111010111
000000000001010111101100101001001011011000100110
