000000000001101001001100101000111011111011010111
000000000001101001101100101001011011111100110111
000000000001011001110100101001011011011101000111
000000000001001001011100101010011010111101010110
000000000001001001011100101001011010111100010111
000000000000101001101100101000111001111100010111
000000000000001001001100101001111000111100010111
000000000001101001111100101001101011111101100110
000000000000101001000100101001011001111011100111
000000000001001001010100101001111010111100100111
000000000001101001100100101001111011111101000111
000000000001101001000100101000001011111010010110
000000000001101001100100101001101011111100110110
000000000000101001000100101000101001111010110111
000000000001001001101100101001011010111100110111
000000000000001001000100101010001000111100010111
000000000001101001000100101001111011111100000111
000000000001001001000100101001101010111011110111
000000000000011001001100101001011001011011110110
000000000001101001011100101000111011111011110110
000000000001011001001100101001101011011100000111
000000000001011001001100101000101011011011000111
000000000000101001100100101000111001111100000111
000000000001101001010100101000111011111011100110
000000000000001001001100101000001000111010100111
000000000001101001110100101001011011111101000110
000000000000101001010100101000011001111011000111
000000000001101001101100101001011011111100110110
000000000000101001111100101000111001111100110111
000000000001101001000100101001101011111011110110
000000000001011001000100101001111011011100000111
000000000000101001001100101000111001111011010111
000000000000001001001100101001101000111100000111
000000000000101001011100101000111001111011110111
000000000000101001011100101001101001111100100111
000000000001011001011100101001101011011100100111
000000000000101001010100101001111001111100100111
000000000000101001010100101000111001111011100111
000000000001001001100100101001001010111100010111
000000000001101001010100101010001011111100110110
000000000000101001001100101001011001111011110110
000000000001001001010100101000101010111011010110
000000000001101001001100101001011011111011110111
000000000000011001011100101010011001011101010111
000000000001101001011100101000101011111011100111
000000000001001001101100101001001010111100100111
000000000000011001000100101001101001011011110110
000000000001011001100100101001101011011100110111
000000000000101001101100101000101001111100000111
000000000001101001000100101000111011111011000110
000000000001101001101100101001101011111101000110
000000000000011001010100101000111001011011100110
000000000001011001100100101001001011011100010111
000000000001011001110100101001111011011101100111
000000000000101001000100101000101001111010110111
000000000000101001100100101001111001111101000111
000000000000101001101100101000011001111011110111
000000000000101001110100101001001001111100110111
000000000001101001100100101010001011111101010111
000000000001011001000100101000101011011010110111
000000000001011001101100101001011011011100110111
000000000001011001010100101001101011011100010111
000000000001011001100100101001111011011101000111
000000000000101001100100101001011001111100100111
000000000000101001001100101000101001111011000111
000000000001101001000100101000111011111011000110
000000000001101001110100101001001011111100110111
000000000001011001110100101001101011011101010111
000000000001011001100100101001101011011100110111
000000000000101001110100101010001001111101110111
000000000001011001010100101000001011011010110110
000000000000101001101100101000001001111011100111
000000000000001001011100101001001000111100000111
000000000001011001110100101001011011011101000111
000000000000101001000100101000111001111011000111
000000000000011001110100101001111001011101100111
000000000001101001101100101001101011111101000111
000000000001101001000100101001011011111011100110
000000000000011001101100101001111001011101010111
000000000001001001111100101010011010111110010111
000000000000101001111100101000111001111100110111
000000000000101001101100101001111001111101010111
000000000000011001010100101001101001011100010111
000000000001011001000100101010011011011100100111
000000000000001001010100100110001000111000110111
000000000000101001000100100111011001111001100111
000000000001101001111100101000101011111100100111
000000000000101001000100101001111001111100000111
000000000001101001000100101000001011111010010111
000000000000001001110100101000001000111011110111
000000000000101001011100101001011001111100010111
000000000000101001001100101000011001111010110111
000000000001101001001100101001011011111011110110
000000000000101001111100101001001001111101000111
000000000001101001010100101001101011111100010110
000000000001101001010100101001101011111100010110
000000000001101001101100101001101011111101000110
000000000000001001011100101000001000111011000111
000000000000101001011100101001101001111100100111
000000000000001001111100101000001000111100000111
