000000000001011011101000101001010011100000100111
000000000001101001101100101001001011111100100110
000000000001100110000100101001011011110101100110
000000000000101111101100101001011010001000110110
000000000001011111000000101001010011100111010111
000000000001101100000100101001010100000001011000
000000000001011010101100101001001011011110100111
000000000000101011101000101001100010000000110111
000000000001101010001100101001011011111101110111
000000000001100100000100101001011011110001100111
000000000000101011101000101001100010000000110111
000000000001100110100100101001010011110110011111
000000000001101010001000101001100011111101110111
000000000000101010010100101001011001111110000110
000000000001101101100100101001001100000100010000
000000000000101011010000101001010001111111110110
000000000001011110000100101001001011100101010111
000000000001011110001000101001100011100101110110
000000000001100011111000101001100011110001010111
000000000000101001110000101001010001111100110111
000000000001011001101100101001010011011100101111
000000000001101100001100101000111100000001010001
000000000001011011111100101001011011100001010111
000000000001001111000000101001010011000111010110
000000000001011001111000101001010011011101000111
000000000000101011010100101001001001111111110110
000000000001101011110000101001110100000001010000
000000000001101100111100101001010100000011001001
000000000001001100000000101001100011000001100111
000000000001100011111100101001100011110001011110
000000000000100110110100101001001001110110110110
000000000001011000111100101001011011011011010110
000000000001010100001100101001011011010001110111
000000000001011111001000101001000011100111010110
000000000001011111111100101001011011101001010110
000000000000101100011000101001100010000010010111
000000000001010001000100101001001011001011010111
000000000001101000000100101001001011111001010111
000000000001100110101100101001000011110110011110
000000000001100001111000101001100011101101010111
000000000001100111111000101001100011111001010110
000000000001100111111100101001011011111001010111
000000000001101100111100101001011100000011010000
000000000001101100111000101001100100000011010000
000000000001100001111000101001011011101101001111
000000000001100001111000101001010011101101000111
000000000000100010010000101001010001101101110111
000000000001100100000000101001010011110001010111
000000000000101111100000101001010010001000010111
000000000001100101111100101001010011110101001111
000000000001100001010100101001011011101100000111
000000000001001101111000101001100011000101010111
000000000001101010000100101001010011111101011111
000000000001011001001100101001011011011011110110
000000000001100100001000101001000011110001010111
000000000001100110000100101001001011110101010111
000000000000100000101000101001100001101010110111
000000000001010110000000101001010011010101010111
000000000000101011101100101001010010000000101110
000000000001100011111000101001100011110001010111
000000000001101000001100101001011011111001110111
000000000001100110001000101001001011110101011111
000000000001010001111100101001011011001101010110
000000000001011100111000101001100011100011010110
000000000001011101101100101001001011100100100110
000000000000100111110100101001001001111000110110
000000000001011011111100101001011011100001010111
000000000001101010111100101001011011111111010111
000000000001011000111000101001100011011011010111
000000000001101111010100101001011100001000000000
000000000001100111111000101001011011111001001111
000000000001100101000100101001001011110011010111
000000000001011001010000101001100011011100000111
000000000001010110001100101001011011010101110111
000000000001101000000000101001001011111001001111
000000000001101110000000101001010100000101010000
000000000001010111010100101001011011011000000111
000000000001100111110000101001110011111001010111
000000000001101001111100101001011011111101010110
000000000001100001110100101001101011101101010111
000000000001101001111100101001011011111101010110
000000000001011111110100101001001011101000110111
000000000001001110111100101001011011000111010111
000000000001100100000000101001001011110001001111
000000000001011011000000101001001011011111001110
000000000001100010001100101001000011101101011111
000000000001011010000000101001010011011101010110
000000000001011101111100101001011011100101010110
000000000001011111001000101001100011100111110111
000000000001011010111100101001011011011111010111
000000000001101110001000101001001100000101011000
000000000001100111001000101001000011110111010111
000000000001001101000000101001010011000011010110
000000000001101011001000101000111011111111001111
000000000001011001111000101001100011011101010110
000000000001010110000000101001010011010101010110
000000000000100111100100101001010001111000011111
000000000000101110011000101001100010000110010110
000000000001001100001100101001011011000001110111
000000000001100011110000101001010011110000110110
