000000000001101001001100101001101011111100000110
000000000001101001010100101000111011111011100111
000000000001011001000100101000101011011010110111
000000000000101001001100101000101001111011000111
000000000001011001100100101000011011011011100111
000000000000101001001100101001101001111100000111
000000000001101001110100101001101011111101010110
000000000001101001111100101000111011111100110111
000000000001011001100100101001111011011101000111
000000000001101001110100101010101011111110010110
000000000001101001011100101000111011111011110110
000000000001001001111100101001111010111101110111
000000000001001001100100101000001010111011010111
000000000001001001011100101000101010111011100110
000000000001001001010100101000001010111010110110
000000000000101001000100101000101001111010110111
000000000000101001011100101000011001111011010110
000000000001101001110100101000101011111100010111
000000000000101001001100101001111001111100010110
000000000001101001101100101001111011111101010110
000000000000101001010100101000101001111011010111
000000000000101001110100101000011001111100000111
000000000000101001011100101000111001111011110111
000000000000101001111100101001011001111101010111
000000000001011001011100101000001011011011000111
000000000000101001100100101001111001111101000111
000000000000001001101100101001101000111101000111
000000000001101001110100101001001011111100110110
000000000000101001001100101000111001111011010111
000000000001011001101100101010101011011110000111
000000000000011001111100101000011001011100010111
000000000000101001000100101010001001111100010111
000000000001101001001100101001111011111100010111
000000000001101001100100101010011011111101100110
000000000001101001111100101000111011111100110110
000000000000011001011100101001011001011100010110
000000000001101001001100101001111011111100010110
000000000000101001010100101010011001111101000110
000000000000101001100100101001111001111101000110
000000000000101001000100101000101001111010110111
000000000001101001110100101010011011111110000110
000000000000101001110100101010101001111110010111
000000000000101001000100101000101001111010110111
000000000001101001101100101010011011111101110111
000000000000001001101100101010011000111101110111
000000000000011001011100101010011001011101010111
000000000001011001101100101001011011011100110110
000000000001011001100100101010011011011101100111
000000000000011001000100101010001001011100010111
000000000000001001111100101001001000111101000111
000000000000101001101100101001111001111101010110
000000000001001001101100101010011010111101110111
000000000001011001101100101000111011011100010110
000000000001011001111100101010011011011110010111
000000000001011001001100101000001011011010100111
000000000001101001010100101000011011111011000110
000000000001001001001100100110101010111001000111
000000000001011001011100101001111011011100110111
000000000000101001101100101001001001111100100111
000000000000001001001100101000111000111011010111
000000000001011001010100101010011011011101000111
000000000001011001001100101001101011011100000110
000000000000101001011100100111101001111010100111
000000000001101001011100101001111011111100110110
000000000001101001101100101010011011111101110111
000000000000101001011100101001011001111100010110
000000000000101001111100101001001001111101000111
000000000001011001000100101001011011011011100111
000000000001101001100100101000111011111100000110
000000000001011001101100101001111011011101010111
000000000000101001001100101010011001111100110110
000000000001101001100100101001001011111100010111
000000000001011001110100101000101011011100010111
000000000000101001010100101001101001111100010110
000000000000011001010100101001001001011011110111
000000000001101001011100101000001011111011000110
000000000001101001011100101000111011111011110111
000000000000101001000100100111101001111001110111
000000000000001001000100101001101000111011110111
000000000000011001111100101001011001011101010111
000000000000011001100100101001101001011100110110
000000000001101001100100101000111011111100000110
000000000001011001000100101000101011011010110111
000000000000001001101100101000101000111100000111
000000000001011001110100101000101011011100010111
000000000000101001000100101000111001111011000111
000000000001011001101100101001011011011100110111
000000000001101001111100101000101011111100100110
000000000001101001011100101000101011111011100110
000000000000101001100100101000101001111011110110
000000000000001001101100101001011000111100110111
000000000001101001110100101001001011111100110110
000000000000101001010100101000111001111011100111
000000000001101001011100101001011011111100010111
000000000000101001101100101001011001111100110110
000000000000101001110100101010011001111110000111
000000000000101001100100101000111001111100000111
000000000001011001001100101000111011011011010111
000000000001101001001100101000111011111011010111
000000000001011001011100101010011011011101010111
