000000000001101001111000101001101011111101011110
000000000001011101001100101001011011100011110111
000000000001011110101100101001001011100110100110
000000000001011011111000101001010011100001000111
000000000001010101000000101001010011010011010111
000000000001010110000100101001011011010101100110
000000000001011101001000101001000011100011010111
000000000001100010000000101001010011101101010110
000000000001101001110000101001110011111101010110
000000000000101100100000101001010010000010010110
000000000000101000010100101001010001111001111110
000000000001100010111000101001010011101111000110
000000000001001101111100101001011011000101010110
000000000001011001000100101001001011011011010110
000000000001010111000100101001000011010111001111
000000000001100110101000101010000011110111010110
000000000001011110111100101001011011100111010110
000000000001011101111100101001011011100101010111
000000000001010101111000101001010011010101000111
000000000001101000001000101001000011111001010111
000000000001100000010000101001101011101010001111
000000000000100111101000101001011001111000101111
000000000001101010010100101001100011111110001111
000000000001001101000100101001001011000011010110
000000000001011001100100101001010011011100011110
000000000001100010000100101001000011101101001110
000000000001100100001100101001000011110001011111
000000000001100111000000101001010011110111010111
000000000000100111101100101001011001111000110111
000000000001101101100000101001010100000100010000
000000000001100010000000101001001011101101001110
000000000001101100001100101001011100000001110000
000000000001011001001000101001100011011011110111
000000000001101100000100101001001100000001010000
000000000001101001101100101001111011111101010110
000000000001100011110000101001010011110000110110
000000000000101001101100101001011001111100110110
000000000001011000000000101001100011011001100111
000000000001011101111100101001011011100101010110
000000000001001100111000101001100011000011010111
000000000001100101111100101001011011110101010110
000000000001100001111000101001100011101101010111
000000000001100011111100101001100011110001011111
000000000000101010010000101001010001111101110110
000000000001011100000100101001001011100001010111
000000000001001110111100101001011011000111010110
000000000001110011111100101001011100010001010000
000000000001011001000000101001100011011011100111
000000000001100001111100101001010011101101001110
000000000001010101000000101001010011010011010110
000000000000100000101100101001011001101010110110
000000000001101001111000101001100011111101010110
000000000001011100000100101001001011100001010110
000000000001100101111100101001100011110101011110
000000000001101100000000101001011100000001011000
000000000001010101111100101001011011010101010110
000000000001101110001000101001000100000101010000
000000000001001110000100101001011011000101100110
000000000001100111000100101001011011110111100110
000000000001100011110000101001111011110001011110
000000000001010011110000101001010011010000110111
000000000001101010000100101001010011111101011111
000000000000101100100000101001010010000010010111
000000000001100011000000101001100011101111100110
000000000001101110001000101001000100000101010000
000000000001011010001100101001011011011101110110
000000000001100001001000101001000011101011010111
000000000001100011000100101000111011101111000111
000000000001010110111000101001100011010111010110
000000000001100001010100101001011011101100000110
000000000001101101111000101001011100000101001000
000000000000101101100100101001001010000100010111
000000000001101111110000101001100100001001000000
000000000001100111111000101001100011111001010110
000000000001011011000000101001011011011111011111
000000000001101010000100101001001011111101010111
000000000001101101001000101001000100000011010000
000000000001011011000000101001010011011111010110
000000000001011111010000101001100011101000000110
000000000001100101010100101001011011110100000110
000000000001100001010000101001011011101011111111
000000000001100000011100101001011011101010010110
000000000000100001100000101001100001101100100111
000000000001101110000000101001001100000101001000
000000000001110011111000101001010100010001000001
000000000001011101111000101001100011100101010110
000000000001100010001000101001100011101101110110
000000000000101010010100101001001001111101110110
000000000001100111111100101001010011111001001111
000000000001100011111100101001011011110001010110
000000000001001011111100101001011011000001010111
000000000001010111111000101001100011011001010110
000000000001101011111000101001011100000001001000
000000000001100100000100101001011011110001100111
000000000001011000000000101001100011011001100111
000000000001100101111000101001011011110101001111
000000000001100100000000101001010011110001010111
000000000000101101010000101001011010000011111110
000000000001100011111100101001011011110001010110
000000000000101010010000101001011001111101111110
