1101000001100001000001011011
0001001100101000010001111001
1000110001111100011011011000
0111000100100010000001110101
0111100011110010110000100000
0011101011101000111010000000
1010101101011100111100011101
1000101010110001001111001110
0010111011000100100010111111
0000011011001101101011100010
1011000111111101110100101100
0000000110001010100110000000
0000010110001111111001000101
0011101111111100010110011101
1100010100111000101100110001
1110000000010101011110011001
1001100110100011000001111111
0101110100111011010000101011
0000000101001101110100111010
1001111010011011110101110110
1100000010011101001001101101
0111010010011110001011111111
1011000101001111010010110001
1101000111110001001101111100
1100010001110100010111010011
1111111101100010011101100010
1010011000000000000001001110
1110101011000010000111101001
1111110000000111000101010111
0110000000111111110010111110
1110101011010011010100111011
0001011110100111111111010011
0100011110111110100110101100
1110100011100100010011001000
0011110100001010101110100011
1110001001111000011001000101
0000000110100100000001001110
0001011110100101110100001011
0111001001010100001011101000
1110111010100010000100010111
1000111100000101011010100001
0011000111010100011001010000
1001110010111010100010000011
0101100100010101110100001011
1101110100011101100011000110
1100001110001111001001010011
0101100101001100111011110100
0010011000011011000000000111
0110011100100010100010000100
1110100100010100101101010011
0111010011000101011000110001
0111010011101001110100101100
1111000000001100010010111101
0110011100101011000011010010
1100010100111010001010001011
1001100110111011110001111111
1101000011001111110010011111
0100000110100011010011000110
0011011100010001001111011100
0111010001010111000101101001
1110100000101110011101010011
0000000010000011011011000110
1001110101001111000101001110
1101000001010111111011100101
0101101000100010001000100100
1010101111001011000000010001
0001000110011100100100101010
0111010111000000011110010001
1000001101101101111100110001
0010110001110110100110100111
1111111100111001011000001011
0100111000000001110101110100
1001100010110011110111110000
1001111010101111111000111101
0100111110001000010111000101
0100111111111101110101011000
1110100011101010011100011101
0010101000011111111100010001
1011000001011011111111101001
1011101011101100001001011111
1101010111110011110101000011
1010011110100100111010111010
0101110101001010111111011011
0011111010110001011101001010
0110101001011000111001100110
0010110100111010110000010110
0000000110001001100010011101
1000111101111011000001101000
0001011100010101001110011101
0110001100101010010001011111
0001011110001000000000010110
0111011010110011110111010111
0100011110011001100001010001
1000100000011111001010010111
0010110010011101001110011101
0011101111111110011101011000
0110100010001001010110111100
0101100100111001001110101100
0100111011101011000101111111
0110001011100000101111101001
