00110110011000011000001000100110001100001010001001010111100110001001
11110010011000000000001000100110001000000101011100011111100001111000
11111000001010000000001000100111001010001111101100001111100010001010
01110100101000001000001000100110001001101001101110100110101001111111
00110010011000011100001000000010101101101101110010001111100010001110
01110100101000001000001000000010001010000111001010110101101001101110
11011110110110011000001000100110001011101001011111011100100000011000
10110010001010001100001000000011101110101001011110001110110010001010
00011100010100011000001000000010010011001011010110001110101011101110
00010010000110011000001000000010011010000011111000101110111011101110
10110110001010001000001000100110001111001011011111001100100010001010
11010010000110000000001000100110001100100100011100110100101011101101
00011000010100011000001000100110001000101001001001010110101011101101
10111000011000001100001000000010100010001011011111001110101010001110
11010000100100011010001000100110000000100001101110100110100000011011
00011100010100111000001000100110001111001110101100010100101011101101
01011110100100001000001000100110000110000110001010111110110000011000
10110000101000010000001000100110001100001110110010011110101001111100
10011110100100010000001000100110011111101110101100011101101000011000
11010100100100011100001000000010101100001010001000010111100011101001
01010000110110001100001000000010101000000011101110000101101000011111
01011110100100001000001000100110000100101000001000010101100010001101
11010110000110000000001000100110001110101100100100011111100001111100
01111100011000010100001000100110110101101001001001010101100010001101
10111010111010010000001000100110000100101101110010001110110001101101
01111100011000010000001000100110001110001111101100000100101000011011
11010010000110000110001000000010110010101000011110001100101000001101
11010110000110000100001000000010101010101101101101001101100010001010
01111110111010001000001000100110001110000000111001010110100010001001
01010110010100010100001000000010101000000011101110101100101011101110
10110100101000010100001000100110110110100101001010111110101000011000
10011100000110001000001000100110001100101000001000001101100011101010
00010000100100000100001000000010101000001011001000010111100011101001
00111010101000000000001000100110000100101000001000000110100000011011
10110010001010001000001000100110001110000001111000011101100001111100
00011100010100011100001000000010100001101101111011011110101000011000
11010010000110000000001000100110001111001010011110000111101000011111
10011100000110001010001000100110000101001111111010010110100010001001
11111010101000011000001000100110001110100101001010000100100001111011
01111000011000010100001000000011101000101100111010001101100011000110
10111010111010010000001000100110001101000001101110011111111001111000
01111010111010001100001000000010101011101001011110001111110010001010
10111100011000001000001000100110001000001111111010011100110001111000
10011110100100010100001000000010111101001011001000000110101000011011
00111100001010111000001000100110001001101001001001011110100000011000
11111110101000011000001000100110011110101101101101011110101001111000
01111000011000010000001000100110001010101101101101000101100001010111
00010010000110111100001000000010101101101000001000010101101010001101
00110110011000011100001000000010101101101101011100110101101010001101
11010010000110000000001000100110010001101001000000001110101010001110
11110100111010111100001000000010101100101100111011000111100000011111
01011100000110010000001000100110000111101000011111010110100000001110
11011010110110011010001000100110000100101101111011010110100011101101
11110000111010011010001000100110000100101101111010001100101010001110
01111010111010001000001000100110001001101001101110101100101011101110
11111110101000011100001000000010101110001110101100000100101000011111
01111010111010001000001000100110001010001011011110011111110001111000
01110100101000001100001000000010101100000000101111001100100010001010
01110100101000001000001000100110001110001010011110001110101011000110
00010110000110011000001000100110000101101001001001000101101001111111
01011100000110010100001000100110110000101101111010000111111000011011
00111000001010011000001000100110001000001011001000000111111000011011
00010110000110011000001000100110000000101101111010010101101011101001
10110110001010001000001000100110001100101000001000011111100000011100
00011100010100011100001000100110110100000111011100100101111000011111
10010010010100001100001000000011101110101001011110010100100010001001
11110110011000000100001000000010100110000001111000010111100011000001
01011100000110010000001000100110001100001111110011011100100100011000
10111010111010010110001000000010100100000101011100010101110011101001
01110100101000001000001000000010010110101001011110001111100011101010
00011110110110100000001000100110001011101001011111000110100001111011
10110100101000010010001000100110010110101000011110001101111010001110
00111110101000000100001000000010101111000101001010000100101001111111
00111100001010011000001000100110000100101101111010010111111011101101
00011110110110100100001000000010101100001010001000010111100010001001
10011110100100110100001000000010101100000010101110100100110001111011
01010100110110001100001000000010101111001110101100001111100010100010
10011110100100010100001000000010101100101101111011011100101001111100
00011110110110000100001000000010101000000001101110011101101001111000
11111100001010000000001000100110001101101110111011011100100001111000
01110000101000001100001000000010101000000101011101011101101000011100
01011010100100001010001000100110011111101001011111010100100010001001
01111010111010001110001000000010100010101100101101000100101000011011
10011110100100010000001000100110001110000000111000001111110010001010
01111100011000110100001000000010101101101000001000010111100010001001
10111010111010010000001000100110000100001111111010000100101001010111
00010010000110011100001000000010100010001111101100000100101000011111
11111100001010000000001000100110000010101001011110010101100010100001
10111110111010010000001000100110001101000101011100000100100000011111
11110000111010011100001000000010101110001110101101001101101001101101
01011000000110010000001000100110001010101101101100011101101011111011
00111010101000000010001000100110000110000001111000001100101010001010
01010010010100010000001000100110001010001011011110011100101000011100
00111010101000000000001000100110001100101100111011011111101001111100
00011110110110100000001000100110001010101101101100011110111000011100
11111010101000011010001000100110000101001111111010010110100010001001
01111000011000010000001000100110001010101101101100000100110000011011
10011100000110001100001000000010101100101000000001000101101001010111
01111110111010101100001000000010101111101100101100011100100001111000
11111110101000011100001000000010101011000111001010100110100001111111
