11111110010011101001110011010011110101101101100110011101000101001111110001000101001111101010
10001000010000101001011011010011110101100000100110011101000001101111110001000001111111010000
01101001111000101011110011010010111111011100110110001101010101011001110011100011000001011001
10001101111101111101111011010011111111110000110110011101000001110001110001110000110100010010
10100111110001101101011011010010101111000001100110011111010001010111010011110101110000111110
11001111111111111111011011010011111111011100110110011111000101110101010001100100111100001011
11111010111011111111000011010011110101001101110110011101000101100011010001100011100010101001
10111001111001101101011011010010110111100100100110011101010001100111010011001001010011101111
00100101010101111101110011010011110111101101100110011111000101110111010101100100111000000011
01110011110100111011010011011011101111011100100110001111010101011011110001101110001101000100
10111010111001111111011011011011101101110001110110011111000101010111110011010000111100100100
11111100110001111111010011011011110111100100100110001111000101001011010011010001111001000010
10010011111001111111110011011011111111110001100110011111010001010011010001010010111000101011
11000110111000111001010011011011101111111001110110011111000001001011100001000110010000011001
10110010011001101011011011011010101101011101110110011101010101000001010011100100010101001001
10000010011100111001110011010010110101100100110110001111000001100111010011011000110110100001
11010001110010101011011011010011110101101101110110011111010001101011000101011100110000100100
10001010011001111101010011011010100111001100100110001101000101111011110011000101110111111111
11000011110100111011010011010011111101011101100110011111010001011101010011101110001011010111
10110100110000111111110011011011100101001101100110011101000101111011100001010100000100010101
11011111110111101111111011011010100111101001110110001101010001100111010001010000010101110001
01001000010000101101111011011010111101110101110110011101000001000111010011000111111100111110
00010100001000101101110011010010101101101001100110001101000001101111100011010000110110110000
01010100110011111111010011010010100101100100110110011111010001111011110001011111100010001011
00010101110000111011111011010010100101001001110110001111000001001111110011101011001110111101
10010111110000101011010011010011110101001000100110001101010001100011010101111110010110010110
11110010010100101001110011011011100111000101100110011111000001011011110011110101110110010111
11110111010000111101011011011010101111001001110110001101000001000111010001011000110010111000
00000010110001101111101011011011110101000001110110001111010001100011100011101111111110011100
01000101111001111111010011010011100111011001110110011101010101111111110011000000100000110100
10000000010100111001110011011011110111100101110110011111010001101111010011010101001111101100
10001101111101101111110011011010100111011100110110001101010101101111010001110001100111100111
01011010110101111111011011010010101101101000110110001101010001110011010011101100110001001010
01011100111000111101110011010010101101110100100110001111000001110101010011111010000111110011
11100101011000111011010011010010110101000101100110001111000001101111110001001111111110000001
10011001110000111001010011010011101101011000100110011111010101000011110001011001110010110001
00000111110100011011110011010010110111100000100110001111010101101011110011010111000000001000
10010011010000001101110011010010101111010000100110011111000001100101010101101011101001001100
10100110111100111011011011010011101101110000110110001101000101111011110001111011011000010010
01100111010100101001111011011010110111101101100110011101000001000011010111100110111111100001
00101000010001101111001011010011111111111101100110011101010101110111110011110100011010100010
00100000111111111101101011011010110101101000110110001111000001010011010011001001110000101100
11111001110011111111100011011010111101011000110110001111000001011011010011100110111100110001
11000000010011101011100011010010111111110101100110011111000001110111010001110001110110010011
01011010010101111111001011010011100111100100110110011111000001010111010011010001010100010010
00001000011011111011101011010010110101001001100110001111000101000011110001000101111000101110
11111100110100101001000011010011100101011100100110001101000101000011110001010110110010101011
11000100010101111111110011011011111101010001100110001101010101100001110001000001101101010011
10001011011101111101111011011011111111011001100110011101000001100111110001000001111101101111
01100101011001101101111011011011100101101001100110001111010001100011010011011011010010011110
10001001111001001111001011011010111111111100100110001111000001111011100001100011110111101111
00000011111010101101011011010010101101110100110110011111000001101111010001010110010010000111
01001010011100101001010011010011101111110000100110011111010001010111010011000000000001000000
01011110011100101011101011010011100101010001100110001111010001101101010011100101000000101001
11101000111100111001111011011010110111101101100110011111010001001111110001001100000000101000
00000100111100101001111011011010101111011001100110001111010001000011100001100011001100010011
01100010111100101011110011011011101101011001100110011101010001110001010011101110100011001011
00010001110001101111000011011011101101110001100110011111010101010001010011111110110110010110
01100110111001111011110011010011101111011101100110001111010101010101010001101010110111001000
00001110110101111111111011010011101101111100100110011111000001011011110011010101100100000111
10001101111001111101011011011010110101100100110110011111010001101011010001001110010100111000
11000000010000101101011011011011100101100000110110011101010001111011000111100110111111101100
11000001010110111001001011010011110111101001110110001111010001100011110001100010011111000101
10000010011000101101111011010010101101011001100110001101000101001111000011000000110011000000
10000100010101111111110011010011100101010000110110011111000101011001000011101110111011011011
11000000110100101011011011010010110111000001110110001101000001010011110101110001111101111100
01110001010001101101110011010011110111100000100110011101010001111011000011011100010100100111
11010001111100111011110011010011101111110000110110011111000001010111010001011111110111011011
11000110011101101101011011011011111101010001100110001111010101110111110011010000000111101001
00000111010100111001010011011010111101010000100110001101000101110111100011110000110010111110
01111101010111101101110011011010100111001001110110011111010001101111100011110100111001011110
11011111010101111111001011011010110111100100100110001101010101111111000011110011010100110100
11000100011111101101010011010011111111010000110110011111010101101011100001100000010011110010
01010110111000111101010011011011111101110001100110001111010001000001010011101001111110100111
10101000011010101011010011010010110111100000110110011101000101010111010011100111010001010101
01101100010101111111010011010011101111111100110110011111010001011111010001000101010110010000
01011000110000111011011011010011110101100101110110001101010101011011110101111011001001111101
11010001111000101111001011011011110111101001110110011101000001000011110011001001100011011010
11000110111101111111010011010010101111011101100110001111010101110111110011100101000110010001
11011100110000111001010011011010110101000101110110011101010001000011110001110001000100110001
11110110111000111011011011011011101111111000110110001111000001001011110011111100000011100000
11000010111011111011010011010010110101000000100110001101000101010011010001000011001001001000
11111100010100111011110011010011101101111000110110011111010001110011110011100010010110100101
00111111111100101001100011011010100101000101110110001101000101110011010001000100110011110010
00100010111000111011110011010011100101101001100110011111010001011111010001110000111001111001
11111110111110101001010011010010101101011101110110011111010101100111010011000011011101110000
00101110011100101011110011010010101111010100100110001111000001111111010001000111101010011001
11101111011000101001111011010011101101110001100110001111010101010111100011100101100000111010
01011000011001111101111011010010110101101101110110011111010101111111010011001011110101010110
00111010111001101111010011011011100101001000110110001101010001110011010001011011111000111110
11110110110000111101110011010011111101010101110110011101010001101011010011001111100001010101
00110001011101101111111011010010110101100001110110001111100001101111110011101010111010101100
00000000111101111111010011011011100101001000100110001101000101101111010001111000000101001100
10101110111101101101110011011010111101011001100110011111000001010011110011000010110001010001
01010101011000111011011011010010100111000001110110001111010001010111110001101011110001111101
01010111110011111111010011010010101111111100100110011101000101010001110001110100001111001011
01101011111001111101111011011011111101011100110110011101000101110111100011110100110100110010
01001000110101111101110011010010111101110101100110001111000101011111010001000000101110100110
01100011011001111111010011010010111111110001110110011111000001010001010011101001110101110010
00010001010000111011111011011011101101111000110110001101000101110011010001101111010110100111
