0011101100110101101010010100001000000111011111101111111000000101000101000101010101101100111001111000101010011110
0111101100110011110010010100101000000011011111001111101000000111000000000001001101111111111011101100100110001101
1111101100110010100010010111001001000111011111001111111000000001000101010000101100111001111010101110100111100111
0101101101110000101010110111101001000011011010101111101000000001000100000100011101011001111010001110100101111101
0101101100110010101111010100101001000011011011101111111000000001000101100101101101011110011010101110101000110101
1011101101110100100010010100101000000011011011001111111000000011010001000111110100101010111010111000100101011010
0001111100110101101111010100001000000111011111101111111000000101010101010011000100001011111010101110101110111010
0111101100110011111111010110101001000011011011101111101000000111000001110001101101111001010011111000101101100000
0001111101110101101111110101101001000011011110101111111000010001000101000101111101111110111010001110101101001101
0111101101110001100010110101101001000011011011101111111000000001010100000111001101111001111011001000100111011000
0011111100110101101010110101101000000011011010001111101000000011000001010001011100011110111011111010100001011101
0111111101110010101010110111101001000011011111101111101000000001000001000100000101101110111011011100101011011000
1111101100110000101010010110101001000011011111101111101000000011010000100111110101101100111010111110101100110111
0111101101110011100010010100101001000011011111101111101000000111000101000100101101011101011011101110000010010101
0011101100110101101010010110101001000011011110101111101000000011010101100111000100101000110011111100100000001110
0111101101110011101010110101101001000011011111101111101001000101000000000101010101101111111010101000101111111100
0001101101110100111010000110101001000011011111101111111000000001000000000101000100101100110010101010100000000000
1111101101110011110111110100101001000011011011101111101000000011000100100101000100101000111011111010101010000011
1111101100110000100111010110101001000011011011101111111000010001000101100101010100001011111010111010101011101100
1011101100110101101111000111001001000111011111001111111000000001000001000100001101011100111011001110101110011101
0001111101110101100010010110001001000111011011001111101000000111000100010100100101101101111111101110100101011001
0011101100110101110111110101001001000111011011001111111000000001000000010001101101111100111011111110111011111101
0011101100110101110010110111001001000111011111001111101000000011010001110010001100111001111011001100110111100100
0001111101110101100111000110001000000111011011101111101001000001010000110010011101111111111011111000100110011101
0101111101110011101010110111101001000011011011101111101000010101000101000101010101101001011011101110100001011000
0111101100110001101010010101001001000111011111001111111000000001000101110001111101111111111010001010101000011000
0111101100110011110111110111101000000011011110001111101000000001010000010110011100011000011011011100100110010111
1101111100110010100010110111101001000011011110101111101000000011000000100101111100111001011110101000001111011001
1001101101110101111010110101101000000011011111001111111000000011010100110010011101111110111000001110101111000010
1001101100110101110010100111101000000011011011001111101001000111010100010011100100001110111011101010100110011010
1001101100110101100010010110001000000111011011101111101000000101000100100101000101101101111010111110101101111100
1101101101110001100111110110101000000011011011001111101000010011000101110000110100001001011011111000100100011110
0011101100110101100111010110101000000011011110001111101000010101000101010001001100111010111010011010101001011110
0111101100110001101111010100101001000011011011101111111001000001010000000110100101001101111011111010100111011101
0001101101110101100010110110100001000111011111001111111000000101000101010000111101011000011010001010101100011111
0111111101110001101010010100101001000011011011101111111000000111010001100111100101101101111010101000101111101000
0001111101110100110010000111101000000011011011001111111000000011010100110010111101111100111010001010101111111111
0001111101110101100010010100001000000111011011101111101000000001010000110111100101101010111010101010001010010111
1101111100110010101010110111001000000111011110101111101000000111000101000100011100111110111011111010101101011010
0101111101110011110111010110101001000011011110101111111000000011010100100011011101011101111010101100101100110011
1101101101110011100111110101001000000111011011101111111000010011010100000010001100111010111010111010001010101011
0011101101110101101111010101101000000011011111001111111000000111010001110010101101111001111001101110101101011101
1001111100110100111010010110101001000011011010101111111000000011010000000010111101111010011011111100110100000100
0101111101110001101010110101001000000111011111101111101000010111000001100000101100111001111010101000100000111100
0111101100110011111010110110001001000111011110001111111000000011010100000110100100001101111011111100101101011101
1101101100110001100111110101101000000011011110001111111000010011010101010011011101011000111010001010101100111100
1011111101110101110010110111001000000111011011101111101000000011000101100100010101101000111011101010101010100001
1111101100110000101010110100001001000111011111001111111000000101000000100100101001011110011001011100101111100011
1001101100110101111111100111001000000111011011101111101000000101010100000110011101011101111011101010100111001001
0111111100110010111010110100001000000111011111101111111000000001000100010001011101011111111011101110100111011110
0001101101110100100111000110101000000011011011001111111000010011000001100001001100011110011010101000100100011110
1011111100110101111010110111101000000011011111001111111000000001000001110001001100111101111010111000100010011111
0001111100110101111111010100001000000111011110101111111000000101010100100111101100111010011011101110101110001001
0011101100110101111010010110101001000011011110101111101000000001000100100101000101001110110001101100100111101010
0111111101110001100111100101001001000111011111001111101001000101000101000101001100011100110011001110100011010001
0101101101110010100010110101101001000011011110101111101000000011010100000111000101001101011010111010100110010111
0001111101110101100111110110101000000011011011001111101000010001000000100100010100001110111110101000100101101000
0011111100110100100010000110001001000111011111001111101000000101010101100111011101111011111011111100000000010100
0101101100110000110111110101001000000111011111101111111000010001000000110000001100111001011010101000101010111010
1111101101110000101111110101001000000111011011101111111001010111000001110000110100101010111010011100100010111001
0011111100110100101010110111101001000011011111101111101001010011000101000100101100111000111000101110100101101100
1011101101110100100010100111001000000111011110101111111000000111000101010000010100001100111010101100101001100000
0011101101110101100111110101101001000011011110101111101000000111010001110011011100011000111001001110100010110110
0011111100110101101010000111001001000111011011001111111000000101000100000101111100111110111010101110101101111000
0001111101110101101111010100101001000011011111101111111001000111000100100101111101011001111010011110001000111111
1001101100110101100111010100101000000011011010001111101000000111000000110001100101101010111000101010000010101001
0111101101110001101111110101001000000111011011101111101000010001010000010010010100001010111010111010101001111001
1111111100110001101010110101001000000111011111101111101000000111010100100010110100001100111011101100101010111010
0111111100110010101111110110100001000111011111001111111000000011000100010001100100101000011001011100100100001111
1001101101110101111010110111101001000011011110101111111000000011010001000111111100111001011011011100101010000000
0001111101110101101010110101101001000011011111101111111000000101000000000100101101111111111010101100101110111100
0001111101110101101010110111001000000111011110101111111000000111000001110000001101011100111010111110100011111000
0101101100110001111010110101101000000011011111001111101001000011010100010011011100010010111011111000100100111101
0001111100110100100111110100101000000011011111001111101001010101000000010000100101101001111011001110101010101011
1011111100110101111111110101001000000111011011101111101001000111010100100110011101011010111000111000001111010001
1001101100110101100010010110101000000011011011001111111000000001010000110010101100011000111011111110101111111110
1011101101110100101111110110000000000011011111001111101000000111000000010101110101001110111000011100101011110011
1001101100110101111111010110101001000011011110101111111000000101000001100101111100111000111000101110100111011111
0001101100110100110010110100101000000011011111001111101000000001000101110001000100001110111011101100100011110100
0111101100110011101111110110100001000111011111001111111000000011000000100101110101001011111011111000101010110010
1101111100110010101111000100101000000011011011001111111000010011000001110001111100011111011011101000101100010011
0011101100110101100111110101101000000011011011001111111000000001000000110000011101011111111011111010000011011101
0001101100110100101010110111101001000011011111101111101001000011000000000101011100011110111010001110001110110011
0011111101110100100111110111101001000011011010101111111000010111000100000100110100001101111001101000001101001001
1011111100110101100010110111001000000111011111101111101000000011000001010000101101011011111010101110100111011010
1111111101110011110111010110101001000011011111101111111000000001000100100101100101001000011010011100001111111000
1101101101110011101010000110101001000011011011101111111000000001010101110011101101011011011011111110101101111010
0101111100110011110010100101101001000011011111101111111000000101010001100111001100111001111000111110101101011101
0001111101110101100111010110101001000011011011101111111000000011000101100101011100111000111001101110100001001010
0001111101110101101010110111001000000111011111101111101001010111000100000101110101101011011011111100101000101111
0011111101110101101010010101001001000111011111001111111000000111010001000111010100001000011011001010101111110110
0101111100110011110111100110101001000011011111101111111000000001000100100101101101011000111011011010000011101011
1111101100110010100010010110101001000011011111101111111001010101000000000100111100111011111011011000100000010110
0001101100110100111111100111101001000011011111101111111001010101000101000101000100101000111011101110100010011100
1011111101110101100111110101001001000111011011001111101000000011010001110011110100001100111010111100100011110100
1111101100110010111010010110101000000011011010001111111000010001000101010001111101111000111011111010000111010001
0001101100110100101010110101101001000011011110101111111000000011000100000101101100111001011000011110100101011011
0001101101110100101010010100101001000011011111101111101000000101010001000110001101011111111011111010000011100110
0111111101110010101010110101001000000111011011101111101000000101010101010010011100111001111010101110101101110000
0001111100110100101010010101001001000111011011001111111000000111010001100110001100111100111010001100000111100100
