10101000100010100110101100010110100001101101010001000000001100011000000000110110011000000000
10111010100000000000101100101110110000101101010000000000001101011000000010110010011010110000
10011000010000100001100110000110100000001101110000000000010100011000000000010011111010000000
10101010100110100111101110010110100101001101110000000000010101011100000000100001010011111000
10001000100110111100101011000110100001101101110001000000001100011000010110110001100010011100
10001010010010011100100100010111100100101101000000000000010100011000000000010101111001000001
10001000100110000001001100000111100001001101000000001000010101110000000010010011111001000001
10001010100010000000001011100110100001101101110000000000001100011000000010010001011001000000
10001000100010000000101010000110100001001101010000000000001101011010000010010111011000011001
00101000100111111100101110011110110100101101110000000000001101110100010100000110011000001000
10001010100110011010101001001111110000101101000001000000011101110000000000110110001010111001
00111010100000000000001001001100110100001101010000000000000100011000000000010111110001000001
00001010010110101011000001000111100101101101000001000000001100011000010100110001010010110000
10111010100100000000101100000111100100101101000001000000001101011000000010000011001001101001
10101000010110010110100011011111110000001101100000000000011100110100000010110000011011000000
10001000100110000010101011000101100100001101100001000000000101011100000000010101100001101000
10001010010010110000100100100110100000001101010000000000000100011000000000010101111000100001
00011010100100011001101001010111100000001101000001000000011100011100000000000101000010011000
10101010010010101011100111010111110000101101100000000000011100011000000010010111000000011001
00101010010111110001000110011110010100001101110000000000001101011100000010010001011001000000
10001000010010111011100100000100100101101101010001000000010100110100000000010001110000011000
10111000100100011000101100010111100000101101000000000000010100110100000010110100110001110001
10111010010000101010100110001110110000101101110000000000010100110100000000110100001001000001
00111000100000000001101011000111100101001101100000000000010100011000010010110001100001000000
10101000100110000010101110001110110001001101110001000000000100011000010100110011100010011001
10111010100000010001101001010111100000001101100000010000010101011000010100010000011000011000
00111010100001000001101100111110110001101101010001000000011100011100000010010111011010111000
00011010100000011000101110010110100101001101110001000000001101011000010100010011000000011000
00111010100000001111101100000110100101001101010001000000000101011000000100010011101001000000
00101010010110101011000101100101100100101101000101000000010100011100000010010011001011000000
00011010010000100101100110001111110001101101100000000000000100011000000010100000111010101000
00011000010100100101100110001101110100101101100001000000011101110000010100110010111011000100
00011010100100001010101111010110100001001101010001000000000100011000000000110101010000001101
00001010010010100000100110010100100101101101110001000000011101110100000000010111101011000101
10001000010110110010100110011111110101101101100001000000000100110100000000010111111010011000
00101010010111111110100100011111110000101101000001000000001100110100000000110111000000011000
00101000010111001100100100000111100100001101000000000000000100110100000010010111110010110000
00001010010010001100100110000110100001001101110000000000011101110100010110110110001011000000
10111010010100101011100001100111110000001101100001000000000101011000000010010111010011000001
00101000010110001100000110000111110100001101000000000000000101011010000010010111110010110001
00011000100000110101101100100110100100001101010101000000000101110100010100110010100010101001
10011010010100001100000000010110100101001101110001000000010101011000010100100101010010000000
00011010010000101001000011010101100001101101100001000000011100011000000000010011011011100000
00011010100000011010101110101110110100001101110101001000011101011000010100010001101000001000
00111000100001000001101011100110100000101101110000000000001100110110000010010011101001000000
00101010100110001010101011011110110000001101110000000000000101110100000010000101111000011001
00001010100110011011101100010110100100001101010000010000011101110100000000000100000001011001
10011010100000011011001100110110100101001101010001000000010101011100000010010001100001000000
10101010010110010111100100001110100100001101110000000000010101011000010111100101010010011000
10111000100001011011101001011110110100001101010000000000001101110100000010010001011000110000
00111010100100001110101001010110100100001101010001010000001101011000000000010111000010011000
00011010010100001100100110010111100101001101100001000000010100011100000000010111111001000100
00101000010010101010100011111110110100101101110001000000011100110100000000010011010010010001
10011000100100000010001100000110100000101101010001000000001101011000010110010011000011101000
00011000010000010110100110100110100000001101110000000000010100110100000010110000010010011011
00001000010010101001100011011111110001101101100001000000000101110000000010010001001011000001
00111010000000101010100010000110100001101101010000000000001101110100000010110001110001010000
00001010010110110001100110011110110100101101110000000000000100110100010010110111000000010000
10011000100100011011101100000101100001001101000001010000000101110100000000010111001001001011
00011000100000111101001110000111100101001101100001000000000100011000000010010001000000010000
00011000100000011000101100001110110000101101010000000000010100110100000000110001011000000000
10001000100110000000101110000101100101101101100001000000000101110100010010110101100011000001
00011010100000011010101110111110110000001101110000000000001101011000000010010111101011000001
10101010010110101011100010011111110100001101000001000000010100110100000010010111110001000101
00011010010100101011100110011110110000101101110000000000001101110100000010110111000001000001
00111000010100111111100100000110100001101101010000000000001101011000000010010111101010011001
00111000110000011011101100110111100000001101000001000000011101011000010110110001010000110000
10001000010110110010100011001110110001001101110001000000001100011000000010010111011010110001
00011010100100011011101011000110100100001101110000000000011100011000000000010101000000011000
10011010100100010001101110010110100000001101110000000000001100011000000010000111000010001000
10001010100010000000001111101111110000101101000001000000011100110100000010110111101000100000
00101000010010110000100000010111110001001101000000000000010100110000000000110110111001110001
10101000010110110000100001010110100101001101010000000000001101110100000010010111110011010000
10001010010111110001100100001110110101101101010001000000000100110100010110110111000010011100
00011010100000000000101110001111110000101101100001000000010101011100000010010111010010011000
00001000100110000011001010001110110001101101010001000000001101110100000000010111101010001001
10001010011110110000100110010110100100101101110000000000010101110000000010010000110000011001
10011010010001110000100011011110110100101101110000000000011100110100000000010011111010001101
00101000010010001100100100001110110001101101010000000000010101110100000010010101000000000001
00111010010100010111000100010110100001001101010001000000010100110100000010110011011001000100
10101000100011000000001000010111100101001101100000000000001101011000010110110110000010111001
10101010010110110010100110011110110100101101110000000000000101011000000010110010111000001000
00101010010010101011100110010110100000101101110001000000011101110100000000010101101010101001
00001010100110001110101100000110100101001101010000000000011100110100010100110111101000011101
10111010100001000000101110011111110001001101100001000000011100110100000010110110110010111001
10101010010110101011100110010111100101101101100001000000011100110110000010010111111010110001
10111010010100111110100011010100100000101101110001000000010100110000000010010111101010011001
00101000010110101001100001111110110100001101010001000000010101110100000000000101010000011001
00011010010000100100100011010111100101101101100000000000011100011000000000010001111001000000
00001010010110101001100100011111110001001101000001000000000100011000000000010111010010011001
10111000100100011011101001000110100100101101010001000000000100011000010100010110000010011000
00001000100010011010101001010111100100101101000001000000011101110110000000110000011010011000
10001000100010000011101011110110100001001101110001000000000101110100000000110001001000011000
00011010010000101110100110000110100101101101110001000000011100110100010100010000011010011000
10101010010110110010100110010111100001101101100001000000001101011000000010000001011000011000
00011010100100100111001110001111110101101101100001000000000100110000000010010101001000011001
00001010010110101111100100000110100001001101010001000000010101110100000000010011011010011000
10001000010010110011100110011110110101001101110000000000010100011000000010110100001010101000
10001010100110011111101110010111100001001101100100000000001101110100000010010111010011011100
10001010100010111100101100010110110001101101110000001000001100110000000010010011000001000000
