0101001101100001100110001111001011101110100011010111100101011011001010011011000110000
1101001100110011010010001110100001000000111010001011010110111001111111111100001111001
0100001011000001011011000000110101000111100110101011110000101111111011110011100001110
0101101011010011111101111001011101001001111111101011001101011011101100010000111011101
1110000000110001001110001011100111101010101010010111001000111001001100001011111110001
1110000100010001101000001000110110000010101011001010111011110100100011110100000101110
0100101101110011011010010000110001000101100100101010110010010010110000110111001001001
1110100010011111111101111010001001101011010110110100100000000000000000001010001000001
1101001000001001101100000101101101101000100101101111100000011001011000001000000000001
0110100011110001111011111101100111000010011110011110110011010111001000101100101110111
1111101110010001000011000011110100100011100010100011110000000111000001111111100000101
1100100010000001010011000101111101100101000010000111010111101111111111111100111111110
0110101001010111001110100111110001101011110001100011000000101000100111010000001101111
1111101110000011101001111111010101000010111111000110010110100101101110111000100111101
0101101011110101111111011100111001101011011011011111000110101011001101001010010100111
1100100110010101111001111110001101100100010111110110011000111101010110101001000010100
0110100111100101111111001100010001101010111001011101100010111001011001000111010010000
1101101110110011101011111011111101100010010010100010111000101000011001100110100010010
1100000100111011000010110000010011101110011100101111101111000010111011000001011011110
0110000001010111000110001111010000001010110111010111001111010101000101010111011100010
0101101011110101001001000101000001000101111011010110110100011011010001101101001000100
1100100110010101101101111011110001001001011110001111100111111110100011010010100011000
1111001000010111110100011100001111101000111001100010001000100001101101010011101111010
1111101110110111101011110111000011100110111011001110110001110010110011100111000101110
1110100010110001101011010001111011000010000000011011011000101101001110111011001000011
1101101110100001101001011000111011000111010011011011011001101101001111110000100111001
1110110010110001101011001000010010000100101000000011111110111011001011101111111100101
0101001001000001111000101100011001100000011001000110110000101111110000110111111011001
0111101011000101111101100101000111101110101011111010100111100011011001010000011000010
1110000100100101011000001000000111000110101110010110011000110111001111100100010100100
1101101010000001101111110010000111001110000110110001001110011111011101010011101110111
1110100110000011101011000011001111000110100100100011110010101101101011100111100101110
1111101010110001111101010001001111000000101100000111111111111010100011111000001011000
1100000100010101101000000010001111000111001110100011111000011001111000101111000111110
1100100110000111011101011000010001101000101010011101000101111111001101000011101100000
0110100111100101100101111010100111101110010000001111101110011011111000000110000111010
1101001100110011111000111100100111100000111011110010011011000101011100100011000100000
0111101110000011010101110011100101001100011010011010000101010000000111000100110011010
0101001001110101011000011110110011000101010111010110111000110101011011110001000110000
1110000100101101011110000110001001001000111010011011001011001001001111000000110010110
0111001000010111110100000011100101101100010110101110100001010000100000011110100000101
0100000001000001100010000111000111000010100100100000111010100010110010110001110111111
0110101001110001001010000010110101000111101100010111111011011010000001110110011000010
0101101011110101001101111011101111101010110011000111101111111101101000011111001001101
0110001111010001101101011111001111001000110100110011000101000100011110010101001110000
1110001010000101011011100101101111100110101010111011110000111000000001101101110000110
0111001101100101011100111101101111101100011001100001001011101110010100011111100100100
1101101010110101011101000001111001001001001110101010101000100000100010011110010011011
1110000100010001101010011010100011000111101111111011111000011011011000110100000100001
1111001000000101010100100100011001001111110101100000101011001001110010001001100011100
1111000011010111011001101110000101000010101000011011010101000100011101101001100110111
1111001001110001001010000100110111000111000011000010111100110100110000111011001001001
0111101010010111111111010010101001100001101111111110111010001011000010100000100000111
1100000101110011101010111100010111101111000110110111100110010110011001010101101100000
1111001100100101000100010110011101101100001001110010001010000001011111001001111100100
1110100010000101101011000010101111000000111111101010111000100100100001110100110111100
1111101010011111101011010000000001001001110001001011001010111001111111001010010011010
0111001001110001110000011101100111000000011100010110111000001100011010100000100111001
0110000001100011111010100001111001000010101110111010111000110000010010101100100010100
1101110000100111111010001010001001100010101111101110110101101011110000100000011011101
0110101101000011101110001011010001101000110000100001100001010101110011000101111001100
1100000100010101110100101000001111101001110010100011100001010001110011000110011101000
0101001001010011101110000110111001101010100000100011001000101010100110011100000111101
1101001100001111101100000100100100000110000000010011010110011101011111110101000110001
0110001111010001111011100100000111100011101010110010111110000111001011110010000010000
1101101010010011111001101101101110100110011010100010010100100111101110100000101111101
1100100110110011101011100111100111000001100110100001111001111001111000110001010001110
0101100101110011111110001000000010101000110001101010001101100001001101000100111110001
1111001001010111001100100100111011001010110001011011100111111111001000011100001100001
0100000101110011110000001001011001100000110011011100110001110010010010100000011000100
1111001000010111110000110000000111000000100110001111110100001000100010100000110011010
0111001101100101111000001101001111000100111100001101010110111010100101101110011011101
1111100000110001011100000101001111001111100100010110001011001010001110000010100100010
0101000011000001011001110101001110100000010000100010010011010101111101110111011010101
1100100110100001100001000111010101100111101000111001111111101100000011110010000110100
0101101011101111111101011010001101101010010100111110001111010100000110010101001000011
0101101010000001011001011011010011100100001110101111110111011111111010101001011111011
0101101111011101001111100100101001100000110111110111110011110100011001111100100100000
0100100110110011000101000000010011101000011110101110100101110000110001001010000110011
1111001100010001111000000000111001100100000000011111111111101101011000101001101000001
1111001100110111000010001000111111000100100010010010110100001001010000100110011010101
1100100111110011011011000111000001000101111001011010111000100110010010100110111110011
0100100011000001011111001100101111101010111000111010100000011100011010000001000000010
0110100111010001111111011100111001101100110010001111101001111001101010001110111110111
0111101111110111000011011010111001100000111000101011010110111100000111110101110100000
0101000110110011001101100001011111000110010000001010110000100010110010111000010111111
1111100000001101111000110111001001000110100011000001011001101101111110100101100111000
0101001001010011101100011111111001001100101110001100000010101000111110010111101001010
1110100110100101000111111011001011101010010011001110101011001011100011011110000000010
1110100110100101010011011000010101000011010101100000011101110110100110101000010001000
1110000100110111000100001010011001001010111101011110101101100111011011011010110010011
1111101010010111100111011011001110001010010100110011101001001101101000011011000100001
1101101110110011001001110110110101000001000100010111110111001010000010101010100100110
1100100110110011110011000001100011000011100101001100010100110001001110111111001110001
0100100111010101111011011000000111101111110011111011000101011010010100010100010100011
1111101111100101001001010101010011000100000011011010010100001011000101101101111010100
1111001100000011100000110010011101100110011010110011010000011000000110111011101100010
1111111010100011010101010101111001101101100001010110000001010110010111011100110010110
1101101010100111101111000011111001001100001110010110000011100001001111001110011100100
0111001001110001100000111010001111100001110001011111111000110110001000101100100110110
