0001100001001001000101110000110101101001110000111000111111010110101101000101000100010010010000100001001101100010010
1111111101011101001001111000100000001001111001101000010100010110110110010110010010010000101111001110001001100011111
1011101110101001100101110000001101101000111101111001001111010100110110000110001100010110100010110111100101100011101
1010101111111001110001110010010011101000010000100001100011010101011100010101011110010010010011001111010001100010111
1101111110011001110101111100100110001000001001100000011000010101010110011100110011010111100011001000101000101001111
1111110111111001100001111000110001001000111000110001100100010100010100111101110111010101110000110110000001011001000
1011101010011001001001010000001100001001101000111001001100010110100100110100000110010000000101100001111001011010001
0001111011011001011101111100100000001001001100100000010100010101010100110110011010010111101000110101110001111101000
1001111001001001011101111000000001101001001001101001000111010111100110100110110000010010001110000000011101011110101
1101110100111101010101111100101111101001100000100000011011010111110100110100111000010010101011100110101101010110000
0101111101011101000001110100101100001001001000110000001100010110100100010100000010010000010000000101111001001111001
1111011000101001101001011000101011101000101000101000010011010100011100000100011100010111110010010111100111010001111
1101111110001001100101111100101010101000111100100000000001010100111100111100100001010110111110110000001101011111100
0101110111101101111001110100110001101000100000110000110111010001111100000111010000010000111010000110100111101111000
1001100000101101000101110100011011101001110001110001100011010110100111011101110001010000010101100110001111110010101
1101101000111001110001011100011011001000101000100001100010010100010100010111110010010101101111000111010001011100001
0001111000101001010001110000001010101001000001100000000011010111110110000100110000010000100011010101111101101111001
0101110101011101010101111000011101001001000000101000111100010111110101000101010010010010111110000111011001100111111
0011110000011001010001111000111110001001001100101000111000010111010101100101111010010001101001101001111001110000100
0011111010111001101101110100000100001000110001110001011100010101100111000100100110010100000010110001001001011110111
1111101111001001101101111000000000101000100100110000010011010100010100000100001100000101100001010011001111100000110
1001101110101001001001010100010111101001001000110101101011010100101100100101001100010110000001010101100101111110110
0111100100011001011101110000010010001000100001111001110000010101001111101111010111010001010100000000111011110000010
0001111011001001101101110000000001101000110100111001000111010110011100000100111000010000010100110101001111011110001
1101110111101000000001011100111001101001111001100000100111010110000111011101100001010001001000100010010111010100101
1101110100101001000011111100110111101001101000100000111011010110101101001111001101000000011000001111000111010110101
0001110111011001101001110000011101001000001001111001111110010100100110001111000011010110000100010010110011001110001
1011101010111001110101110000011011101000011000111001110011010101110101100111101100010010110011100100100101011011111
1111101111101001000101011000010101101000110000101001111111010100010100000101110000010101101110110100100101111101001
0101100100101001000101111000011011100001010001101001110011010110010110000111011000000001100111000111001101100100111
0101101001111001001101110100000001001001011001101001010010010110001111000110011110010001010010000010001011000100001
0011110011101001111101110100011110101000000001110000101011010101110111011101001001010110101011100101000101010111011
1111111010011001001101011000100110001001111100101000011000010111101100000100000010010010010100000111010011101110010
0001100100001001001001110000010110101001001000111001101001010100101100000111000000010010011101000100011101011110001
0011111100011001001001111000101010001001101101101000000000010100101111000100011110010000001000110101010010100110101
0101111101001001000101111000001001101001010001101001010111010111100111001110011001010010001100010110110101110110111
1001101110001001100001110100001110101000101001110001001001010100100111100100001100000110011000110010100111010110100
0101101000111001000001111000101010001001111001101000000000010100000110010100101110000111011111010101100001111000000
0111100111101001111001111100110100101000010101111001111111010101010111011111001101010010001001010111001101101001110
1001101110001101100101110100000010101000110000110001000001010100100101111110110001010100000000100001110111111110001
0011101001111011001101110110101000001001110001110000010100010110010110100110110010010001111010000111001011010101001
0101100111011001100001111000111101001000100001110001111100010100110110111111000011010101000001010011101011011101100
0111111011011001111001111100001101001000010001100000011100010101010110010110100010010111111100000100100001110101110
1101111100111001000101111100000100001001101000100001001100010110010101101110100111010001100111010111101011010100111
1011111011111101001101010000101101001001100100111000001110010110110100000110100110010000101110110010011011011011100
1101111111001001101101111100100100101000100001100000001101010100110110010100101000010100111110110100111101011011110
1001111001101001101001010100100001101000101100110000000111010100011100111100011001010101111110000010001101110001110
0001100101001001100101110000110011101001001001111100100011010110100110011101110001010000000001000111101111010010010
0111110100101011000101111100011010101001101001111000100111010111100110000101100100000010001011000100011101101011111
0101100011010001100101111000111101001001100001110000111110010100001110110101100110010101000101010000110001000000001
0001101001011001001001110000101111001001111100111000001010010111110100001110001111010010111101100010011011110011101
1101110000111001010101111100101011101001110001100000010011010101010110110100011100010111101101110111001111010001100
1101100110011001000001011100001100001001101000100001001100010111011101000100000110010111111011010100110010101101010
1001100010001101110101110100011000101000011100100001100111010101000101110101110100010110000001010110011101011110101
0110110111001001111101111100111100101000011001111001111011010101000110110101100100000100011101110001001101111110010
1101110111011001100101111100111100001000110001100000111100010100010111000111100110010101100011100111111001001001010
1011101111011001001001010000001100001001100000111001001100010110000101100100000110010001011100110111110001101100111
0001111000101001010101110000000110101001000000101001001111010111010100110100010000010011100110010110001100001101010
1011100110111001101001110000011011001000010100100000100100010100100100100111110010010100001010110111011001100010001
0111110011001001111101111100011001101000110000100001110111010100100100010101110100010110000001000101111101110110100
1111101000001101101101011000000010101000101100110000000011010110100100011110111001010010000101100110011111110010100
0101101010011001110101111000000110001000100001101001001000010101110110010100001110010110100011100001011001010011100
0101101010011001110101110100001110001000100001110001001000010101111110000100100110000010110011010100011111010111011
1011110111101001000001010000111101101001111000111000111111010101110101011110100001010100110101100001111101011110111
1111101111001001100101111000001000101000110000110100000011010100100100100100010000010100011001101010011101010110111
0011101000101001001001111000001111101001010100101001001011010010100101100100100110010001011100010111000001010100011
0111100110101001110001111100111110101000001001111101101011010101000111100101001000010111001110011010101101110100100
1111111110111001111101111000000110001000111001101001011000010101000110110100101010010110010101110100111001000110110
1101100101101001101101011100001101101000100111100001011111010100110110000100001100000100101011010101001101111111011
0111111010011001111001111100000111001000100001111000001000010100000110100110100110010111011100000111101001010000011
1111100000101001001101111000010011101001110001101001100011010110010110101101010101010001111111000110101111110101011
0111111001101001010101110000100101101001010000111000001111010111011100010100010100010011110100000110111111101101111
1111110101001001100101111000111100101001010000101000101101010111100100001111101001010000011110000001010111010010001
1011100111011001010001010000011110101001101000000000101011010110010000100101101000010001111110010110100111011001100
1001110000011001011101110100110010001001000001110000110000010111000110111111011011010011011011100010111101010000101
0110100100001011000001111100110011101001101101100000110011010110010111010101111100010101101101010001101101010000000
0001111000101001001001111100101001101001101101100000010011010110101110010110111000000011100110110111111101010101101
1111111101011001000011111000100100001000101000101000001100010111010101001110001111010001111111011100100011000101110
1111100101111001011001111000010101001001011000101000101100010110000101000111100110010101010000010111101001011100111
0011111011111001110001110100001100001000011001001000011110010101110110110100010110010110101000100011101011101110011
1001110111001011000001010100110100101001100000010000101101010110010001100101011000010011111000100010100101001000110
1101001001001001011001111100100001101001001001100000010111010111100111010100110000010000001001010001011101001110101
0111110000101001001101110000111001101001000101111000100111010110000111011101010101010001101000100110011101011101111
1011101101111101100001010000011001001000101000100000110000010100100100010101111110010110001110110001010001001111110
1011101111111001110001110000011101101000000001111001101111010100000110100111101000010101110110110010011101111001101
0101111000011001001001110100101110001001101000110000011000010110010101011100100011010001110110000101101011010101001
0011101101101001011101111000001101101001001100101001001111010111100100000100101000010010010000100111101111010110101
1111101011001001100001111000001000101000101000110000000011010100011100001110111000010100100011110111001111001111100
1101100000001001000101111100011110101001110100111001111101010110111101101101001001010000100101000011010101100011000
1101101001001001011101110000000110101001010100100000001111010111010100010110110000000011100010000010100101110101000
0001101101011001000101111100001000001001110001100001010100010110100111110100010110000000010001010011010001110010110
1101101110101001100101111100000111101001101101100001001011010100010110100100111100010111111100100110011101101001100
0011110111101001110101110100011110101000000001101000111111010100110111101111001001010000111001110001001111110110011
1101101000101001101001011110000011101000011100100001010011010100110101101100010001010101100100100110011111101100101
1101100000011001010001111100010000001001001001100001100100010111010111000101110010010011101000000110101011010101111
1111110001011101010101111000111010001001000001010001110010010110001010001101001111010001001001000010100001000101111
1001100011011001100101110100010000001000100000110001110100010100001101110101110110010101001010110010100001011111010
0101101010011101111101110100000000001000011100110001000100010101001100010100110010010110010000110001010001011110111
1101111010001001101101111100100110101000110001100000011001010100100110000100001100010100011001011000100111001101010
0011101110011011111001110100101001001000011000101001000000010101000101000100000110010101010101000111101001101100101
