1010101001010111111001011011110011101101011001001111010110001101100111010010010100110110011101000101110111001011110
1101001111011111111011010101101010101101011111101001100100001101101111111011010000110110001101000111010000110110111
1011000011100111111000100000100010101101011000010001110100001101100100111011010000110110011010100111010000110110010
1101110011001111111011001101001111101101011101000010101110001101101110011101100101110110001101000011111000110110111
1100000001110010100000101010110110101111011010001111011100001001100101010010100000111110011001001101011111011011111
1100011111101110110011100111011110111111001100100100001100001001001101110000100001111111001010000001011101011001011
1101001001101011101011111001110110101101001110101011011100001101001100001110100001110111001000111101011111001001011
0101110101101011101000110001011110111111011010101000001100001001100100111000100001111110011010000001110010100110010
0011000111011111110010110000101111111101001110111001101110001101001101011011000100110111001001000111111000110100110
0000110001001111111000111110000111101101011010010110111110001101100101000101100101110110011011111011111010110110010
0010100111101011101011110110101111101101001100100101101110001101001100000111000100110111001000001110010111001001011
1011000111001110111001101001101111101111011000001011101110001001100101001111000100111110011010101111111010100110010
0010101101111110111010000010111110101111011111000101001100001001101110010010000000111110001110010100110010100110111
1111001011110010100001100100101111111111001000110011101110001001000100111111100101111111011011111111010111011001111
0110000100001010101011101111111011101111011110110101000110001001101100000110110100111110001011110101011010100110110
1110001101100111111000001110101010111101001011100101100100001101000111010011010001110111011111100111111101001001110
1001100011111111110010101000100111101101001100011001111110001101001101011011100101110111001010000110111010110100110
1000000011001111111011000010100111111101011111111101101110001101101110010011000100110110001101010111111010110110111
1110000111111111111001001111110110111101011011001101011100001101100111000010100000110110011101101101011101001011110
1010011110110110111011100010010110101111011100011100011100001001101101000100100001111110001001100001011111011011011
1000101010111111111011100011110110111101011110111101011100001101101101010110000000110110001010000100011101001011011
1110010001000111111011001011000111101111001111111100111110001001001111110001100101111111001100000011010101011001010
0010010100000010100001010110011011111101011011100100000110101101100111010000010101110110011100000001110101001011110
0111100001000010101011010100110011101111001111110011010110001001001010001010010100111111001111100100011000100100111
1110111110000110111001111111011011111111011010100100000110001001100100100000110100111110011000010001011000100110010
0110011011000110110011001110001111111111001111000110101110001001001110110001100101111111001110011010111010100100111
1111111001100011101011110000001010111111011100001010100100001001101100001001010000111110001011010010111101011011011
0001110111110111111010111000001111111101011110110000101110001101101100011101100100110110001001110011010101001011011
0011000111001010100010001000111011111111001101000001000110001001001110101010110100111111001101101100011010100100111
1101000001001010101000101000100111101111011000001001111110001001100101011111100100111110011000011111010101011011111
1110101111001111111010100011100010101101001110101101110100001101001100100011010001110111001011010110010010110100110
0000100101010111111010110110111011111101011100010101000110001101101101000110110100110110001000111100011000110110110
0011011111001111111001011001010011111101011011111010010110001101100111011000010100110110011111010000110111001011110
0111010101011110111001100100011011101111011010001010000110001001100100001000010100111110011000111000110111011011111
0111000011101111111001100001100111101101011010001001111110001101100100001011100100110110011001011111010111001011111
1000110001010110110011101010000111111111001100111100111110001001001100010101100101111111001000011011111000100100110
1101010001000010100000110100010011111111011010011000010110001001100100101100110100111110011011100001011010100110010
0010111101001110111001010010010011101111011011000110010110001001100111110100010100111110011100011000011000100110011
0011111011100110111011110100010110111111011110110010011100001001101100101000000000111110001000110001011111011011011
0010001001000110110010111011111011101111001100000111000110001001001001100010010101111111001010010100011000100100110
0100000011011010100011000011110011101101001101101101010110001101001111000010010101110111001110101101110101001001010
0001011011011111111011100001000111111101011110100000101110001101101101101101000101110110001000100011111000110110110
0001011111010110111011000100001010101111011111001000100100001001101110101101110000111110001110010010111101011011010
1100110001000111111000100111010110101101011010111110011100001101100101000000100001110110011000101001011111001011111
1010100011110111110000110010110011111101001010101111010110001101000101010110110101110111011000011101011010110100010
0101101011000111111000001101110011101101011011010011010110001101100111011010110100110110011110001100011000110110011
0110101011011111111001010111110110101101011001011111011100001101100110100110000001110110011101101101011101001011110
0101001110101111111010011000111110101101011111110011001100001101101111001010100000110110001101100100110010110110111
0000101000010111110011110111110011101101001110010101010110101101001100100010010100110111001010110101011000110100110
0010101011010111110000111111110011111101001000000111010110001101000101010110010100110111011010011101011000110100010
1011100100100011101000101101101010101101011000010001100100001101100101001111010000110110011010001110010010110110010
1000111001000110110011101011010011101111001100100100010110001001001100110000110100111111001000101001110101011001011
1110111001100111110011100110010110101101001110011110011100001101001101110000000000110111001011001001011111001001011
1010100001000111111010111010110011101101011100100101010110001101101100000110110101110110001011101101110101001011011
0001001011111011101001100000101111111101011010011011101110101101100101001111000101110110011010111110010101001011111
1000100101011110111001100010111011101111011010101111000110001001100100100110010101111110011000100100110111011011111
0111011001101010100000100101001111111101001010010010101110001101000100111001000101110111011001000011111010110100010
1010001100001111110000001010111011101101001001110111000110001101000110100110010100110111011101110101011000110100011
0000101110101110111011001011110110101111011101100101011100001001101110010110000000111110001100011100110010100110111
1101101001101111111000000001100010111101001011010001110100001101000110001011010000110111011101111111111111001001110
1110000001000110110010001011110011101111001111010111010110001001001111100110110100111111001111100101110111011001010
0000001011100111111001010110111110111101011001111111001100001101100110110110100001110110011101110101110010110110011
1000000111111110111001001010101010111111011001100111100100001001100110100111010001111110011101011110010000100110011
1111001000100011101001111000110011111101011000010001010110001101100101011110010101110110011011000101011000110110010
0110110011101111110010011011000000111101001111100100110100001101001111010101010001110111001110000010111111001001010
1001100111100110111000100001111110111111011000000001001100001001100100011010100000111110011001001100110000100110010
0011101101101111110011111100101010101101001100110001100100001101001101111111010001110111001000011110111101001001011
0100101111100111110001010011111110101101001011100101001100001101000111110110000000110111011101111100110010110100011
1010011011001110111011110011010110111111011110110100011100001001101100010100100001111110001011001000011111011011011
1100100001001011101000100110100010101101011010010111110100001101100101110011010000110110011011000111111111001011111
0110101011001111110000010110110011111101001001111101010110001101000110000110010100110111011100110100011010110100011
0010010001101111111001111010000010111101011000001100110100001101100100100101110000110110011001101010111111001011111
0010110001111111111010000111000010111101011111010110110100001101101111000101110001110110001111110010010010110110111
0011101011000010100011001100100111101111011101000011111110001001101111101011100100111110001111000111111010100110111
1100010001101111110001101110000010101101001000011110110100001101000100110001110001110111011001011011010000110100010
1110101101100011100010101010111011101111001100100101000110001001001100010110110100111111001010010101011000100100110
1111110101110010101000101001001010111111011010111010100100001001100100101001110000111110011001101010010000100110010
0001110011000110110010101001000111111111001110111010111110001001001101001001000100111111001010100010111010100100110
0010111001100111111001110111000010101101011000100100110100001101100100000101010001110110011001101011111111001011111
1101101100001111111000010001111011111101011011110001000110001101100011011010010101110110011101000101011010110110011
1001010001111010101011000100000111101101011111000000111110001101101110101101100101110110001111101010111010110110111
1001011111100110110000000000011110101111001001001000001100001001000110001100100000111111011110111001011101011001110
1111110010011011100011101000010011111101001100111000010110001101001101101000110100110111001001100001011010110100110
1010111010010110110011001011000111111111001111011100111110001001001111010101100100111111001101001010010111011001010
0011110001011110110010011100010011111111001111111000010110001001001110111000010101111111001101011001110111011001010
0101100101000111111000111000101010101101011010110001100100001101100101111111110001110110011010001111010010110110010
1101111001000010101010110000000111101111011110110000111110001001101101011101100101111110001010001010111000100110110
1100000110101111111001100010101010101101011010100101100100101101100100000011010000110110011011000111111111001011111
1011001101101110111001001101101010111111011011000001100100001001100111101111110001111110011111011111111101011011110
0100101111011110111001000010101111101111011001011101101110001001100111000011100100111110011100000110010101011011110
0110101101000110110010100011111011101111001100010111000110001001001101100010010101111111001001101101110111011001011
0011010101101111110000010001001010101101001011111000100100001101000110001101010000110111011100111011111111001001110
0110110001100110111001110010000010111111011000101110110100001001100101100001010000111110011000101011111111011011111
0001101100100110110001110000111011101111001010011011000110001001000101101110010100111111011000100100011010100100010
1000111111101110110001110011011100111111001010100110001100001001000100100000100000111111011011010000110010100100010
0110110101000110111000100011010011101101001000000110010110001101000101110100110100110111011001000000110101001001111
0010011101110110111000111011011011101111011000110100000110001001100001010000010101111110011001001000110111011011111
1100110101001111111011111010011011111101011100000110000110001101101100010000110101110110001011111001011000110110110
0001000001000010100011010101100111101101001111010011111110101101001110101111000101110111001110000111111000110100111
0101010100011110110011010001011011111111001101011000000110001001001110101000010100111111001111101001011010100100111
