01101010000111011111011010010010001000000010010111100000101010111110111000110101011100000001010111001111010100001111000101111001010000111110
10100110010110011000000000100101000110010011110010001011100111111000000010111010110100100010000100011110111010100111010101111111011100100111
10100111110100010101110100100000010001110001001110100001001101100001100000010111111011101101110000110100101010011101111001100000010101110110
00100010001110011101010000000001000100000100100101001000110111111101001101110111111010000001100010010010101110010111001111101001100110011000
01100011100101000111111100111011000110111110101111111011110001101110100010010011111001100101100010111101011010011111011111110000111000101100
10101111111100000101100100101010101000011001001101010001001001011000101111011000010110000101110110000000100100001011111100111100000111001101
11001010001111101101000000111001100010001110100100001000101111000111010010100011111001101000100001111110001010011011101100001010011110000100
00101010001110011001000000001011101101001010101111110000011100001001110101010001010010101110100001011000000010110101110110001000001100111101
01101010001111001110011010010100100001100100001001111001111100100010001101010011110010001101110010010001011110111011011110000111000011100101
11100111110101110110101110010001100000111010100011101011100000101010000010101100111110001011111010110110010010001101100100110001111111101111
10100110011110011101010010001010011111100001101100111011000011101010111001001000111100001001000110011000110010000111100011101111000100111101
11100110011111011011001010110101111010111011110101011010011111010000010111111100011111100010101010000011010000001101001010010101100011111110
10100110011110011001000010100100001111000000001101111001000110011111100010010111111111100100010010110100011110001001110101010010011100010111
01100010001111111111001010110100101010000101100100000010100010101001011101100001111110000101101001001011010110000011011001000101100010010101
00101011101100000101100100100101010100010111001111001001100001000010001101111100010000100101011010000011000000011011110111011110001000101111
11100110010111111111011010010100010001111000010111000001101101101000001111111000110111100010000011101010100110100001101100110111101101011111
11100110011111111010001010010111101110010110001001001010110110101101000000011100110110001001110010100101000110000001001010011101011010111110
10000010001110111111011000001000001011000111001101000000111110001100010110000111010001001000010000100100011110110001111000011011110101010100
00100010001110101000000010000111011100111000111000011011110011100101010001011100111111100101011001000001010110000111111001101011100001000111
11101110011111111111011010111001011011010001101100101011100110010111000010010100111100100100110101111100000010000101011100001100110111110100
01100011100101010011101110110111011000011101110111100010100010000000011001101111110110101000101010110011011110101011100101001100000000110111
10100111111100110100100100001101011010011100111011001000111110010110110011010110111111100011001100111000001110001001000100001111101100101110
00001110010110001110011010001000000001101011101000001011110001101001011000000101111001000101010110011100110110011111011111110001010101011100
10001010001110011111001000000011011100100000100100100011001100101011001000100110111101100110010001001110101110000011011000001000110111101101
01001111111101110001100110110011110010110101011111001000101110101110101011011101011100000010101001101000010110000001010001111010001111111110
11100111110101100111101110011001101110010100100110101001001011101101011100100101110000000000100000100111010010110001001101110001110111110101
01000110010111001001010010111111110010100100011110101000100110001011110101010100011000101100111100110001110000010101111001011110001010100111
01101011100101100010111100111101011111011101110000110000001010101011100010100011110110000100011000011110111010100101100101001111110110000110
10100111111100100001100100001101111010101010101110101000010000001000101011010100110010101000101111001001110010110001001101111000100000011101
01100010001111001111001010011110101110101010100110000011001110011000001100101110110011100001100001011111011010110101001110100011010011000111
10100110011110011100010000001101001000111000000000100011111001010100100000100011110011101001110001011110001010111101001100001000011111111101
01100011100101100010111100111000000100100110010000111010001001101111110011110000111001100010000010010010000010010101100100111100001100110110
00100010001110111001000000101100011001000010110111010000111001001111111011110011010010100011100001010011011010110101010000001001001000101100
10000011100100110111101100000011100101100110101101111000111111010001101001000000111000000000001000010001010110010001100111111110000001001100
00100010001110101001000010100111010010111011101101000001100001000110001000010010010001101100110011001100001010111011000011000100110110010110
11101111110101000011101110110011111111001001110101101011011101100101000011110011010000001101100001000010011000011101011110001101101110001110
11100110011111011010001010110100100111111110001000110001101100100100110000111101010000100111010010101110010010010111110011100011010101010111
01101010001111011111001000010110011110111110100100010000011010100000101101011101111100100110100100010000110010000111010001000011101110000101
00100011100100110000100100000011000111110011011000110010110110111110101011011000111001100100101000010001010110010001110001101001101011111110
00000110011110001111001010100001101101001110110100001000000011111011110100100101111100001001111001111110010010000001000001011101010101110100
01100010001111001110001010110110010101111111101000000000111100100001100100010010110100100100000000101100111110101011010001101000111111010100
00100011101100010100110110101000110100001110110011101010100000101010010001011011111110000000010011100001011110001011001011001110100010011101
11101110011111001011011000011010111011111001110111100000100000101000111110100000110011001100111001010111000110110001111000000001011010001110
10100110011110101101000010100001101111010010100101111000101110001001000010001110010001101000010110001100001000011011000100100011011110010101
01100010001111011110011010111000011101011111100001101010001100110100100011111011011000001001010001110010011100011101001111111100100111100101
01100010000111111010001000110001101010110101001000110001100000000011111010111110110101100101000011010111111010101101010110000011010011010110
10100110011110001100010010000001100000100001110011011001010010100001000010001111011100100100000011111101011000000101010100100001011001011100
10101111111100000000100110000110100000110100111010110001101100000101001101011000010100000001110010000000000010100101100100101011100100111101
00100011100100000100110110100001010010010110100010101010010111111011001001000101111110000001111100001000000010000011000011011001001111001100
11000011101101100101100110010001011101110000001100000000001010110000010101000011110001101001101101111000011110111111110111110010101110100100
11001010000111101101000000111101110011100111000101010000101101001011111111100010010110100100010111100010111000000011111000111000100100000100
10101110011110001100000000101110110110111100000000011000000010011011001110011011011001101010010001011100011000011001101010000100011111110110
10100111111100100001100100001001000011111110111111110000001110100001000000010101111000000110001010001100110010010101111101000010011101101111
01100011100101000010111100010010001101110100111011000010101111110111111010001000011110100101011000000101010000001101011001100011011010100111
10100110010110101000000000100010001101111100010011010001011101100000101100000011010110100001000101101100111110100111100001110001011010010111
10100110011110001100010010101000101010010111101011101010011010110000001100011001111111000100000101011100110110001111110001111111110111100110
11100110011111011111011000110101001011000100100101111000000010110001111110110110111111000101111111010110111010001111010011010001010101100101
10100110011110111101000010100011000111111001001111010001000010000010100101110010010110101111000101001010001110101001010111110001100110011101
01100011100101010010111100110001011001011110001010010011110001101011100010011101010110000101001100010100110100000001011000000110010010011100
00101011100100000100110100100101110100001110001011110011111011101110111111010001010010101000000111110001000110111001101110010101000101011100
10100110011110011000010000101000010010101010111001010000100111001010101011011110110011001111110111110000101110111011110011101110000101110111
10101111111100100000110110101111001010001001100010000010011111100011010010111110111010001001111001100111111110010001101101001100010000101100
11000011101101010101100110011100011010100100000111001011011100011001011101111011110110100101101000001011111110101111011001011100001111111100
00100011100100010100110110001011111110010100001010100000110011000101010100111100011001000100100110111111100100010101011011000000010001010111
01101011100101100011101110110011111111011010101101011000001100101000001100001001111111000000101001001100100110001101000110001100011100010101
10001011100100010011111110101100001110000100111110111001101000010111001010010111010101100000000011111101101110101111001000100000111010000111
10001011101100000010111100000101101110011011111001000000100101111111111001001101011010000101000010000001000000011001011010111111001010111100
01101010001111011011001010110000100101000011101100100000010001001110101110110010110010001011000101101111111010111011001101101010110011011101
01100011100101100010101100010101111001010000010000100010010010011000000010000100111000100100110001101101010010010011010100001100011100101111
00100010001110101101010000001111010110101111100111011001000101111001010000110101010011000001000000111111110010111001011100011101011000001111
00101011000110111101000000000001100000111110001100010011001101000111111110010011010100100110101001010101011000000011010101000110011001111100
01101011100101010111101100110011100101111000001100111001111011111010100001001001110110000000111000000001110110101011110010010000101001001100
10101110010110101101000000100101110001000101100110111011110111111101111101100011110100000100000001110010011110100001110110100110001101110100
11000010000111111100010000110100001010110101101010101001111011000001100000000101011010100100000111110100100000010001010100101010111111010111
01101011100101000011111100010000011001001011010110010001111011100000100111101010111011100101111010101010101010010101010111110111000100011100
01100010001111001110001010011010010110010010001000110011100001110001000001100101010001100100110100011010110100110011100001000100101101010100
10000010001110111011011010101111011101010011010101111000001101100111000111101101111011001100001101111010110010010011011100111100000101011110
00100011100100000100100110000101111001000001001011101000010000000011000010010000110000100110111010101100110100010001100101011010011111100101
11101111110101100010101100110001110000110011000001001000111111101000010010111100011110100101100100000110100000001111010110010110010110001111
00100011100100010101110100101011101010111111001111001011101010001101010010101100110010001001100000101111000110111111010101000001010000011111
11101111110101000110111110010101010101000111111001111010001110101001001110001001111101100101010010000100010110000101011101001010010111011101
01000110011111101000000010110111111001101010010001110010100011010101110111110001110101100000100110100010110110100001100101111110101101111101
00000111111100100110111110000000100101101000000011011000000010010111011100111001110000001000101100111110110010110001110110111100010001000100
10100110010110101001000000101111101101010111011111100001101111100111011101001010110000000000110010010001111110110011101100101010001010111111
10101110010110111001010010101110001100000010111110110010110010011101111111111110110011001110000011110010011110111001010001001001000101111100
01101011100101100011111100011111000101111001011111110011110000011100001011111100010101101111010000011010010010100101001100000001101100011101
11100110011111101111001000010000111001100011100110011010100110001101110111111010010100100011001000111011011000001001101111011111000001001110
00100011100100100000100110001001111001100001010010000010101110011010000000111011010101001010100000111111011010101011000100101111011010110111
01000110011111111000010000110001001011000011011001001001101100000111100011011111010110100100011001110000001110101001101000110100001110110101
10100111111100010101110110000111111111011101000111101011001010100010110000010110010100101011000000011100111110100101001011001001011110111101
01100010001111001011011000010010101000011101110111100001100110111010001101011001011011001110111000001001100000010111010100101110001010101111
00101011100100000000110100100110100000110111110001010011010111011111111101101010110100001001011001001011011110101101100011111101100000101101
11001010001111001001000000110000101010111000111110101010111100011001110101011011111110001000111101110000111110000011100001001100101110010100
10101110010110101100010010000011110110101000101011100011010111110111101111010000011101001100010010001000010000001011110011010110000111010101
01100010000111111111011000110111100001101111100111101010010011101110101101010110011101001000011001000001111100001001100100111110100011001101
11100111110101110111101100111001111100111101000101101011110000111011101100001011011110000001010100011101111100001111001100110100010010001101
00101011100100100000100100001011110101010010010001100000010001100010100000111101011000100000011010100110110000010101010000111110010100001110
10100110011110111000010000000001100000011111010011001001101010100100111010111111110011100111010000000110101110110001011111001100110100100110
01100011101101010110101100110101010001001010110000110011101000110011001011110000011010100000111100000010100000011001000011011000000111101100
01101011100101010010101110111110001011111010001001100000110011101001001001111110110010100001111100101010101110111111111001100111001101010110
