00000000110001001011011111110001011
00111100100011101101001000001001001
10001010011000010111110110111111000
11101100110101110100000000000101011
11100100001000000101110000100010010
00100000000011010001000101100100000
10010100110011110111010110000001011
11101000110011110101001111010100011
11100011100110100001010011001111000
01100100011110000110110111011110100
00111000001100010001000011001000110
01100100101111010000001001110000111
10111111000111001111000110100010001
01110010100001100100011011111010010
00111110111011010000000001000100111
10001100100111000011100111101111111
11100000011110011110011110111000010
10100101000111011101001011100101110
00111011101001011011001100100010010
10110001001110010111001111010101011
00101011101010000010000111101010111
10111000000001011100001011001100110
00001101011010110000010010100011110
10001010000010100111001010100101010
10101101110001110010001010101001110
00101010101100100010111101100001001
01100100001111101111001110010000011
01011100000011010001100111010000000
00000101011111110101101011000010010
11000011011111011101001111101101110
00111001010111110100100011011101001
11010111101110000011110101111110111
11111011010011111101001110100100100
00000100111001111111110000010101100
01111010110110110001001000100111000
11010001000101010000100101011101001
00100101111010100010001000001101010
11101001111011011011010110111100101
01100010100010110010101001110011101
11000111001011010111101101010000010
01111001111010010011110001111101010
01010110000000100111011011110110010
10001101101001000001110000101011111
11000101010001100111111000101000101
01100010101000010100011111110101011
01101001101010010111010101110011010
01001010010011100111111111001011111
10001010011000110011001100100001000
01110010101100110110011110111011111
10110011000001001010110101101011111
11111100001111000111110010111110001
01100000011000010101110100111101110
11101010110011010000000010001111100
00111101000111001000101110011110111
01000010011101110010010101110100000
01011000100101101100010100111111111
11111101100111010111000111110001111
01110111111000100101010000011011011
10110001110110100011100110011001001
00111110100000110101001001110001100
11100100111000100011000011111000110
10110010101111011101001111010010110
10101010010010100110011000100010001
11010110001001110100010001010010001
11010001001101000000011011101101010
11101010001011100101111111111100010
00000010110110011111101100011001110
01011010010101110111111111110101011
10011010011110110111001110011100110
00100010100111110011100000011001111
10001010101001000001100010000111001
01010110001001110101011100000000000
01011011110011110000011100111101110
01110001001011011010111111110101000
00101010101010110111001111101101001
00010100001011011110000011001000110
00000101000100101111101110110101111
00101011101100101000110110111011100
11100101000010001011001101011000110
10110111001100010100111101000011010
10001011101001010101110100100001011
11000101100001100000100011000101011
11010000011000111010101101011111011
01011111100110010111111000100001000
00000110010011000001101110010000000
11101101100010111111100111001011111
11111001110011011100111010011110000
11101001110100000000011010011110100
01100011101000010110101111010000011
11101100111000101011011011111001000
10001000011110101101101101010010001
11100011001111000001000000100010000
10011100111101110101001110101110011
00101100011100001011101011101001101
11000101110001011000101010000100100
10011100110011101100001110100110001
00110111010011111111111000101000010
11000011110101000010110001010101111
00000001010000011110111110111100010
11110000011000111100000100011000001
