000100000110111111101111011001111100110101101100011111100000010011010110010100011001110001
000110000110111010101011110001011110100111000110111011111000000011101100111011111100110101
000000000000001000111111110001100111000001110000000000111011101100010111110011110111101011
000000000000101101110011010100000000000010010100010101101111101000010100100111111010101100
000000001000000010101011010000100010000010001101100110000100010001010010101101011101110000
000010001111111101000110010101001010101111011110010011101000100110111101111011010111111010
000000001000000101011110010011000011100111100100110111110101110111000101111011000110101011
001000001001111110111110110011010000101110001011000110101011011110000011110010110101000101
000000000000111010110111110110100010000001000011100010100111000000010110110011100101010100
000100000110111101011000001000001101001010001000011101110100100001111011000101001001111110
000110001101110111011010010011110000000110110100101011010001100010101111011101000110011101
000110001110101100010110010111010110000101101101101110110110110011100100110101011100010110
000000000000000000011110100001011110001001000101110001101110000000111111000001011010001011
000010001010001010011011100111110001010110010011100111000100011001011110101101100111010010
000110001010111000111111110110011110001100000100010101100100100000100110101001001110010000
000000000000011100000011000100001100001101110101000110111110001011010101100011110010011111
000000001100000101010001010111101111000011001101110110100111000000000101101000001001110101
000010001010011110111010111101001010011010100110010111000110010100111010100011001101101101
000100000101101100011001110001100111101001100010101011011111011011010100010100111100101101
010100000001111101110100100010111001000001011111101111010100001000111010101011011011001101
000100000101100010000000000001101010010010010000111101000011110011110101111000111010011000
001000001010010100001000000101010111100100011001001111101111110110001110101010001110000001
000010001111011000100001100110101110101010001111110011111011100101010110011001011011111110
000100000001011101010110000111111011100010111011010100011110110110101110001101101001110000
000000000101000110010101110001010110111001011001101011011100101011000001110100011000010001
001010001100001011001100110111101100000110000110111100010110111001111111000000001001110001
000010001110010101101110000110101110001101001100100101100101101011010100011000011000011110
000010011000001010110000101100100100110010011000000101110100101101011100111110110000000101
000010000010000100100101101100110000110010000000100001110011100011101111000011000000001100
000000000001001100001100111110110111011110000011100010101011011111000010011101010100100011
000100001010110100100010000000100000100101110101011010001111010000111110011000111000111010
000000000101011000110010101011100110100010110100001100011110100101110110000101111110000100
000000000101010110110001101100111111001011100101101111100110010100111000010011001011100100
000100000001101010110110011101100101010101100100000011110110101101110111111010001111100001
000000000000001100010101100001010110011110111101000000111011110111000110011111110010010001
000100010001000001111000110100001111010101111101100111000101000010110010100001001000101011
000100100100011010100011110010101010010100110101110001000101010101001001011010111101011101
000110000110100111111111100000011000000101111110100111001000011000000110111000100010111001
000100001001011101011010010101010110101110111001101111100100110001011111011110101111010101
000100001110100011100101101000110110010111011000111100010110011011010011001101100010001000
000110001010100111000000101111011001010111000101011111111111001010110000010100101000110010
000100000010101101101111110111000011110001001110010001110110000011000101010110010100110001
000010001110100011010110101011000100111100111011001000010100001100011111000000000100001000
000000001001011000100010010111000011100000011000110100100011110101111001010011001000000011
000100000101100110100010001110000000110110101011011111010110000111010111111110010111010000
001000000010100101111001110011000011001101100000110011010101111010111110100101111011011100
000010000011010111000001000100100010010010000101100101110010011110110011110000100001110000
000110001110010001101101001111000101110001111110010111001010000001010110011100010100111100
000000000101000000101101010001101110010101101011101111011110100001000011101101101001110101
000110001011001010111110011001101010100001100000000101001100110100001101101100001101000011
000110000010110001111110110011010101101111110100110000010010110010011110011110100111110010
001100010110111100101100101110010000011111001100011111010110010111111110011110111110111000
000110000011010011001010110111000110010011111011000011001010110100001110101100111110010001
001000000011101011001001011111110011001000010100100001010011111110001010000000010001000100
000000001101000001011001110001011011010101001010010110101111010100000001011010011111011010
000000000101110011110111011000100010100111010110111011011111111101010000111011001010010001
000000000100110110001011010001000110010001000010011100111000001100011000001101010111111000
000010001010110111101100100011100101111111011000110010110010101000010110001010100101011001
001010000101000001101010010011100100101010001110011110110011001100001100110001100001100011
000000001101100011010000001101000110011110011110111011101101110111110011111000010111000101
000000000000000001101101110111000001111110110101001000001000011101001001101000100001101001
000000001010000001010000011110100011101011101101011100101011110011000100011100011001100001
000000010000000011101111000011000100101010001111111111010110100001111111101000011100010010
000000001000000111111011101100101010000100001010011100011101000111001111101000011100111111
001000000010111110000000000100011111101111011000010000101000101010100111111011101110001110
000010000011001000110011100101101001101110111111010001110101100111110010011111100111100110
000000000000001001010010100001001000011100001100001000010011111010101101100101001000000010
000110001010111001000000001110010011010000100010101101101010111010001111111110001000001000
000100001001100111100101111011010110110110101101001010000110111110111010101101011001001100
000010001110101110101011011011111100011011011011011001100110011011110011110000101101010001
000000010000101101100010010100110001010110001000010011100101000101100111010111000011110011
000010001111111000100110000010001011001110110001011011110111101010010000100011010001100010
000010000011110111111000101011101101100100011010010011001111111100001110000011001000111000
001010001010100100100011001100000101101101100100110110100100000101011100111010000110110111
000000010000111010010110110101011001110011101100110110110101001001011110010010011101110011
000100000101011110110000001110100110100010100010001110110101110100011001001011000100010110
000000001000001110000001011011001111010101110000101000101111110101111000010100010101100011
000010001011001110010011010011101000110111010110001110001010000010101111010000110111101101
000100001101101101010011111100011100011001110111011001101010001100010111001010100100111011
000010001011101111011011010100010001001000111111111000100100111010001101010111101010100100
000100000010001010001110001101010011100000111011000000111010001111111011110000111000100110
000100000001110111110100110111010100111010000101100000101011001011010000000111001011010011
000000001100011110110111011101000001111001010110100111010101001100011110001000001010101011
000000010000101101101010101000001010010111101000001001111110101111011000011100000001010111
000000001000010010101110101110010011101100010000001001111000010100100011101001011101011000
000010000111001000100010101001001011111011001100101111111000010111110000100010101101110111
000000000000111100001101001010100101001001110010000000101110101101100000100111111001100001
000010000011111100011110000011011111111101111011000011110100110001111101000010001000101101
001000000000110110110110111101100111010000111001011000111111010011111111011110011010101111
000110000010001100001011000011000111100101111010000001110010111111101001101011011011110101
000010001010100010011101000111101001010011011000111111101111010001001100110011111101111100
000110100011000010001011110010000001001010101011100011110101100000101001011100010011111011
000100000111010011100010011100111001101001101001001010101110110101110001000000100101001001
000110000110100001011100111010110111011110000001010110101011000100110011110011001111011100
000100000011100101011010000000110010110011101101100001111110000010010110001111101100011100
000000000000100010111110110011111011000010011000000100100000111111111001000111101001001110
000100011001010100000010010111001010110100110101101110110110011000011101000001111100010011
000010000010101110100110111010001110110101010010000001000000110001110110101001100000001110
000100001000010110100000001001100000101100101111110100010111010101010011001001101111010110
000110011010110101011010000110001000011010111100111011001101000000011011010100001101000011
