000000011010001110000011011110111100010100000001010000101011
001100011000110000100010011000110010011010001010001110000000
000000101010010100101000101011011110000111011100111011011000
000100010111000111101101110111110011110110100000011001100011
100100001001111111111101000001010101100110000000111100010000
001000011001101101111011010110000001011101001111001000100111
000000010001110011110101001000010110011010011011110101111100
010000011001001100100110110001111001001110101000010010001010
000100011000000110011000010010010000011011011011011000010100
111100011000010011100011001111100110011111111010000101110100
011000100001010010010001001010101001010001000000100010101100
001000100100101101000010011101001100110000100100100010100011
001000010000011010100101110100110010000100111011001010000110
000000011001110000111000111110000000010001010011111011000101
000100011011110011100011011100000001101101111010011100000001
001100001011000010110000011010111011111100000100110000001011
001100000011100111000101101111111110111111011111111010101100
001100011000100010110101110011101010010110010001000000000001
000000011001010010101100110110010001100111001100000101011000
010100001011011100011000000101001001110100010001100100011001
001100000011010010101111011110111000111010111010111001011011
000100001011100001100000111011011110101110110011101110110101
001000000000111010001001010110101011000100001111100110100010
000000000001011100000001110000000011011000001110111000011011
000000011001111101001001110001000001011110101110100101000000
001000000010111000000010001000010000111110010001000101000010
101100000001001101001001100001000010110100111000000010101001
001000000010010011000010100110111101010100100000011001111110
000000010001110001111010001110011110110100101110000001110110
001000011011001011111101100111001101110001110101001101000010
000100001011110010011010101100101111100100111100010101101000
000100010000001000001111100001101110101011010000010000100101
101000000011100001110011111101100011000011100100001100101110
001100001011001101010010010101001101011111111100010000101110
000100001011110001101001110011110001110001111000111001011000
001000000000110111111110100110011100101110110101001010011110
000000100010011101000011101100000101110100110001011100100111
001000001000111011110101000010001011001010110000111000001011
001000010001001011000100001011101111010001010000110001000111
001000001001000000010100111101110110000000100001010000000100
000100000000010110010011101110101100111010010000010010001101
011100111000110011001100110000101100011001100011010100111101
011000010000100000000110000001001111100100001001010011110110
010000001010101011101100100001011011111011100011111100010000
000100011000011100000001010010100000010010110100000010110010
010000100001001110010010011010011111001111100011001001000000
100000001000000011101100101011110100000101101000001011000100
001000001010111111011001100011110100000110100110001111010111
001100001011000011100000011000101101111101111111010011010011
001100000000001101100100101110111110110000111111010100011001
000100000010101011010001110001010000110010111101100111110000
011000001001000000001001101110010100010000110111011000001010
001000000001010111101111011101111110101101111101001101101011
000000001010011011010001110000001011110100011111010101001110
000100001011011000011111000100100010001000000011010111111001
000100000010101011000110011111101010111010010000011011001010
000000000001101011000001001011110011010111010110001011010101
000100000011110001111100101101100101000010101101000010001100
000000000001010111110001111000010101000100110010100101000100
001000010011101001111000011000010110010111001011011111111101
000100000011100010011111111100110111000110000010111001100000
000000011010110101100100010010110001100111100110010001110100
010100000000001111001010100011110100111000011111111101111000
001000001001000000011100111001001000000010010011000100001110
000100010000100100000010001101110011100111110000110000011000
000000111010001001101100000001001111110001101110000110100111
000000100001110010100110011111101111010001001111010010011001
000000001010001011101011011110110100001010100110110010100001
000000000010110011111100000000010111101100110010101110001010
001000011001011111111111100001010011101101010000011100010010
001100000011000101011011110011110001000000101010011100000100
001000011010111100110001101010001001101000011011111100101011
001100110011011010011011100011010100100100101000000011100001
001000000001100101111101111010100110110100001110111110100101
001000000001001000011101011110111011001000110000000000100001
001000000000111100111010111111001101000010001100101111011101
001000000000100010001011111110100110110111101011010110100101
001100001011000010110100010001000011100101111010110010100010
010100000000100101011111100111101101000001100000101000111110
000100001011111011000111100001000000000011100110001011101101
000000010001110000100101100100101100001110011011010010001001
001100011000011011010101000001101000010010100000110100001101
000000001010001110101110110110000000000101110000111001010100
001100100011001111111101101101010000011101001101000010100001
000000100001100111011100011010100000001000001100011011110001
001000000000111110100001001001101011011111101100011011111010
000100011011100111111100001110100011101000101011111101010100
000000000010010100101000010001111100111110011010110010001111
000000010001010101111011101001010010000111100101101000010100
000000010001001101000101110010001110010011101010001011110110
001000001011011000000010111111001010000101000101001100010110
000100010000001010010101111110110110101100000000001111011101
000000000010000100100101011111111110100100011000011110110111
001100010000110100100001110001011010001000110111010101000011
000100000000011000101100101110010101010101100101011111010100
000100000011110110110010001001101101001101011000010110010100
000100101000000111011111011100011111100011011010010100001111
001000110000100010101000110111111001011001011101101010011101
010000001010110110100101111011110010000101101000110010101111
000100011011111000101100011101000101101101001010110100110100
