00000000000001000010101101010111100001001001100110100100000110110101110101011101001101010010111010
00000000000000101111001110010001111000110111000101100000110000110000011011100111000110011111010101
00000000000000000010001010101011000011001010100010100100000100011010010101010011101110111010110001
00000100000001001111100011100111111001101101000110111101111011110001110000100101011001110010001101
00000000001000001010000110111111010100100000011001101010101100111101101001101111010100101100000010
00000000000000000010100011110001100000100111011000100011011110110010011110101000010110111000100101
00001000000000100000111111110110100101101101011011011111011101111001100000111010000111111101110011
00000000000001100011101110010000111001000101110001110111111100011101110111000011010001101111011000
00000000000000100110001011101010101010001100100000110011100000001010000001001101010000010110010101
00000000000000100101100010111011010000000101011010100110000000110000100101111000001001101000110011
00000000000001000111110011101011110100011101100100000010010000001011101111100110000010010010110001
00000000000100100001111001111010110110110011010101000011000110000001001111100010000011001000010000
00000100000000000001110000000011111111011111001100011110010101101101010001110111000010001001010000
00000000000000000001110000111011101010000101100001010100111110100001111101010001000001111001100000
00000000000000000011001001010101011111010100101001010001001001011101101100111010010111001110000101
00000000001000001000010101000011010001010111001111111010001100011111101101010111110111000101011001
00000000000000000011101011111001011111000101011001001001110111000100110000110010001011001001111001
00000100000100100110110110101111010010001110000111011010101000010100011110000010001110110001111110
00000000000000000110001000011011111001111100111001110101010010011101111111011011101000101001000000
00000000000000000011011101110010001010010101101100000001010110100111111111110110101011010001111101
00000000000000100000010100101011000000101011110010000011010101100001111100111110010000100111101011
00000000000000001010111010001101000010111111000010101000110010000100110111101101010010001011101100
00000000000000100100101101111100010000010000110011001011000000000010010101110110001010001110001111
00000000000001000111111110011000101011001011111001010111010110100011000010100101100010110010000001
00000000000000000001101011011011001011000101010110101001001011010001101011101100001111110000101100
00011100000001100100100000110101111001011100000111010101000010010101100011000100010101110100111110
00000000000000100001001100111110001000101000010011010010101110100001010100101000110100011000110000
00000100000001000010001111100101101000011101100001111100101111010100101111000100010010001100011101
00000000001000001010110010111110101111001011011011000110111100000010100101111010111111000000001000
00000000000001100000010000001101101110111101011000110111001010101100111101000111110000110000100010
00000100000000100010010110111000010110101101110110101100111111001110101100111001010010100011010100
00000000000100100000011100110111011101111110001011101110100101001110111001000010100011111110000101
00001000001000100111001111011001101010001100001011001101011101100110010101110110101010101010010111
00000000000000000011110001111100110101000111110000000001111011110110010010001111000110010111100110
00010100000000100101110001000001111101000001001110000111010110010100100000001010110110100101011011
00000000000000000010111111101010011010010111010010011000111101101010000101010011111111001010001100
00010000000000101100001111000010111111000001111111101010011101010000100010010011010101000000010000
00000100000000100110100111111110111001000010000000000001100101010000011100011000100101001111111000
00000100010000101010000111011111010100000011001001111110011111000000100111110100110011011000101111
00000000000001000001010010100010010100000011010001111100100110101011101111110011100001011011011100
00000000000000000010111000011111111100111011010101011111110111010101010101010010110110101000010010
00000000000000100000110100111100101011010000101111101100111001101100000010111000001000100101100110
00000000000001000011110011111001010110101001010000110110011111000010100110110000110010001111001001
00000000000000000001011001101110011011000001011010011011111111110111011100100010111100101011110000
00000000000001100100001101000101110001011000001000000001000110001100001110111010110100110000011001
00000000000000000011101111001111100110111000101000000001000101111111000010001001111110000001101100
00000000000100000111100010111001110110100100011010101101111001000001011100011101010011101011011011
00000000000000100000001000101011001000000101001011011011001100001001001101110011001010000110111100
00000000000000100000101000000011111100101010010100101100101000001111011011001101101000100101101111
00000100001100101001011111010000000000111111111101000010001001100110001111100111010111101000001100
00010100010101000111110001111000110010001111111001010011110101101110001010110100011011111111111011
00000000000101001011011011111011110101001100101000001100001011110001011010101110011100010110101111
00001000000000000111000101101000011011000010001101100101010110111011000111011010111110000110010110
00000000000000101100010000101100111100011011111100111111100001101111100000100000100100011101001001
00000000000000000010101101011001001100000000011001000001101100111101101001010000100110100001111101
00000000000000100001001011101011100000011011001100000111101001001101010101111011001111101001011111
00000000000000100101011000111011000110010001000100110010110011010000110100100110000110110101111000
00000000000000100001000100101110010100101100001111100101011010110100001000101101110110101111011101
00000000000000000100110001110000011100101000100101000001000100111010000001000101110100001010000010
00000100000000000001010110001100111101111100010010100110111000000000010100001000100110101010010001
00000000000000000011000110001000011000111001001100000011001001100001001011111110010010001000110010
00000100000101100100101101101010001101001111101111110101001110001000000110100011101011000001111000
00000000000000000010100100001011000110110101000011111011101011111011000001110111001100100100101110
00000000000000100001011100001011001001000110101100100100101011110111010011101000100111100010110010
00000000000000000101001000111100100000111010000001100010010010011100011101110101110000001011001011
00000000000000100000110001000011110000100001001000111000001010011111010010010101010110000011011001
00000000000000001101100001101100111000000010011011001111110001000110000010110111101110111110001010
00001000000000100111000100110000111010101100011001010000110001011111001010100101010110101100101010
00000100000001100100010100110101100101001111110110111010010111100011101101100101000000011100100111
00000000011000001111110110110011000101111110011111011111000000110001000101100010101001101010010100
00000000000000000111111111111101000010010100101100001111000001100000010101110101101001101000100111
00000000000001100000100110011000110010101101011010111100101011011010101000001101000010011101001001
00000000000000111001000101111110000101000101110101101001001101100001001110111110010011111001101111
00000000000100100100101101000101110000000001100001010110100111010001100111111000001000110111010100
00000000000000000110011001001110111000100101101101111011110010101000010011111100100101110011011100
00000000000000000101100001101111101010100100101011011010100001100101111110001011111001000001111001
00001100000001000011010010001110100010001111100001101000100111001000000100110011111101111011010011
00010000010101000110110000001011101010100010000010111110101011000110001110111011101110000111111000
00000100000000100001011000110001101011000101110110011001110100111011001000010110110101100010100101
00011100000001000111011110011111011010100000010110101010110000100100101010111010110000001111011000
00000100000000100110100110111010111111110011010011110000110010000101110011101010011010111010100000
00000100000000100101011110001011100110110110000110111110010010000101000110100110101001000100011001
00000000000000000001000000001000101011111011000101011111101011100111010101010001000010011101010111
00000000001100000010110010000101010011000011101000000111101000001001001110000011111100100110110101
00000000000000000111111011010110001010110011111100000101010000000011011010011001010001001010101010
00000000000000000111100001101111011100000011010101100001100100111010010100011101011011100110111001
00000000000100000101101001001010100001100101100100001100101010011011110111110001010011011010001010
00000000000000100000111010010101001111100001111111111111111001011111000011110100011011111110110100
00000000000000000000111001110001110010010100001011000011000110110000000010001011010010110101000011
00000100000000000010101100110010000000001100000111000011110110111011111010001101100001100101001111
00000000000000001001010000000000011110110110101010011011000001110101111100101100111110011010000110
00000000000000100001110110010101000110001101110101111010101100001010100111111001001011100010101011
00001000000000100011010101010001011110000111011100010110001101011000111000011011011001011010000010
00000000011000000111000111110110111011110101100100001100111000001110011010000011011000001010011110
00000000000000000001100111010000001011111110001110010010011110001101101100111000101101101100111011
00000000000000000111110011001110001001100111110010101011000100111000001111101110010010000111010000
00000000000000000001011110110110001111100001011110101011011110011111001011111001101011001101000110
00000000001000101100100100111011100011001111000011101100100001000001000000011000110011111100000111
00000000000000100100011101111100001001000011001000100010010011010100000101000001100000010111110111
00000000000000100100110110011010010100011110011001110111011000001100100110110111110100111000111111
