0000010000000000001001011001000001101111111001010010010011000010001101000100000111101100010100100011
0000010000110001001010100010000011010001010010011001110001001110110100110010100100000110100110100011
0000000000000000001101101101001011100110010010010000110011100001010101000001100010100101000110011100
0001000000000010000011100010101110001001100001010011010011001010001001101001011000001011001000111110
0000000000100010001111100001001010010101001010110001011001010011001011101001011001011001100000000001
0000000001100010000111111010111010000101001100100011011011111100010100011011111101101001111101001001
0000000000000000000011000011001000101101101000011101000100010010110111000101010010100111001101000000
0001000000000001000110110010011001101110001100101011011010100001100000100111100010100001101001001011
0000000000000001000001000000011110100110000110111111011110101101100111001011111110111000011101100011
0000000000010000000010111111111001111101110110111010011111100101100000101011111110010100001100100101
0000000000000000000001110100010000011010110101000011010000111011001100101011100110010011011100001100
0000000000000010000011100011001010111100000101001010001011011111010001010010000010000101101010000110
0000000001000000001111000010111111111110111110101001100001010000100011010011010101101100101110101000
0000010000110011010101111011101001101100111110101010100101100100011010000101110000011000011001101000
0000110000000010000110110101111111101010100000001100001101110001000010100111001111001110100100001111
0000000000100001000000111110111011010011001111010010101001110010111001000111100100001111100101100001
0000000000000010000111111010011000000101111100110011101100100011000110110100111101000011011110111001
0000000000000000000011111000010111101110100101001001101001110011111111001101110111011010011000011001
0000000000100000000110111100101000111010111110101011110101010110101110101100101000100111100110010001
0000000000110010000000010110100110100011011010100101110100011011001100100101100001001101011101111000
0000110000000000000101001100110000110101100101001101100010100000001101010011111100111011000110111101
0000100000110010000111000101101110111101111101001000111100010100010000010101000011100011100001001011
0000000000000011000000000101001110110011100101010011010010111100010011111011111011100111011110011010
0000000000000000000001111100110110101110110110000000110011111111111011101110111100010100100101000111
0000000000000000000011010001011010111001110100101110000110001101000001100010000000011110111011001100
0000000000000000000001001010111000000011011010000011000000111110010111111011000101110101101000111011
0000010000010001000010011111111110111101101001100000010110110100000101000101100001111110001110001001
0000110000000001000011100110111101100001001000110011110011011001111011000110100001101000000010111001
0000000000000000000010110011111100011111101111111111111111101101110010101010110110010101011001011101
0000000000000001000001100010101100101101000111101011000111111001001100101100001100011110000000011010
0000000000000000000011011111100001010000000111111100111000001011100101111110100000000000000011000010
0000010000000001000010101101011011000000100010111110000001111110100010110011111100100011100100000101
0000000000000001000000001000100111010101000010100001111010001101001000000101010010010101011011100101
0000000000000000001101110000100001011110111100101110011110010000111001101010000001011101000001100110
0000010000000001000010101111010110100101101110000001100001011011010000000100001101110011011000100100
0000000000000011000000010011100011101100000010100011010110010011111101110100010011101010101110000001
0000000000000001000000011101001100110101101110000111101000001010010001111101111101101101111000001001
0000000000000000000101000101110000010111011101100111000000100100001111100110100001010011111100001111
0000000000100001001000011010101000101111001000000000110100101101101011011001010101001111100010110111
0000000000000000000011010001110110111001100001001001111010110101010110111100001111010110000000001111
0000000000010010000011100110011110001000110101111000100110000100010011100000011011101100100110100000
0000000000000001000001000100110100110000110011110011101100001001001000100111100111011111100001010111
0000000000000000000010000110001110001110011000001101000101000111010101010100101110111010110111000110
0000000000000001000100100100011101100100110111111101001010110010101111011010111001100010100001111011
0000010000000001000010100000010001001011101100011110111001001001000111101000001110001000011110110110
0000000000110001000110010110101111110100001100000100001110000100110110010010110110100101011000001101
0000000000000000000111010101011111010111011101011101111001110001011001101100011110101011011110101001
0000000000000000000010100000010110110010000000111010010001101010101100000101001110101011001110011010
0000000000000000000110011111000001000000001101101000000010111000011000001000111111001100111010101001
0001000000000010000011110001010111010111001001000001001100100101101011010000010110010101010001001100
0000000000010001000100101100111101110110011100111100100111001010010110110011010011010011101000111110
0001000000000000000100011111011110010111010000011111111010100011000110011101000011111001111000100010
0001110000000001000100110110110001000010101111110111101100101011010010111101010011000101101001001001
0000010000000001000010101001111000101111111101010101101100001011111101101001110010011100011000001000
0000000000000000000101010010000010110111100110000011011011011010010001111010100110101001110111001110
0000000000000000000010101111100101011111100000010001110111010000011011110001001110001000100101111001
0000000000000000000111001000111010010000110001001100101101110001111100111110011100101101101001110111
0000000000010000000011111111110100110000001011100011000100000111010010001111110000101111010101111001
0000000000000001000101010001001000001011101111100111011011100110000111010000000101001100110011101000
0000100000000011000000011011110110100101101100100101001011110110100101100010001100101101011111001110
0000000000000000000100100111001100000110111110011100111010001101101111010101001110100111110111101110
0000000000000001000101000100000011100011001001111000110110100001101011110000110100010110000000011010
0000000000100000001110110100111101000000110011001011100110010010100001001111000011010111110101101010
0000000000010000000111101000001000010101011010011111001100010110110011100001011011110010010011110101
0000000000000000000001101001111001010100011110100010001111101100000010101111010011000100000001101101
0000100000000000000000111001011011110000000011010011010110001000001011001010011101100110110001111011
0000010000000010000001000000011111000111010101100100011000000000010101100000100010101111101100100100
0000110000100001001010000010010100101000011110111111110111110010000111110101110101100011100101110001
0000000000000000001010011100000101101001000010101101000010010011001000100011101110101000111010011101
0000000000000001000000001000010100110110100110100011001001101000011111111111111100000100110001010110
0000000000000000000011001000011010110000011001011101101011100101100100100100101100110011000000010000
0000000010000000000000011011110000011100001000100001001111000000111010100101100011110001100110011111
0000110000000000000001001010100100010000001001111110010111011101111111011111101101110000100000110001
0000000000000000000011010001010000101111111011100110001011001110101110111010100101011111010110011110
0000000000100000000010000111000110111000111101110010000011110011111001011000011111000111100001100011
0000000000000000000010101100010010100000001111010000000010001000101000010001011110100111111111011001
0000000000000001000001010111100111100101011010000101010010001000101101011111100100101110111011100010
0000000000000101000000010100100001111011111110100101001111110100110111100000010100110111111100101111
0000100000000000000010011111100111000001001000001101010100110111101100111111100111000110110111000101
0000000000000000000110100101011110011001011100110110000010000100011001101000001111111001110101001101
0001000000010000000100000110001000101101111000000001111001110101001001110000110011010111000110101101
0000000000100010000011110111110110001110101100001011010011101100000101101000101110010110110100110111
0000000000000001000001000110111010011001100011110110110010101111111010110010001010100011011111000010
0000000000000001000000000100100100010111101110001100101001111100000110001001000100110101111110010011
0000000000000000000010100011010011000010100011110101101111011100111110000111000101000100100110001100
0000000000000011000000011001101000011010011011011001110010101110011100101101100110000001011110011100
0000000000000010000111100011000011001000101010110000001000100001110000101110100001011101011101110110
0000000000110010000100000011011100100111010101011000001000100110011100111100001000000111111110001110
0000000000000000000001001101111001011000101110111100001100111100101010000000000000101101011101100110
0000000000010010001111110101110110001101111110110101111111100100000110011000011000001010011100010101
0000000000100000000111111001011111011101110101110000110110011100101011000110011001001100110000110001
0000000001010000001010110101010011101100101100101000001011101111100110000011000111100001101100000111
0000110000000011000000100101110011101111100101000000110111011011010100101110011101010100111001100011
0000000000000000000001110010001101110011010000010011000101001000110010010011001010111101111110101101
0000010000000000000001101110111110110010100001011000101000100100011011110010111011110001001011011110
0000000000000000000101011101100000100111101001000010010000010001110000101011010110001111011011010001
0000000000000001000100110000101001100001011100010000001101111010011011000000011110000010110110111101
0000000000000000000010101011101000101001001111101100001100100110000000000111000001011001110110101011
0000000000000000000111110100101011110101011001110011001100101001111000101000011100101011111000100101
0000110000000001000110001011011111010111100101110101110101000011111011010110011000001011000011100000
