00000000000010100111101011110000001000001111001001100101010011111110001100010111001110010101010101
00000100000101110111101001000101100110100100011111100100011011100101100010000110100110010010011110
00001100001001001111010011000111101101101110011010011110110011001100011000101011001111011011101101
00000000000001010101101001110011111101101011110011101110010001100010000000111001001101100011101000
00011000000010100010111110101110110111111111111011011010101011110101110010011010101001001001000001
00000100100000101110011001101010101000000110111111101100100000011110001010011110110110011110010001
00000000001001001111111010101101101100100110101010011011110010001101011011110001011001100001111000
00000100001100101101110110000101111100010011111101101011000001110111010111110111011011101110011111
00001100000010000001000011111011011010011000011101111000111010111000001100001100011101100001000111
00000000000000000110111000101100011000010111011000000001000001011011011110001100101101000110000100
00000000001010110000000110000000111100001001101010000000010011100011001011000100001001110001111100
00010000000110010000001100100000000100001110101010000100000100001011100001000001010010101001001001
00000000000000100000100101000000001110011110101101101000001000111010010100010000000111110001101001
00010100000001001111111010011101010000010001100000000011011101110100111000101110000011101100110001
00001100000110010000010010101001110011000111101100111011000100001110000100101110010100010000101000
00000000000001010000100111011100010001101000011101001000101011001110100110011100110101000110011010
00000000000010100011100010011100001011110000101010010100001100111110110000111011010011111011000000
00000000000101100000000011010110110101010010011101110010111010101000011001011010000111100101011001
00001100000100100001111000010011101010011101110111010110100110011011010101100100111110110101100001
00010000000001000111111000110010100110101111100110101100010010111010011011011011110011101011000111
00000000001000000110101011100001100000111001100000001000010001110000011101001001001010010100111111
00000000000100100100111000001110001000101010101101101110111001110001101100100111001100000110111100
00000000001100010010111011111000100111110011111001110101100110001101011001011100000101101000110100
00000100000101100001010001010010011110010000011011111010001001001110011100001011110111000010101110
00000000010110000010100110010111110101111010111111001010110101111011000101011110111101011011111011
00010000000001101011110000101000001110001101110010111001001110101011010110000010111001110100110111
00000000000000100001100101110101100111000111110000101100111100000001110101111011011000010101111110
00000000000001100100101100110001100110010101000000101011110110100000010111011110001000000010010011
00000100000000100101011111100010010011110001001100000000100111100000000100011101111101101010011100
00000000000000010110111111001001100101101111100100101111111110000111000000100101101011111110100111
00001100000100100010010101010110001000101011001110100101101000001010001101011000000100001011000000
00000000000100100101001100101101100100000001111111110100001011111100001101111110111101001110011111
00000000000010010101100110110100010010010011001110110011001010001000101000101001101111001001010010
00000000001000100100000010011101101010111101101110101110011101111111010100101001011010001010101110
00000000011100001010011011010110010010100101111110111100001110100000100100010001001101101111110110
00000000000010100010000011110101000100110000100000000101001011111011101010100101010111111010000110
00000000001000001111010011000111100001100111101001011000100010000101001100010000110010010000010111
00000000001011001011101010100100111010111101001001001110011101110000100011001100101111110111111110
00000000000001001111101001110101111101011001101011000111110000000110001100011010110100111010110001
00000000000001100000000110110010010100110111111010100100101100110111010110111011110001110101010100
00000000010100100001001100111110010001001011001100000110101000110110000000011011010010011110000010
00000100011001101100011000100101011001000010111001111011110000001000100001101000110110100101100110
00000100000010100010100110110110111000000111111111000111111110010111001011101101011111110101010111
00000000000100110001100000110111010010001000001101011111100101100000001100001010001001001101110101
00000100011100001101110001101001001000001000100111001100110001011010110001110100000010110010010101
00000000110000001101111111001110010000011100101000010011100010111011000001010001011110110110001001
00010000001000110101011001111001000011110010011100011110011100011010100111101011010000010100100001
00000000000000000111100000001101101110110110001011000110010000111010000001101100100101001000000100
00000000001100101000110100111001011111100111001100011110111101011100100011000110011110000011000010
00000000011000101000100010001010100000001000111111010001101111110011011001000100010001011010101111
00001000000000101010000000010111110001101101100010011101001111110100011011101100000011110010000101
00001000000110100011001101101101111101010110001101101110110100111000011000010010011111011100010000
00001000000101010011011101111011011101010000000001001011000100100001111000110111100000100111010010
00010000000000000101101011110011000010111010101001101011100001011110110110101000100001001000011111
00000000000001111100001010001110101010001111111010111101110000010010010001011000011000001010101010
00000000000010100110101100001111100001000101110011101100010101001101011100101100000011000110100111
00000100000100110010101011001110010111111010001100010100100101100011110110011000010010010111010010
00000100000110100010111000100110111010110111000011100101001000011110101000111101010010110101111001
00001000001001101100100111011100110011001011100100101100100010010000110011100001100000010110111101
00000000000000010011010010110100010110110111000110111111000111001001110000101001001000101100010110
00010000000010011111110110001001000000010000001001101110100000101111011011011100000100100110000100
00000000000001110011101000001010010101101001101100000110000111101010011001101001110100111101000111
00000000011000101100100001111001111001011100010010010010010010111111110011001101100000011100000111
00001100001011110100000111101010101011011010010000001110111100001110010100100111110001111001010101
00010100001100001001100111110110010101110001110110010001111101110010111110111011100100011010111011
00000100010000001101111011100000110111111000001010011110000001110100110101110010110001001011001101
00000000000000001010110011000111100010010001001110100011111101110011010110001100010110111111011110
00010100000100110010000110101100110101110011101001010101010101010010010110001000100110011111110000
00000000000100100101100100100100101100000111000100110010011001100001000101000010010001111101011000
00000100000000001101010001001010101110101000101001001001110001000101011110100000010111110010000001
00000100000001001011110101011011001100101011011100010001101111000100001001001001101001110000010010
00000000010000000011011110001001110100100100000001000100111111001100001110010010000001100010111011
00000000000100000111000100110001011000101010100111100011110110011010000101111100001000001001111100
00000000000110000010011100001000101101101000001011000101110111001011000010110101001110010101011111
00000000000010100011101111001000111100000111000101111101011001100010100100110011100101001110110011
00000000001000001011101111110010111110100010100001001111101100110010011001100100100100001010111000
00000000010100100101011001101101000110110110000100000010101011010110011000101011010100111100101111
00000000000000011111011101100010101000100111001011011011110001100011101111000100110011110110001010
00000000010100000110100011111111111011101000010110100011011010010010001110000110101110010011011110
00001000000001100000111000011001010110011000101001101011001110001001111010100110011100101110010010
00001000000000100111010001110001001101011011001101101001110100100101010011011110100010101011101010
00000000000000000111100110000110010110100110111010010000001000010001100111001001011110110110010000
00001000010001101100011001100101000010111101100110001000110001011011101001000111011011101010101100
00000000001000100001001001011111101010011001011000011100000011000111110100011111100100010010101111
00000000000010000100111101010111100111110000100101000110110011100111010001110100110111111101110111
00001000000010100010010011001001101011110010000011111000111010000101110010111111100110111100011011
00001100000000011001100000111100111101011101111111111100001110100011110111010011000001011111001110
00000000001000000110110100111000101110000001010011100011001001010001010011010010111101001100011111
00000000000000111001000110010011011101010110011001010101110011101010100011010011111011101010111001
00001000000001100000100011101010100111110010100101001000101110011010101100111011010011000001111001
00000000000001001011100000110101110000100001111110111000101110111111011111001101011010111001111100
00000000000010001000011111011010000110001001110001010111011111111011001010001111110001101001111011
00000000000000000111010111001011011111001100111001010000000011010101100101001101011000111100011111
00000000001100100010001111000111000100111010110001100001101110101011000101101100010000101011110000
00000000000001001001001111110000000111101111101111010110010011101101100111000101111101101100010100
00001000000001010111001111111111000111101000100100000001000111101001001001011110010110111100111001
00010100000110100010100100011100001010110011100001010101010100001110110101110011000001111000100110
00000000000001001100100110101001100101001111110001100000000000100000010111111100000001011100010011
00001100011101001010111101110011100011001110101011000111001110101110011000001001111011011101111010
00000000001101100011010010010011000110001101101101000010101001110110100100111001000011111001010111
