0010010010010100011011010101
0000001001000000011000110000
0010000001110011001011001101
0010001001101011101110000101
0001000011100101010001101110
0001001011000010011111011101
0010001011011100001100110101
0100001001000101101101011101
0000001000111100110111011100
0010000010110000010001000100
0000000001101110000100011011
0000001000101100111001110010
0000001000010100001010011100
0001000011101110000001100110
0010000111110101111101001111
0010000011101010100011110100
0011000010010001001010100000
0101001011010001111001100110
0000001101100110111000111100
0010000011010110110000111110
0011000010011001000101010010
0000001001001100010100011101
0011000011011100010000011111
0000001000001110001001001101
0001000011101110110010101101
0000001100001100101001011000
0001010010111101100001010011
0001000011011011100010011010
0001000111111001111000010011
0001000011000111110001000111
0011000101011101111011101000
0010000001111010000100011100
0000001000110101000100000110
0001001000110111000011110101
0111001011001011011100100100
0011001001101110100010011011
0000001100011011011001110011
0010000110001111001011101100
0010001010100010001001000001
0000001100111110001100001000
0010001011011100001001100111
0010001111011011110110011010
0011000101110011111111110001
0000000000000001100100001100
0000000101101001011110101101
0010000010111110010011001011
0000000100111001001110110110
0001001011101001011000110100
0000001000010110000100001011
0010011101110111101001100011
0001001011110010101100011010
0010000010100011110000110110
0000001000001101101011010011
0001000011111010110000101000
0011000001011010000000101000
0100001011100011001100111001
0001000111101111011101011001
0001001010110000111001100110
0011000011010001100001010000
0001000010100110110001000100
0001000010111100100001101111
0000000000001111110001000011
0011001010100110111000100000
0011010011011110010111111010
0000001110000011001010100110
0101000001100001110011100010
0010001001111011111011010111
0010000001101001100000010000
0001001111101110101010001101
0010001101001110011000101001
0000000100010101101111000110
0100001001111111000111011011
0001000101100000011111111111
0010000001001101010010011000
0000001001001001101001101011
0010000101100000101100001000
0000000000011100100011010111
0011001110011000011100100010
0010000001010100110011011011
0000000101110101101110011010
0010001110000010000101100010
0001001011111011010111101101
0010000011111001110011101010
0100000000100000100001110101
0000000000000101110011111111
0000000101011011111101010100
0010001010011110001000001110
0000001101111001111010100101
0010001110000000110111110110
0010000001101100101001001010
0001001111001110011100010100
0000001001001100001010001001
0000000001001111110011100011
0000001000011101110111010011
0010001110111110001000110010
0000001000111110010100111100
0000100000110010000001100000
0010001000011010011110010000
0001000110111101101001101100
0001000011110101000000000111
