001100100101011110011001000011110011
000000000101011001111110101111010110
000000010001011010100100000111000011
010000001010011000111101101111011010
000000000101010101110110000110000111
001000001010010011001000010111010110
000100010001010101110000011010001010
000000001000000111010100101001011011
001000000011010100110101000110001110
000000000000010010111000100111011100
010001000101001010100100010000110001
000000000010000000011110111101000100
000000000110011111111110111010111101
001100100000001110011110010011000000
000000110001010100101010111011010110
000000000000001011000110011111001001
001001010011001111000011001111101110
000000001000011111011000110000000001
010000000010100000001011111001001000
010000000010111111100001101011100100
000000111000011010010010010010011010
000100000001010000100001101000011101
001101001011100100100111100001011010
000001001010100100110101010000111100
000000001010110000110010101110011011
000000001010100110001100000010101010
000000000010100011010100101010011111
000100100000011010101110101101110000
001100001000000110010001110010110010
000000000000000010111011001011001101
000000000100011011100110000100101110
010000000110101011110001111001000101
001100010001010001101101100100101110
000100100100000001111000001000011011
000100100101000010110010000011011000
000000001010001101000000100001000110
000100000001100010000111111101110010
000001010110001001001001100000011101
000000000000010110111111111000101110
001000000011000100100000100100000111
010100001010001011011100101000010101
000000000100100101000100001000100110
000000000110110010100110001000001000
000000000000001011000000001111100010
011100000011101000010100001111000100
000000000111000000000011101011100110
000001110100101010100100010010000101
000000000010000001011011111010011011
000100001011100001100001001101011110
000000000001110001101011110111001010
001100000000000011100010101101001010
000100000010010111011110100001000010
001100001010000001110101101011010101
000000010110010101001010101001011010
001000111011000000110010011101000011
010100000100001101011000000001001010
000000001010000011111100011010001111
001000011001000110011100000100010111
001100000100000110011110000101000011
110000000000010011100110010111110000
000000000101001110000101110001111011
000000100110001001011001101110100011
000000000000010111010100010111001110
000000000011000011100101001010111111
000000000110000001011010101011001001
000000000000000111000111110011110111
000000000100010101100110110111011110
000000000000010111000010110000110000
000000000100000110110000110101000010
001000011011010100110000101010000100
000000000000010010111000001001111010
000000010101010101011111111010101000
001100000000100010010100101101101010
000000001000001111100010100000000010
000000001100011111100100101001111100
000000010111000000101001001000000100
000000000100010110000101011000000010
000000100000000011001000011101000101
001000000010000010011010011001101001
000000001101000101111010000011100101
001100001000110111101011010001110110
000001100100011010011111110000100101
000101101000000111101100100111100001
000100110100000001101100111001000011
000000010000000011000010101110100000
000000010001010000110100110101101000
000100000100010001110010111001011101
000101000001000001011010000100111111
011101010010001011101010010000101100
000100000000011010101001110101011011
000000111000010011111000100110110001
000100100100111101001001011100100101
011100000111011100000101110000001101
000000100010000100100011100111101010
001000000010011100010000100000000111
000000010011010000001001000101100001
000000001101000001111110101011110101
000000100010101000011001111100010101
010000001010001011000110011111100000
001000000100000001100001101100001101
