0100001101000011100010000110011010
0001000000101010100111000001101100
0000000001001011111010000010111010
0000000000000010001111011001010111
0011000000100110010110010100011100
0000000000110101011111111110100001
0000000001100110110110000011100010
0001001010010001010010100100011000
0010001110011100111011110001010111
0000000001100100101111100010111110
0001000000110110101101111000111110
0010000001000011000111011101001111
0000010000001011100110100000111101
0000001110000100000001110110010101
0000001100001010110100101110010001
0000000001100100000110000001010110
0000001110110101111100111101010101
0000000110100000100010110100011100
0010000001100100111101000010011001
0000000000000011000111111111010110
0100000001110100011100010110110101
0000000100010111001010011011010110
0011000010010101100000110110010001
0000000000110001110101110111110101
0000000100110011010001000100001100
0000000000000110110100100011000010
0001000000000101011100010100100010
0011000000000101100110000011101011
0100000100100100001011111000110101
0001000100000010111111011000100001
0000000100000110010100001010000011
0000000100000011000010100111011000
0000000100000111001011100110100101
0000001110000001110000001001011111
0000000101110000010000110100011110
0000010000011111011111110110101111
0000000000101000011010001110101001
0001000000010010000010001000000010
0011000101100000010011101011001011
0000000000100101110011000111010111
0011000001011111011111010001011001
0000000001100011010000111111010111
0100000001101100001111000000001011
0000000011000111111100010110010100
0000001100110001010111100001010001
0001000000100110010001100011000000
0101000001001011100100111111001101
0000000001101111011000001101010100
0001000001100001010000111011011110
0000000010110110010000000111101011
0000000001010000011000001111011110
0000000000101101001110110000100001
0100001010101100111100010011010001
0000000100100101111110101000001101
0011001101000011011110101001111100
0100000010000000110110111110111110
0100001101101100001011011110011101
0001001011101001001101000010001111
0000000010110010011101000001110100
0010000010000000111001101000111110
0001000100110010101010000101101010
0001010000100110111100101011001100
0000000010100110001011010011101001
0001000100110010010110000101101001
0000001001001100011111100011000110
0010000001100000100010011111000110
0000000010101010101000100011100111
0001000100000001010101010101101100
0000001101000111111000001001111100
0000000000100000111010001001100101
0010000000100010000000011101101010
0000000000000010010111101110010000
0011011000100101100100111001000100
0000000000000010110001011011111011
0000000000000111010110100010101011
0010000011000011011100001101101000
0000011100000011001110011110101111
0001000101100001001000000101111101
0011000000101010001000011110011100
0000000000100100111010000011100100
0000000000101000011000010010111101
0000000000010110010100111011001101
0000000100000111001111001001100011
0000000000100101010101000011011000
0100010001010011110101000000011101
0000011010101100001111010011100110
0000010001001001000011101110100110
0000000000000011000001001100101011
0000000001100011010010101101110110
0001001001101101000001100011000010
0100000101101000011110101011101110
0101000010010000001001010111010011
0000000000110000111100010111110101
0000000000001011011101010011011001
0011011101100001100100011001011110
0000000101100011011101010111110100
0010001101110000011010110110101000
0010000001101000110011010110000110
0000000000100100100110000111000000
0010000101000011011101011010101001
