000000010000000101100110000101110100
000000000000000011100111011110011001
000000000000000110010100110001100001
000000000000000110010010001000011101
000000000010001111111011000010100000
000000000000000001001101101011111001
000000000001001000001000000001011011
001100000001000001101111100110100100
000000000000000111010111010000111110
000000000000000011101001111010011100
001000010000000000110101110110001110
000000000000000110010101111010101100
000000100001001000000101011100011100
000000000001000000011001100100110011
000000000000000111110000010011100110
000000110001001101011001000100000011
000001000000001010100100011011010111
000000000001000100110110010011010101
000100100001000110000001111100110001
000000000000000100001010010101010100
010000000010001111100000100001001001
011100000001000101001001101010011011
000100000010000010100110111111011101
000000000000000010110001011010010110
000000100000000100111111100010110010
000000110000001001101010111110001001
000001100001000100001101100110110000
000001000000001101100100010110000000
000000010000000010100000010110101111
000000000001000001001101101011111110
000000000001000000111010100111110001
001000000001000011001010011011111101
000000100000001001011011110011110111
000001000001001000110110011110011010
000000000000000010010001011001110010
000000000000000111010101010100011101
000100100000001101001011010010011110
001001000000000001001000010001110110
000000000001000000000011010111101001
000000000000000110111100110110000001
000000000011000010110101100101100111
000100000001000110100101010011001110
011100100001001110110110100011101001
000000000000000011110101111100101100
001100000001000010000100110101101100
001100000001000010010000011110010001
000000000000000001100000001000000010
001100110011000000011101110110110111
000100000001000010100100011101111010
000000000001000110000010100101011001
010000000001000111100011110011000110
000000000001001000011000101111111010
000000000010000100011101000010101110
001100000000000000011110111101000001
000000000001000100011011000101100100
000000000000000000100001100100111011
000000000000000010011010010110010101
000000000000000001111110100111010010
001100000010000011010010011000011111
000000000010000111110001010101101011
000000010001000100000111011010001100
000000000010000111110101000000111111
000000000001000100011000110011001010
000000000000000010011001001000111010
001000000010000011000111001010000001
000000000000000000110111101011110010
000000000101001100110101010000011011
000000000000000001110001100111101100
000000000000000111101001110111110000
000000000000000011011011101010101110
000000000001000000010010101100100100
000000000000010011110100001101010111
001000000001000111000101110011110010
010100010001000110000101001011000110
000000110000000111000010000110010100
000000010001011010111111111010100100
000000000001000101011100110110000101
000000000010000111111110100011110100
000000000000001110010001100000111100
000000000001000100001010100110010011
000100000001000010110100011111011110
000000000010000011111000001000001011
000100000000000101000101000011111001
010000100010000101100000001101000100
000000000000001010000101000000110010
000000000000000011100110101000111100
000000000000000010011000111000101101
000000000000000011101000100111111111
000100000001000001100111000111010111
000000000000000011001001111100000100
001000000010000011001101001001010011
000000000000000001111010011110111001
000000000001000001001101001011001100
000100110000000101001010111001000111
001000000001000001110010100010010110
000000010001000000010001010101110100
000000000000000000010100111100101101
000000010000010001010100001011111101
000000000001000100101000110000110001
000000000000001111001110010000110101
