000010000000000110110000010111110011000100001111110001100100111110
000000000010000100101001000110001111111100001100010110000111010111
000000000000000111010010101011000011011001001100001110100001001101
000000000000001111001101000001001010100000000011110101011111001101
000000001000101000001001111001101111011001100100011110101010110100
000000000000100001111010010110011011110000100001101011110011010111
000100000001000011010110010000110000001010000000001001110010110011
000000000000000001000000110001010100010101011111101111101000011000
000000000000010011101111100111010100111010010100101000001011001000
000000000100100101110000110010110100000011000100000011000101101001
000000000000100001011111010010111010110011111011100101111010011011
000000000000000010000110100001111110010111010010011001110100001001
000000000000000110000001011101011000111010010111011000000001000000
000000000000001011110111100111101010011101111110010011111001001111
000000000000000000110010110111011101000011100001101101101000101101
000000000000000000011001010101001100001001101110100110111110111010
000000000100000110100110111001011100100110111100010101010010101010
000110000000100010000110110110000011011001111110110010100010100101
000000000000000001101001010000011011100110010110111101001011010101
000000000000000111001100100100011101110110001101010111111111001110
000000000000000110001101111100101101101000100111000100000011011010
000000000000000011111011000100101100010101101100101100011010000101
000000000000100100000101011100010010011111000000111011010100101001
000000000000000111001000000101110001100100110110010110100000001100
000000000000000010100100000101101110100100110001110110001110101001
000100000000000000011111100010010001001011111000011010010101101010
000000001100100101010100111001100011011111101010001010011011010111
000000000000000110100011001000011000001110001100001111101001111100
000000001000100000100101000110000111000000011110011111100110110101
000000001100101001001111101100101101001011001100000011001010011001
000110000000100010011110101001011001011110100010011100100000010000
000010000000000101001100011101001100011010000000011100001111000101
000000000000100000100100111110001111011100111010010110000111011101
000100000000100011000100000011100101010111011111001011001110101001
000100001100100011010001011111000110001100010001000001110111001000
000000000000000001100010111001011110101101110001110110101001111001
000100010000101011000101111000100000110001111110000001101111110100
000000000001100000000011110100010011110100111010101101000010111011
000000000000001010100100010101011010000001111101010001100101000001
001000000100100001100000010001110110001010111000111111000111110010
000000001000101000011011000000000001110001100101101100010100010001
000000001100100001101110110110111000110000110000110101001110010001
001010001001100100010100001001011100111111001111000000010001011011
000000000000000001110101010101110001011110101000111000111111011111
000000000100100100100010000010111011011101010101100110110011001011
000000001000001110111010100001100101010110011110011000011111001110
000000000000000010111011001010011000111101001111011100101100110010
000000000101100000010100101111101100010011001100011001000000110111
000000001100000111010111001000011101100001001100000010011001110110
000000000000100000111001000011001010001101101100111000100100001111
000100000000000000101001000000000111101111101111110101101011100111
000000000001000000101111101001000010101111111010111100110001110000
000000011000001010110010101010101001010001011110001110110101011111
000000000001000011111101101110000111000101010110101001111001011000
000000001000100101001000101101111101010100111001100110011001100101
000110000100100110011111001111100001010100101110010110100010010100
000000000000000111111001110000100110110100111000000100100011000011
000000000000100001100110001110111001110011000011111110101111110000
000000000000001010010110011110111001011101111110100011011100001011
001000000001100100101101000011001010100000010101111100101010111011
000000000000100101100110100011011000010010001010100111110111000100
000000000001000000001100111110011111001101000100001010001000000101
000100000001100100010111000101101101101110011010111010001001001011
000000000000000011011000011000000110101111110100111100111010001011
000000001000001110100001110110010110100010010100001111011010101011
001000000101000111000000010010100111100110101001111101001011110100
000000000000001010110101011111011001010101101100011110011011111011
000000000000000111010001010011000100111100110001100111010001111011
000000000000000001001000100011011001110001100101101111001110101111
000000000000100000010000110011011101101011110000111100011011011010
000100000001000011001011010010000111101101001010110010111111110111
000000000100000111001100001011010001111111000101110110011111111000
000000000000010011010110000011100011001101100111101100100100000011
000010000000100101100101100010011101110000000000011011001010011100
000000000000000001110110101000111111011101001011001101110011001000
000000001100100100010111100110101001011011000001001101011000011010
000000001100001110011000101110011111101110001101101001011001010001
000000010100101100101101101000101001110110001100010000000110100100
000100000100000000111011100111011001111100100011001011101000110111
000000000010101000011110000011001110100101110101111001000011110001
000000000000000110110101110100111010001100001001111101010110110000
000000000000100100101101100011011100000100001100101100100010110111
000000000000100001010011100000000000010011100110110100001111111000
000000000001000000101100101000110010110100110101001101110010011001
000000000000000111011001000011101100110100011111101101011111001101
000000000000001010111100001110111110100111110100010010000111001010
000100000100100110110101010111111001101011000111010101110110001011
000000011000101010001111100011010110001011101001100011011001000110
001010000010000000000101110111010101011101110001110101101001010101
000010000000100101000011101100011001111110011001111110110001000011
000000000000000011001111110101110011001100111011010111000000000001
000000000000000101110110101100101111001100000111111111001001110100
000000000000000010010011011000010010100100111110011000011110010100
000000001000001111110000011100011101001100010001000111110100100011
000000000001001011111011001011101100000110000011001111000111001001
000000000001000011111111010000001001000001011101100000000010111011
000000100100000111111100001110011001111101011000000010101101000101
000000000000100110010110010110111010101100001011100101001100001010
000000000000100101101001100000011100010100100100110010100110000011
000000000000000110100011011001111011100010101001111110100011110111
