0000000001111111011100010011101000111111101001000000100101
0100000010111000000111111100111111001000001000011010110111
0100001000100111111101000101100000001010110101110001100101
0111001010111001001111100110000101111000001101000011000000
0000001010011010100110111011101011011001011110100100010011
0000110001101110001110000101011000101110010101010001101100
0000110001100011111010110111100001100010000101110111110110
0110010000111111101100101111000011001111100010100111001000
1000011000111011110011111001101110010010010000100110001000
0010001011101000011100011000010010111001011011010010100000
0000010010001101111010101111111000001000101100001001110000
0010001000100010010001010010011011100000011100011000110110
1000011010101010011110011111101111110100111001100110101100
0010000011110011101100101010101101000011110010101110110111
0000001010011100111010000011001100010111111000001100010111
0011011000101011001010011000011101101110000010110011001110
0000010010010000011001110100100111101101101001010000110111
0000001010011110111011100101001100010010000101011001101010
0100001011010101001010101101100111110110110101110010111011
1000000011100000011011010010111101000011111011100110100100
0010001011111100000011111011110011110110101001101100000011
0000011001111001011001000010111011100111011010011000000000
1110000010111000011101101110001011111000011001111001000110
0110010001000000101000111011100110100100011100100001000111
0010010011110001101100000011101001111000100101011100001100
0110010010111101001100110100111100000010001011100101010011
0110111011101100100000100000011101101111010100000011001100
0010001011100101110100011100110010000010000111011110111101
0101000001101100101000100001101001001001110000011010101010
0100010001010010010010001011010011101100000111100111000110
0100010001011001000111010000010110101010111101110011001001
0000011001001011010110010100011001010011101110001100000001
0000011010010001010010010111111100010110111010010111110111
0100101011100010101000101100100110010001110000000010101111
0010111000001011001011100010010011011001111001110100100001
0000000010011101101000100110000110101001110001011100111000
0010001011110010110110010001010101101011100010111101001001
1000100000111101010100101111000110101101010000111000111110
0110000011011100100010111010101011001001001111111000010111
0100000000110100010101001010011110111001000000111011111000
0000011010011010111000100010111011011101101101000010111100
0100010000111110111010111010101010011001000111001101001000
1000010111100101011100111011100100011000000001100010100101
0000011010000110101010100101000111011000000101000100111010
0000000001101000110111101010001001011001010100011011000001
0110000000001111000101001101001100101010010010000111001100
0000100001111111000110010101011011010010110011001100101011
0010110011010010100110010000101001101000101001011111111000
0100010010110111011101111000110010100111011001011101000110
0000001010001110011100110100100111111100111111010000111000
0000000010110101001000010010010001001001010101011111110101
0000001010100010101111110111010101110111101100000001110111
0110010000110011101000110000101100010000010100100100101000
0111101000000100111011010111110100010111011000011001110000
0010001011011110000001010011110111110101001100001100001110
0000100010010111010100110110000111100001010010011000001100
0110000000100110011011011100110000111000100111001010110100
0010010011000100011101000101100000101011011000000010001111
0010001000001011000101000001000101111100111001110110000000
0000001001111101110111110011010001111111101011111011101100
0100000001011011011010100011010101001111101110100000111101
0100001000111111011101010111010001110101010100011010100000
1010001011111010010111101000111011110010001010001010000100
0000011001101010100110011001111100010100110000011010110010
0110101000110011101011110011011100100011010001111010100100
1010011011100100101100100000101111100100001001100001011110
0001011011101100001111000101011011100011110100001001100010
0010010011110000011101111001011100000001110011001101010011
0010010000010101011001100001101111011110110100111110011100
0000010010111111100010001011000100101010110010100010101100
0100010000101110000010000010001100110000100100001110001011
0100001000010101111011101100101011110110010101100000000010
0110001011000100110101101010110101101001101000111100011100
0001011010001110011001111010110000001100011100100110011011
0100011000110010001011100001001000001100111110101110110010
0100001011101010011011010110010000001101100100110010110001
0010000000000101001010111100010000111110000110110100000010
1010101001000010000110001100011101000111100101111001011101
0100000010101101000101000010011000111100011011110000101011
0010101000101001000101001001011100001011110010010100100111
0110100001000111000111111111010111010100001011100000110010
0000001010011010011100001110100100001100000100010100110110
1000001011010100111111011100111011110001100000110000110111
0010000000101110111100000010011101000101010011011101111011
0000010001111100001101110001011000101000101100001100101111
0110000011000000100101101111101100100110000111101111111101
0010011011011100111111111001011111100110100111001100101010
0100010001010101011110001110100111100101001001001110010111
0000000011110011011000000011001111001101101101000011010111
0010000000110001110001001001010000101101110010110010111111
0110010000110100101100100011000000011101110101010000110010
0100001011001111110111101010110111110000011000111101101111
0110000010101111001110011011100001001100100101000010111010
0100011000010000000111001110111011100001011100100101001111
0010100000001101111101011110010100101111101111110000001111
1011000000001001000010011111000111100111000011011010011010
0000010010001000110010101001010000000011100011011101000101
0000010001111011001100100100111111011011111100001000001001
0010101000011101001001101100110100001110001110100000111110
0010101011100011011101001000001000001110100011111000100100
