001100000010000101110000100011011100000011000111001101001001
000000000000110001010011000111100010010101011111101111110001
000000001000101101000000001110001111101110110111110100110001
000000000000001000010110001111000011100001111011010001111011
000000000000101001110100001100100100100010010101001110110111
000000000011110111001101000011100101011000011110101100000110
000000000000001110010000100011111010101111111100111011010101
000000000011110111011011100111011101000000111110010000100010
000000000010011001010111001111100010000110011011101011111101
000000000011011111110001011011101011001000110111011000101001
000000000011111101110111010100110000101011000110000000000011
001100000001101100110010010110100000101010011010101110100110
000000011001010000010101001001110001001110110010101111110011
011000000000110011011011001011100100101011001010100000101001
000000000001100100001001110000011011110010110111011110011011
000001100010111001010001001101111110001001100000101011000000
000000000000011100101101001110010011001100001000111101111111
000000000011001100111010101001010100110000011110111011111000
000000000001010111100000111110010111110010011100001101011111
000000000000000101101100101110100011001000111011011011011011
000000000011101000000111100010110011010111100100011001001110
100000000000110101001001000010111011011001001111000001001110
000000000011011111101001011011000100000110111101101111001010
000000000010000100001010011101000100101010001011000011001001
000000000010010011101010000100111111001011111101010011101001
000000000001010001100011001101101001111010010001000000001010
000000001000000011001010010111011011101010001111011110000101
100000100010100011110111101001111010100010000001101110011000
000001000010011101010011010000000011010110000100011101010000
000000000011111000001000111101001101011001110111101110101001
000000000001111111100111000011100010110001000100000010100110
000000000001010011101111010101010000000100110000000000010101
000000000000010111001110111011000010011110010001011110100000
000000000000101100110100100110001111001111001000110010011101
000000000011000000111001110111110111011010011110000100100011
001000000000000011111000111000100010100001111111100011110000
001000010001000001100010010100001000001010010010010010011011
000000000001011101000001111000110011001010110010000011001001
010000000011001001101100110010011100110100101000011101010001
000000000001100110111010100011100100011101010111100001111111
000000000010100100011010010010100001000000011101000000101101
011000000011010010001011010000001001010110101110010110100110
000000000010110011001001110001111110001010100110011100100110
001000000000110011101101111111000101000000001001101001010101
000100000011110110110011000010001100110000000010101011000010
000000000001101001110001001010110010110010001100001010001101
001000000011110101111001110010010001010000000011000101011010
000000000000101010101111101001101100001010111011001000000010
000100000000111001111000100110000010110101010111000001011110
000000000011001100000110001011110000000011111011001110011100
000000010010100111101110001011000001001111100101101010100110
000000000010000001011111000001110000001100111010111110010111
011000000000100001000111100010001001010001011001011000100000
000000000011001000110001000110011011001111111110011111011011
000000000000010110100001000001100110011101011000000000000110
001000000011011101111000010001110001011101101110011010001110
000000000011111010111011010100101010011110001101010110100100
000000001010101001001110111010011100011000111001001100001000
000000000010000101101001110011110100111001111100011011000001
000000000000001011100110101010001010001110100101010000111110
000000001000011001100110110000111000010111010011010011010101
000000000010010100110100010100010101011000011010101001101110
000000000001011111111000101001011111001111000001111111101010
000000000010110111011100100001100010001010101110110000100100
000000000001000010101110111011111101110011110010011000100100
000000000011101001001011110110110010101111011010011000101110
000000000010010110001011011001000111001100100010101110101010
000000000001011110110101001010101101000001111110101000100010
000000000000000101011100100100100000001001000111101011010101
000000000010011111110010010011001001011110000111100011000001
000000001001011111101100000010110110100001110100000010100111
000000001010111111111010011101100010100001010010101111101011
000000000001101100010000010110110011110001100010111100000011
000000000000100101011111110111100001110001100101001101100010
000000000000010101100101111010111010110010010111110101110011
000000000001101000110000000010011011001011110001100110001011
000000000010110010101100001001101011010111001000000100000011
001000000010001011111000001000011110110001110110000100001001
100100000011001011010110011010011100110111010001100001100101
010010000011011000111010000001001000010100100000111010101010
000000000011010100011100111001111100110110010000110010001111
000000000000001010000110101110010101111101001110000101010110
001000000011010010000101110100110000111100001100000010101100
000000000010001011011100011000110110010111100110111001011011
000000000000111010100101100110001100101011011100011111100001
000000000000101001010111000011011001101011001111010010011000
000000000001011111011101110101101011011111101001110000000000
000000000001001011010010000001010001011101110000100001000110
000000001000110001111111010101000000010001001000111011000100
000000000011001001110001001000001011110101011100100110101100
000000000001010100100111110010101001001100001010100100000100
000000000011010110101101000011000010100101000110111111110001
000001000010101011001111000010111100100010100010000011010000
101000000010110010100010001110000010100011011011000010010000
000000000010001000000111011111011001100001100100010110001001
000000000011110111011001111101001001101000010010011100101011
000000000000001011100011011000010010110000101001000001011111
000000000011111110111101001101001110010110010100001001011110
000000000000110100100000111110101100000111000000011110111011
001000000000100010110111100010010100111001111111011000101011
