00000000000011001000001011001001101110111000010010101110010011110011
00000000100000011111010001011000100100111001000110001000111000011101
00010000000100000101000110101000010001001010100100011011011010000000
00001000000111001001001111011011010111111001111111000001011000001111
00001000110101000010100011011001101111011010110010000011001110010111
00010000001010010011000100111100111011010101010101111101100110010011
00011000000100100001101011110000011110101101010110011010001001110000
00000000101110011001010110101100001011011011100101110111101101100000
00010001010010000111101001100010001000111010111101000000000111010010
00000000100111011110101010100000001010010100010111001000101100100101
00010000100011011010000011000101001110100101101001000000001111011010
00010001000010000111100011001010000101111101111011010110101100010100
00110000100110000111111100100011001101000110010100001001011110111111
00001000100011001111100110000010010111110110010001000010101000000001
00000000001000101011011111011100011011011010101111000010011011011101
00000000000000010111010000101011110101011110110100010111011101100110
00000000000110110101101011000011111010101000001111101001001001110111
00000000100001000001001011010001010101000011101111100110001011000010
00000000000100110001001000001100011101111011001100010001001110101100
00001001100000011110100110000011010110100100000001010111010011111001
00000000110011011111101100111010100011011011001110001110000010010001
00000000000101011000010111001110100111111000101110010110000000101111
00010000000100000000111111000000111101110101100001010110011111010101
00000000000100000011101010100110111110101011010011000010000011010100
00000000010011000100010010001011011100000101011001111010000111110001
00000000100000001110111101000100110000110000011011001000010101110100
00010001000111000011001110010100011000100011110001001100110101010010
00001000000000000110101110101011010101011000011110100001110110101000
00100000111111010000001111110100110001110010110011001101101000001101
00011000000110001101101101110010011101100010001100010110111100010010
00011000010000010010010100001111000111110011000001010101001101100110
00000000000011001111110000111110100100001010000010100010111010011100
00001000000100010001000010110000100110000010000010011111110000010011
00011000010100011001100100001100110000100110100100000111000101000100
00011000000000011110000001010100101001000101011011001110110001010110
00001000100100101101011110000011000010001101101110111010000111011010
00000001001011000111010101100101100100101010001111111000011010001011
00000000111011010011001010110100100011001010110010000010000100101010
00000000110001010000110100101011011111011000110010010100001110011010
00000000010101000000001011000001010011011101001011100111111100100101
00001000001010010010100111010100000101100010010001101100100011010100
00000000000010000000100111011101001011010101101101000011011111101111
00000000001111001101011101101000001101010111101111010011111100110100
00000000111010010110110100111010110001011001001111101010100010101110
00000000000010110000100101000000110001101111000000000011010001001110
00011001100010101111100001110001001011010010011110100000101011011101
00000001000010001011101010001101001100001111110000011111100011111100
00000000000100000100110011101111111110101010011010010001000000001010
00000000000110000011111101101111010110000101100010011000111111100100
00000000000111000000011011110010001110100011001111110011110010111101
00011000000001000101101011000110101001011100010110101100011110011100
00000000100000001111000010000010001011111010011011001011011111101011
00001000101101010110000011000011101110000111001010110111100100010111
00001000000100010101010010010011001000001100111011011101001011011100
01000000001000010011111101001001100111110000111110110101101101011010
00101000000010011110100101111110010101111101011100110100101111011111
00011000110000001110110000001111010010100101110110100111000000001110
00100000000001100011110111000000011110010011010001010100000000000111
00000000000111010111100100000101111101101101000011111010111101110111
00011000111001101010011100100010000000000110010001001010110001000010
00000000001001100000100001110011001001110001101100110001110001011010
00001000001010000001010010001001000010111111100010100001111001000100
00001000010000000010011111111111001010011110111011100111011101110001
00000000000011110100000110110000100010010010110010110001111011101110
00000000000101000110000010111000101001110110101111101010100111110100
00011000000001011101100011100010111110000101010110000010100111110001
00010000101010000011000100000000100110100111101110100111000110110101
00000000000001001000111011000011101001100111111001010001111100001100
00011000000001000001100101000011111001011001100000000011011110010110
00000000000101001110001001100010100100100100000110110111101101000111
00001000100100101001001101111001100100011011100100011001110011111001
00000000010000000010110110110011000011110111011010010110000000110100
00000001000001010101001011101000100110010011010001000010010111011011
00000000011110000001110011101100001110000111010001001110000101001111
00001000100111001110010000111110111101001000010011010000111011111101
00001000000100010101100000101011100110011011110100101111100100110011
00011001010101100110011101010100110111111100000001011010000110010111
00011000110001001010010100101111100111010101110100010111001111111001
00011000011000011111101101010111111011000010111011111110101011000000
00010000001100001000110001010010101111001111110111000111010001011101
00000000000001101000110111000000001111110101011000011010111011001000
00101000100100000101011010101111001001011001100010110111001011011100
00001010010101001110000010011000100111001011111011101000111101000001
00000000000100011110001011000100011000110011010011100111000110001001
00001000000000010010010001010010010001001110111011000100100010110010
00000000001000000010100001000110000010001111101010110001000110011100
00000000010011011111100111011000100001011000001011001010010000011111
00000000100001011000111111000000101110011010011010011111100100100010
00001000001010000010011001100111100100001011011111011110001011101011
00000000110100000100101110101000001000100100001001101000110001100010
00000000000011000100000110001001100001000110101001001011010101100110
00000001010100001010101111000011010110111110000010101010010111110100
00000000001010010001010101110010000100011011110011001101110001011101
00101000000000001010110101011010111100001011111111101101001110110011
00000000010000010010111010110000100011110110111011110000011100010110
00111000000101000000000110110110111000000001100101101000100011101000
00010000010111101011000100011111000000111110100101100010000110011010
00010000001011000000110001001001000111011011010001011101111110001000
00000000111000001011101001010010010000110101110011000110000100000111
00011000010001010101101110101010111000111101010011101111111010110011
