0010010011111001100010000000
0100100000011100100100111100
0000000001001101101001001010
0100001001000011000001101000
0010000001110101010111111100
0010000011100101111001111010
0000001001011100110001000101
0000001001110100010010010101
1100010000100101111111100100
0000010001101011101110001001
0000010010010101101010011100
0000001011101101010001101000
0010010000100000101111110111
0010010011101000111110010110
0010011011101010101010010001
0110101011110010000010101111
0000001010011000011010100100
1110001000011000100011011001
0010010011111100000100000011
0100000011001001111001011010
0010000000110110001010010000
0100000011001101001010011001
0110000011011101001001011100
0100001001001010011110110001
0000011010110001100101011100
0110000000110110001001001011
0100000011000110111000111100
1110000000110111011000111110
0100101010110000010001111100
0110100000111010101010001001
1010001011111110010010010010
0010010000000110001010111001
0000010010110001100010111010
0110010011101011010010100110
0100001000100010110010100100
0100110001001101101101110000
0010011100001010010011001101
0000000001100100001001000100
1000001001010011010000000000
0010011011110100001010111011
1000000001101011110111101100
0110100000110010000111100001
1000110000010011101011000001
0110000001010100101010100111
1010010000100010010011000101
0100010011100001010011100000
0000000011001100001010100110
0110011000101100010100110111
0000010001110000111110010011
1110010110001111100111011100
0000010001011100100011011000
0000101010010111000101100100
0000010001100110111001111011
0010011000011101100011000101
1010010000001100110001110000
0000011010001010000101011101
0110000001011000011001001111
0100000001110000011010110010
0100001000111011111111001101
0010000000010001011000011000
0000010001110001000010100010
0000001010100111000001100000
0000010010010100010100111101
1010011111000000110001110111
0000000010011001100110101100
1010010001001010111110100010
0000000010000101111000101111
0110011011011010110101100110
0110000000101111000100001001
0000001001111011110000111010
0010001000001111101111111110
0000100001101011100001101011
0100010010011011101011111011
0100000000111111111001000000
0010110011111110111101011101
0110010011000110100101011000
1000100011100000111110111011
0010010000001001000011100100
0101011000111101101100001001
0110100011000100101010111001
0000011010001101100111000111
0110000000100110101000101110
0000001010101100001111011101
0100100001000000110000110100
0100001000101101110001011111
0100011111001111100101011001
0100000001101010100111101010
0010000000110000101010010100
0000000001001000110111011111
0000001010001010101111110100
0110011000011011110001001001
1100010101011111110101111110
1011001001011010101111111111
0100001011000100100001110101
0100000011101100011000100101
0000100010101000011011000111
0110010001011100001011000101
0010000000001110010111111010
0010011000001001011100111010
0000011010100000110110010000
