001100001011101100010011001111100000101011000100001111101001100111110000110011110011010000
001000000001001010101010110000100001001000111110100100000111110100101111001101100000111011
001000010000110011010110111010111000101110101001010011001000011100000100100010010100110101
000000010010011101001001110101110010011101111001101110011111101000100111011011010110100011
001000001011011011110011101010011111101111000101110000010100110000101100010000000011101010
001000101011001101101110011001001001100010110011001101010010011100110000110101001100000011
001100011011001010001110110111000000101100100011111010001110000100000010001000110010011101
000000001010100000010011111101001110111001111011000001110101101001110001111010111000100110
001000110000101111011011000100110101101010110110100100010111001000110001011000001111001101
001000100011100001101110101000110100001010000100111001110111101101010011100001000000001100
000100000011111010010101100111011100010111000100010110110011000100001111110110100010000100
000000010001110000111000001101000000111100010111000100010100001011010001011010001011000000
000100000000000111111001100110001111100001100110110111100110010101101001101001011000000110
000000101011101101100000111010001010010011110001100101011110000000011010110101111011101110
000000011010100000010010011101110011101000101000100011101010000001110101001000000100111101
000101000010001101010010001100010101001100100010110001000101001000011101001011001101001110
001110100011011101111011101111100000000100011010110000010001001011001000001001111010111000
010100001011100001010011100011000110010100111110010000001101110001110110101110001011011010
001000010001101110101001110111100101101010111111000000000000011000001100010010110110011001
100000101010100110100100101111010101000010101011100010110011000100000010000001101110010011
000001001010011011111110011100111101110111011111101011001000011100011001011101100110011001
000000011010011110111011010001111011110100111100101100010110100011110100110111011001011001
000100001000101000001111011110101101110000001100011111011000000110110110000110000111010110
001000101010011011100011011010010101101101111100011111010000110101101010110001101001101011
000000010010011111001011001101111010010010000011011111011100001001010110000001001011010010
001000001011000010010001110010010101111100000101100001110011111111000100001110111010011101
000000000001011111000111010100000101101101011011001011101110111000000000001101001110101100
001000000001010110001011101110000010101001111110111001101000001101001100011101101001101110
000000000010000000010011100111100011111010010010110110010000111010100110100110000010010001
000000000001111000000001001001101011111000001000100011000110100110000101010110101001101010
000000010010001010100001110011000110010111000110000001001001011011111001111111101000111010
000100111000001011001010010000011001010011100111100001111010001000001000100101010001101000
001100011010111011011011000101100010000110101000001110100100111100110100010101100100001101
010000000010010100000110010001110101111001110111011001011101000011110000010010111011101001
001000000001011110101110010000011100000001011111010110011111100111011111011001001000110010
001000000000111111011001111001101001011111000011101001001011000100001110100100011010011101
000000010001101001101110001011001011001111001000100011101101100101101001011110101001011001
000000001001101010001110001001000011100100110011000000111100011101010111101010011110010001
001100001000111011110110101111011111100111001111000001110110110010011001011010011011001100
001000010000110011111111000110101101110011001011001101111010010110111111101100011010100001
010000111001100101010011111000010000110010111001011101000010010101110001110010101000110100
000100000011100101101110010010000111011001010110110101101101100111101111000010010111111011
001100011011001011011111100110010001110000010111100001101000101011001110100101101010010111
000100001011100100000000001110010001111010001010001110110101010000110111010001100010111001
010100001011011111110110011011101100111001111101000001111010010001000111100001001010011011
001000010000100111000111000100110110001010110010001101101001101111000010101001011100100110
000000110001110001000001000100000101011111001010100001100011001011111100100111101001100000
001100010000100011110011001001000011001111111101111010001001010010110100010001011001010000
001000010011100010111100001001000001011001000111011100011101011000101111111100001111011110
000100000011110000110101110110011000111110101111111010111011001100110011101010011100101111
001000000000110110110000001000001110011101100101001110101010000100000010001111010000110010
011000111001001101100100010101010000100100110101000100110001000100000000110111110110001101
001000100011110111110010111100010111110110110111001011010100000110110110100011110100011000
000100011011111111111001010100010101100011000111001011110010000110100100010001001110100000
000000010001100010110000001011000011111101011001000001011001111111000010110000110101001101
000100011000000100110000101100010000110111110111001010101100101000111100000011101100000101
011100010000101100101101011100111001100001000000001010111011110101101101101000000110101101
000000111010100001100011111010011011000011101010110010100100010000010011000101011110011101
001100000000100111110000100110110110001101100001010101101101110000010101101100000101011101
010000011000110111001110011010101101101111011011101010100110101110000000011111101010100101
101100010000111101010111001001011011111111011010101011110011100000111011101001000111001111
001100010010101101100100001100010011100001101101101101011001100110011100001111001011100011
000100011000010010100111110100001111101010110001000011010000010010001100010001101001110110
001000011001010011011000011110110111110011101011000001101000011010001101101111100011001111
001000000000001100010110001111111010110101000000100111011010000101100110101001001000001101
000000010001111001011011101100110100101111000011110011111110010011011111010100000110010001
000000000010000010001111111010101001010000001111100110101110110100101100010001000010100000
100100011011100111100111001111011011010011110000010100100100000010011001110001101110101100
000000011010000110100101011111100101001010001011001110001000110100101101001111010111011111
001000010010111100100010101100110110110100001000110011011011110010110111100010101010001010
001000000000101110001011111010000001001111111010000111100111100011000100100011101100000111
000000011010101000100000011110100110010001000110001011111110101100011010100010010110111010
000000101010000100001111100001110010011110001011100001101110011101111101101001001111101000
001000010011011110010010001111110101011011001100001100011000101000111100101111000100110000
001000010011011001010110000001010000111011111100000011011110010111100001000111110111101011
001100010000101110010011111001111000000110100100111101001000111011101101110001110111100101
001100000010111100100010101011101001100011110001001000100010110101110110010010100000000101
000100010001001100100000111111100010001100110110100011111000110011000100011110011001110110
000000100001010110001110010011011000100111111100100100100010101110011010101110101101101011
001000010011001010011101110111111001011111011001110011010101001000000011101000101010001000
000000000010010010101001101000101111100100100101000101011001001100100100011100000011001100
000000001010010000000111011001100011100001101000000011001001100011100011100001111001110111
000100011001101010001000111011100100000100001111001110111000110101111111010010101000001100
101101000000010000001100100010011011100101010100110101101111010010101011101001100001000001
000100100000011101111001000101100100001011110101000010101010011011000110001110011100011111
010000010010011000001011111011101011010010110011101010010111011100100010001100101101100101
001100011010110010100001101101110010011011100100101011110110000011111100010110010010010001
001000011001001001001011110000101011010001010111010010110011110011010001011010011010011101
001000001011010000111101010010101010101110111101101111101101011011111110001111111110010011
001100001001011110001111010010100001011111010101111101110110010011111010101111010011100010
000000100010011010101101101101000110001111111111111011111000001011010111010010100010001010
001000100010101000110111100001100001001010100110101001101000011001110010111100010100011110
010100000000011011011011100011100101110110000010011000111011101011101010011010010111010110
001000101001011100000011010000110010001101101010011100101001000010000101111001111001101010
000101001011100100001010001010110110001011110100000101010011101010111111100000111011100100
000000000010011110011101000100101101000001110110001000001001111001101000011101011101111100
000000010001111101011110001011100010001000001110101010100111101000110000100000100010100001
001000000111000001111110111100011111001101010100011111110100001111010101100110101011001001
000000000010001000111010110101100010000110011001101000111111010111111001011100010110010001
000000001010000010010010101010000011110111100001101101101101010001111000111001010111010010
