0000000000100010000010001111110110
0000000000100100001101010011010001
0010000100100011101001110101101110
0000000100000011001111100101000000
0100000001000011111000100100100001
0000000000100000100110011101111011
0000000000000011110111111110001010
0000000000000010010110011110110101
0000000000100001110110111110010010
0000000001001011110010100001011010
0000000100000101111010100101000000
0011000000000001100101101011010010
0000000001100010101110100111100110
0001000001000010110011001000010001
0011000000100100101100000000011110
0000000000100100111100000011011000
0000000000000101010101010100000100
0000000000000110101100100111110011
0000000100000011000101010111011101
0000010100101101011001110000010100
0000000000000010111100101001010011
0110001000100011000110100010001111
0011000100100010111001101011001000
0000001000101001001111011101100000
0010000000100000111011011001011110
0000000000000101100111010110101011
0000000000000001110110101111001001
0000000000100000010001010011111010
0001000001000110111011000000110100
0011000000100011100111111010111100
0010000001101100101001111110001000
0000000001000111111100100100000000
0100000000000100101100010010100011
0000000010000011001011111111111000
0001000000100110000010010010010010
0000000100001001001001101011100011
0000000100100000010100100101000010
0000000000000001101010110011000101
0010001000001000100001001100111010
0111000001000000101000101110011110
0110000000100011111101111001100110
0100000001100100101011100010100011
0000000000000001110100011101101111
0001000000100001011101101010101010
0000000000000100111000010110110110
0000001100000101000101101001111110
0000000000000011001010011000111000
0010000001100000110100011110011010
0000000000100000110011111111100010
0000000100000110111101001001111100
0011000001000011100100101001011000
0001000000100110010111100000100100
0000000000000011000111110010101100
0000000000000010010011111010010101
0101000001000111110110110010111100
0000000000000110010111010111110110
0101011000100110110011111011100001
0000000000000010001110111001100000
0000000000000010111101111111110001
0000000000000000001110000111010111
0000000000000110110010011000100011
0000000000001101101000100000001010
0000000001000111110010000011001011
0000000000000100010101010001011110
0000001000100001111101000011101011
0000010000000111010001111100010000
0000000100100001000010110101010000
0000001000101001001000001100101110
0000000000000010100010111010100100
0000000000001010111011111101110100
0000000000000000110100001001011111
0000000100000111111000001010001011
0000001100000010011000110010011111
0000010000000011010111000001110101
0000000000000001101010111110101000
0000000000000101010110000011100011
0000001000001000110110110010101000
0000000000000011001011001000111001
0000000001000011110101000000100100
0000000000000101011110000000010011
0001000001100101010000010101111111
0000000000100000100110001011110100
0000000000000111010100000100000101
0011000000100010010111111111000001
0000000000000110010101000100100000
0000000000101101000001111101011111
0000000100101010111001101110011111
0000000001100000001110101100101100
0000000000000010101111011100011111
0000000000000101000001100101001001
0000011000000010110000010101001011
0000000000100000111110001011010111
0000010001100000101100110000101000
0000001100100101101011001001001100
0000000000000111101111010000111100
0000000000000110011110110100000110
0010000000001000111101101110010010
0000000000000011000001101001011010
0000000000100100011101000101101001
0000000000000011100011010111010000
