000010010111000100001111011110110011100001001110000100101000
000100000110111101001001000011010011101110111110000010100101
001000001101001111110110110000011011101111101010100110010100
000000000100000111110110111000101011101011010000010000100001
001000000110001010001000111001000011011111001100010101011100
000010001011101001110100000010000110010110011011110011010100
000100000011110001000000111111110010000111100011011110100010
000100001110010000100000101010010111100101000011101011100101
001000000100111001010011101111000110101111011101110111011110
000010000101101001100110101011010111111100010001001011010111
000010011010011000111001000111001010010001110100100000011100
000100000001000010011011101011111100001111110010101000111011
001000000001000001000000111101101011010010110110111000010001
000100000011010011000100011111001010011110010000101110100110
000010000111000000010100000010100100101101110011111000111101
000100001001100000111001011110111100010010010111001101010101
000000001100001001110000010011010110110110100000100101100101
000000000001000000000100110000011011100111010110010010010101
000010001011110011101110111111101111111111111101100001100011
000100001111100111111011111110010001010111110001110010011110
001010000000111100100011101100010100011001111101010011110111
000010001111101000111010110101001011000101101001100110010110
000000001000010100001011101000111010110000110101000101111101
000100000011001011100011100101101000001110010011101110010110
000000000101111101000101001101101001110111000100110111001011
000000010000000001011110010001100011111011111101011011111001
000010000011011100001111101011110100000100100001101000110010
000010001011100011111011101110011001111011001111101111010101
000100000110110000001001111001001011101100011111010110111111
000000010110010001100001110010110011000000010101000101101101
000000000101000100111001000010010001100100010011111011010100
000010000011011101010111000101010100000011110110011000010011
000100000101110001110101000101010000100110110100110010101111
000000000100011100111100001100111001000011100011000111101101
000010000011111000101101010001010100001111000001110001100100
000000001100111011000101101101010101111111010111111110110110
000000000000100101111111111100001100010101000011101110010011
000000000100101010110001101111101001011110111000111000111011
000000001000001001100000101010100001100100010010101011010110
000010001011010101010001110100001000011011111010110101000000
000000001000110001111101010110101000011110000110100011011101
000010001010011101001001101111111111000110011100001101111101
001000001011111001110100000000101011011011011011000000000110
000000000100010101101101010000110001001110011011101101101011
000100001001100001100011010011111110110111001000100001000111
010100001110011000000001001001011101101100100011001011001011
001100001011010010010001010111001110111100111111000101101011
000100000001111111111000000110110100101111011110000110000011
000010000111110101101000011110111001110110100011000010000111
000000001000010111010011101001001001010111001111110101011100
000100000101100011001110010100011011100110111011000010010111
000100001010011111101111000000011001100101110001100011010010
000100001011101111000100010101110010111100100001111100000010
000100001001111101000011101111011001110010101101111100000011
000110000000010010101001110010000111011111111001101000011011
000000000100100011000011110010010101101000110011000000010001
000110001110000111001011110000001110110110101110000000101110
000100010110110001110000111000101011001100000011110010111101
000000000000010101010111010000011010111010111000110100000111
000100000101111111000101000101011001001100001010101000011110
000010000011111100111100100010101100100001011001000110011010
001110001101000110101001011100101001000000001000010100001001
000100000101110100100000001111010111100111100111101000011100
000100001010011000100010100100000011000010111101011111100111
000100000001110100010101101101011100010101100011010001100011
000010000111110010010011011011101001110111110100000101110111
000000000000100111110010100111110100010010101111011101111101
000000001000011101100000010011011111011001010110011100110011
000110000110010101001101001110100111100010000100110000110001
000010001111011011111000010001101000011101011111101111010010
000010000111101010010000101001011101111010000101011100000010
000010001010111000110000011100000000101110111011101110010000
000110011011011011010010001000000000100010000010011100100001
001110001000111001001011011011010000100000100000111110000011
001000001001100110010011110000110011100111011111000010011100
000010001011000000110110101101111000010111000111100111010010
000000000001100010100000110100011100001010100110110001001100
000100000010000001110011101101100010010010111110100100010111
000110001100100101100000100100011101000111111110001011110111
000100001100111100010101110111011011001000111110101001011100
000000001001001011110001111110000011110011011000100100100101
000110000101110110011001000001101111010110111001101101000010
000110000000101010000100011010001111000100100110000010111010
000100000110011100100001111111000111100011001001001011010110
000000010000001011100010111010000110111001010111101010000101
000010000111001101100000100000010110100100101010000110110011
000000000000011100110100110110101000010101101001101111000100
000100000001110000001000010111000000001110110110011000001111
000100000011011010101101110101100000010001001010110111111101
000000001000110111101000011101000010101001100101111101111100
000010001110110101001011010111010011001001110010011011011000
000100000101111000010110111011011011011101101010101110101111
001000000100011011001000101000100010000110010101101011000110
001110000110011000111111011010010111111111111100111110010101
000100000010100000001010110110101110000001000010110011111100
000010000011111001000111010101001010010010011011110010101011
000100001001001100011011000010010010100110011110100110110001
000100001101101101011011110011001011000001111101100111110000
000110011000100001110000010111001001111111000100100101100010
000110001010010001010011110110011000101100011111000011000000
