0000000000000100000011010100010011110000010111001110111110001010001100001000111000011011010100010001
0000000000000000000010111001100011010001011011000110011100010000111011000011101101110110011010100101
0000010000000100000010011010101110010101111111101111100000111000111111001110000100010001011111101000
0000000000000100011010111001110000100011000110111010001111000000111110101101100010000101010111101000
0000010000010000010010011101111001001010100111001001011101111001000000110001110100011010001111100111
0000010000110000000010111000100100011000001000110000111010010110000111100000110111110100001101111101
0000000000000110000000010000001100000000111010100001001111110110111100001111001110000010101011000000
0000000001000000010001101010010010100111010011100001101100001011000110010000001010100010001111101101
0000100000000000010010111111000110010110001000001001010010111100011000000100110011111101001011001110
0000000000100000000000000100000100011101110110010101110001010011000001010100111110011100100101110001
0000100000000000000011001011010111100000011101011001100010011100010101001010011010001010010000101101
0000000000110100000001001010001111101110011101101011110101001011100001100100101001110100001011101011
0000000000000110000001010001000001111101000101011100011101110100000011110111100111100011110011111111
0001100000000100010010101001001011010110101010100010000110101010011011101111001110100010100101011001
0000000000010010000011000100111011010011011011110101111000100100001010110000110100110000100110010000
0000000000100000010010001001111100101011001111000000110010101101011110111011110000110000111000000100
0000000000010010011000010010111001111010111111100001100010010100101101111100001100000011111110010010
0000000000110000010001100010001110010101000011101001110101111101100010000110001100000110111000100011
0000000000000100000000101000111011110001001010011011010101100100000001011011010000000100011101111011
0000000011110100000000101101010010110101101110011001011100010101110011001110011010010110000010010100
0000110001000000001010111111011011010111111000001010100100101111101111011111010011001111010011110000
0000000000000110000000010100010001100000100111000000011011100110111111010100110111110011110111100111
0000000000000000011010010110000110101000100101110111111001010010000101011001000001000101111100000100
0000010000010000000010110101001011101000111110000010110001010100100110011101001110001010011011001100
0000000000010010000000100100111100011001010000101110000111101010010001010011010100110000111011000100
0000000000000100000000000111011010111001110001100100001010000111101001101010100100110100001010010010
0000000000100000000001110000111000001000011001100100011001101100101011100011101010110111100110010010
0000100000100110010000101000111001101010001110001010100100001101011100111000100011000110100001111110
0001100000000100001000101001011100111001110100101011001111111101010100111111110111011100111110010100
0000000000100000000010011011000110011000100111111011110100101100111111101000101101110011010000111111
0000110000100100011000010101001001101111111000101110010100001100010010101101011011010110101101010111
0000000000000110001010101000110100100011101001100111011100100001000010000100001110110011111101010100
0000000000100010000000000010010101110000100000011101000011010011000111011001100000110111111100000001
0000000000000010000011011100011011111010011111001000100011100001100001001010001001110110010000001110
0000000000000100010011100010101011110100000011100110100111100011100000011001010011001010001011001110
0000000001000110010000101010001110010001111000010000011100110000100010111001010000100101001010111001
0000000000000010000000011011100001011110011011000100010110010001111101010011011010111011100111111101
0000100000000000010000110101100100101111011101001000110111101101101000110011100001010100010010110011
0000010000000100000001011011100010101010111111000010101100010111100000010001111110101110110100001000
0000100000000100000000100101101001101100100010100101011000001011001000011101110001101100001010100010
0000000000000000000001000010110100110110111100110001100110001000000011101011111111000010110110110111
0000100000000110001000110000100101111110011110110011110111101111010110111010100011000101100111101011
0000000000000000000010100110111101101110000111101010110111001000101000010001101000110010011101010001
0000000000110000000010000010001010010111001111010010110010111011110000010011001000011111101101100101
0001100000000100000000000011100100111000110001100101010110001011111000100111111100100101000001001101
0000100000010010001000011011000001111111101011011011101100100100100011011111001101100000011100011011
0000000000100110011000001001111101100110001000111111110001111100100111110011100101100110111110000001
0000000000110000000010001101101001000100110011001100001110000100011001111000010100110100110010110110
0000000000000010001010001111100011010010000101011111110111111100000011001111010010110100100011011101
0000000000100100011011001011010100110111000001010100101010011100100000010001101110010010001111001111
0000000000000010001010001010011100001101011100010000110001110000011000111011110011011011111100010001
0000000000000000000010100011111100011000001111100110000000010111010101011000110001011011000100011010
0000000000000000011010001010110100001010110100110100110110101111000010011010100101001111010010110110
0000010000100100000001001101100101010100110110100001011100011100101101010001101111111110101001001001
0000110000000000000010111111101011110001011110111000101011010111000001000000000100011111111101010111
0000000000000000000001011011101001010111010101000000010001000101001011101100110100001100111110110000
0000000000000110000000011111010010001001110100010110100000011000010111110000111101010010101100001110
0000000000000100010011000001100010011101010110011101011101000011100110100001110100000011001000000111
0000000000110000101000101110110100100110001101111011110100110001001011111000010111100101100111101010
0001010000010000010000101010000011001110001110010010101011101010101001000001100101111111101110001100
0000000000110010000000001000010011000010100101110010100001000110011111111010001011001011001000010001
0000100000010110010011000000001100000110110101101100001100110101000111111000011111011100001111101010
0000000000000000000001110111011101111110110011100101101001010110010010011011001001111010011001011101
0000000000000100001011001001010101001111100010011110000110101111111100101000010000110101001010100000
0000000000010010011000000101100001101010111100011010010100000100110110100001100101011110111101011100
0000000000100010000011111010111110101010000001011100001000001100101101011100110111100000110001100110
0000010000000000000001001111001000111000110000011010000001111000100101001110001101111000011100100111
0001000000000000010011000001001011011001011001101011010000001111110101010000111010001011101101110101
0000000000000000010010000100110011010000000001110010000001010011111011100111111010001100100100011000
0000000001000000001011100000111100010111011001000001000000001001011101001011110110000001111111001100
0000000000000010001011001011111110011000001011011000011010001001110101010000111010011110011100000001
0000000000000010001011101101000010000101110100000111001011010111000010011010111101101011010000101010
0000000000010100000001000010001000000101100110011110010000110101011111111111110100010100100000011100
0000000000010110011011101011100100011010111010111010111111111011011011111000100110101100001110101010
0000000000000000000010000100011001011110100010101011101100010110001100110110101001000100111001101011
0000000000000000010001101101001111001101011001001110111111011101100101110110101011101110010111101010
0000000000000000000010100100111101100001001011010011100110100101011110001011111111001101110011001111
0000010001000000010010110001010010110100000110000000001111110001111100100001000101101001010101101001
0010110000100110000000110000011010001001110110011111100011011100011101001111010000110001100000010111
0000000000110000001010011100101100000010100100110100010010001001000000001110011010000101100000100011
0000000000110000011010100111000111110001011010000010001101110010010011101110000000100011101000001111
0000110000000100000000100010110010000001010001110110100011011000110111010000010101110110010011110101
0000000000100000000010000100010011001001011100011010100011100011010011100110011110101011110100011100
0000110000000010010000010010001011001101000101101010000111010001110110001101111000111000100001111111
0000100000000110001011001001101011010111100110101000001111100001001001100010001100010011000110001010
0000000000000010001001101100010000000101111000001101000100101001111111101011111110111010110000010100
0000000000000010000000000010010101001010101100011001111010011000001110000100010111011000010100001111
0000010000000000010010100111000100011011001000110010110000001100101110101111110001001011001001101111
0000000000100100001001000001001100100000101101100011101000101110100101011100101110011011011001100010
0000100000000110001011010000010010001010101010101010111110110000011001001110000101000110001100011100
0000000000000000011001110001001011011111001000001000000010001111100100000011001111011110010100101101
0000000000010110000000011010101110010010101110101001101110000100111010110010010001010000001101111111
0000100000000000010011011110101001100111101011101111000110110011101101101101010101010100000101111001
0000010000100100000010011011111001011011101111011010100000011011111111100101100011010011100010010000
0001100000000110010011010011111110111111011001100111110101110100100100110100101111110111101111011011
0000000000000000001010011011010010010010000100011011000000000000001111011110001101010010100111010101
0000010000100000010000011100011111000001010110010010110111110001100100111011001100111001010000100101
0000000001010000001010000000001011011001111011111010010101010000010011001001111100101001001110101010
0000000000000010001000011001101011101011000010011111000011011010000101011000101111101011010111011000
0000000000000010000010110000001101110011110111100001010100110001110010010110101101111001000110010101
