001000000001110001000011100110
000110000001001011000000001100
000010000011100110000001100100
000010000111001001001111110101
000110010010011000001000000000
001000000111010000101011101100
000010001011011110110101110110
000000001000101101100110000011
000010000010111111100001001001
000110000010100110110101011001
000000001000110110011100011011
000100001100111001000111100000
000000000000101010100111011110
000100001010000001111111011100
000100000110110010001100111010
000010010011011101010010110001
000000011001000000100101100101
000110010010000001100101110001
000110000010111010000010000010
000000000101111111001110110110
000100001001000101110100100000
000110000010000111010011010000
000000000001101001010100100000
001000000110100011101100100100
000010001011110101110011101011
000000000100110010111111110100
000000000000001011010011101101
000000001100001001110111111101
000110000010001000010101000011
000000001000110000100110000000
000100000010100000110011110100
000010000011001100100000011010
000110000010101001110111000001
000100000011110010100100101101
000100000001110010010000101111
000100001001100100010110110110
000100000010010111000000111010
000110001000111010010101011100
000000001001100111101001001110
000000000000000101110011110010
000000000101010000111010000100
000110000100010111100110111010
000100000000111101000011000010
000100000100111111111111110011
001000000011111000000010001100
000100000001010010100101001001
000010001010100101010111100000
000110001000111010100111000010
000000000000010110111110000000
000010001011000000011100101010
000100000001110111110011111010
001000000111111011011101011000
000100000011101011100011101111
000100001010110111100100000100
000000000000100100101110110001
000110001111000000101011111100
000000001101000001111000100010
000010000010111101110000110011
000000001001000011111000000100
000110000001111101110001111000
000010000111101110111111101000
000010000111010110001110110001
000110000110011001111011011101
000010000111110100110110001110
000010000001000110010000110000
000010001111011010010111001011
000000000100010110101101110001
000110001001110100001111101111
000000000100001001110100001101
000000000001010001110011100001
000010000010001010010000010011
000100000001000111110110110111
000100001010001011100111100111
000010000011000111001000111101
000100000011000100100101010101
000000000000011111010000110010
001000000101011101011100001111
000110000101010100111100101110
000000001000001111001010001000
000010000011001011010000001101
000010000111010110001100100100
000100000101110000111011001111
000100000111111010000011100011
000000001101000110000101111101
000110001010101100111011000111
001000000010011011110011010100
000110000010111010110010101100
000100001101000111000100010101
000100001110000001000101101110
000000001000110010101100101101
000100000001101001000010001001
000100010010101000111101101000
000000001100100010110111010101
000000001011011111001010110000
000010000111011100011111100110
000000000100010011011101101101
000010001111010111010101100110
000000000100011100011111011110
000000000100001001111111110001
000000011110000110011010011101
