00011000000010000111100011100011101011001011100111001000011010111010
00000000000001000000011101010101010111011001110010000000010000101110
00000000000001000001001011100001010100001110101111110010111101001011
00100000000010000100101100111110110001111110001111010000110010000111
00000000000010000000001011101101110010011001100001011001101110000101
00000000000001000001011100001011110000111100111001111010000111100001
00000000000010000011101100010010100010101110101111110111011000111000
00000000010000001110010001000000000011001100100000110001100011110110
00000000000000000111110010011110111101010100010101010110010010001010
00000000000000000001101100000000110100001111011110100111001101010011
00000000000000000011000001100100110110100010011110000000111001110000
00000000000101000000100010111100111001000101110110100100011100000001
00000000000000001101011011101000111110010100000100011000010100001101
00000000000000000010001101111010010000011011000110001000011111010101
00000000000000000111111100110000011001101010010100110000101111111001
00000000100000001110100010010001101000000000001101010001111001101111
00000000000010000000001000001000011000101101100101000010110101111101
00000000000000000011101111101111110011000110011101100001101101111110
00000000110001001001100010100110010011000001110011000010010001111111
00000000010000000111100011110011101100001001011010111110100000000101
00000000000000001001000111110011010111111111111100001011111101000110
00000000000001000001101001101111111100101000110111110011101100001110
00000000000010000111011010111111100011111010110000100001011010111001
00011000010001000101000010001101011001001111000001110101111001110100
00000000000001001000011110100111111111101001111111111110000000100101
00000000000001000000001110110011100010000111000011101001111001101111
00000000000000000101101000011111010000010000010001100010001001010000
00010000000000000001001001100110001000001111001101011100110000110100
00000000000000001010001111011110101001011011110101100100010001000101
00000000000000000010010010100110110100111101001111111111011110000101
00001000000001000001111010000111011001000101011111001100101100010111
00100000100001000110110110011101101110101101100000000111000010001010
00110000000000000100100101001011110111011110101100110011000111011010
00000000000000000110010010100010000011111000101011010000000100110010
00000000000000000001000100000011011010010001101001100111010000011110
00000000000000000101000101001000001000010000110001111110110101111001
00000000000000001010011010000000111010001110010011010011000011000011
00000000100000010111001110001110011000000100011110101000000110000000
00000000000000000010100000001010001100001101100111011010001101010101
00000000000000001010000001111001101111100111110111111111101111110010
00010000100010001011001000001010111011001111100010000101010000011011
00010000000011000100101101000101000101111100111000110100000101100101
00000000000001000000011100110011001001110111101011010100010011110110
00110000000011000000101010000100101100110001000011110010101100101001
00000000000000000011111100100100001001111011011000001011000100101000
00000000000000000011110100001101011100101101011000111100000000001001
00000000010001000100110010101111010010101000110011100101010001011000
00000000000011000000001100001101111010101001011111000010001100111010
00000000000000000011100101000001001110100001001110001000010011110010
00001000000001000010001101010000010101100110110101011100000100000101
00000000000000001011011111101000011110110110100000100010010111110110
00000000000001000100010010111000101000110111000111101100110010010100
00000000000000000110010010111000001101101000110001110100111001010110
00000000000010000011110000110010000001101001110000101100001011111011
00000000010010000111111110101110010100110010101010110010010111001011
00000000000011000000010000110000000100000111111100101111000100010011
00000000000000000010000100111011001101000001101001000010001010010011
00010000000001000111011100010000111010011000000011110000011111001111
00000000000001000100011000011010111111001110100000101010011011011001
00000000110000001010010101111110010010010011001011110011010110001110
00000000000000000010010101110011001101110011101010111101111100111010
00000000000000000001110010011011100011010001100000000101100000010001
00000000000000000001110011001000010011000011011001101101101010111111
00001001000001001110100100011011011000011100010011001110001101011011
00000000100000000101011101000001110101100010100011010011110000010001
00000000000001000110001001010100000111100000001110000100001101000110
00000000100001001100111011111010111110101010010010000111100000111101
00000000000001000100101101110011110010011110010101010011011111011010
00000000000000000001111111011010010110100010111101001110010010100101
00000000000000000001010001011101101110010011101101100111101110101000
00000000000000000010000100010010101110001111010000000011001011000110
00000000100001000000010111111101010010010100011101001000000100001010
00000000000000000011001000010001011100101000001001110110111101100101
00000000000001000101011001001001001000010100000100010100110010100000
00000000100000000011000001000101111110011100010101001100010011100110
00000000000001000000001000010110010110100101100000001100100111100110
00000000000000000011001100001011100000010011011000111000010101010011
00000001000000000111110111010001000100110011001110010101100111101000
00000000000000000001111011000110110001010111101111010101010111011101
00000000010000010110100000011101010101000000101010100001101111110110
00000000000010000011111101010010001011000001011110111000011110101111
00000000100010001011101100011010101000000111101100001010011001110111
00000000000001000010000011100010100100100101110011110101111010110010
00000000000001000101000100011010011010100100110001010101001000100111
00000000000000001100101110100110000001100010001000011110000011000011
00000000000000000000101001000101101010110100010101000011011001010100
00001000000001001010010100111111000111111111111000010010010010001101
00000000110010000011110001001100000011100000100101001011010010111101
00000000000010000011110010100010010101111100101001001000101000110101
00001000100001011010111110110100000111010111110000011101010000011010
00000000000000000101010000111111001011001110100001000110000001011011
00000000000000000010010101001111001000110001111001000000010000111001
00010000000011000000110000010110010110001001011100011001110000100101
00000000010001011001000101001111110010010110101100001110110101101110
00000001010000001110100000011110010110101010100101001111100100100010
00000000000001000000001111001000001001000000111010111001110000001000
00000000000000000111001001001111000100100100001011101001110001100110
00000000000001001000110111010101111100010110010001110001001111001110
00000000000000000101101001011000001110011000000100100100110010100011
00110000000001001011000111010100010010000101111100111010110110010001
