000000001001111001101110011100
100100011000110001011110001010
000000001010000001100000000000
001000010011100010010010100001
000000000001111101100110100010
000000001010000100101111011011
001000001011111001000101000000
010100000011001101110111111000
001000000001011100101000010101
000000001000110011111010001101
000100000011111101101010011011
000100010011011000100010110100
001000101000100111101110110000
010000000000010010001001101100
001100000000111001111000100100
100100101000101001111010110001
000000110001111001111010011000
000000011010001101010010101001
001100001011101010011110111010
001100000000110011101101000110
000100001011110110100000110100
001000001001001110000010001101
000000101010011100110011001111
001100100010101101101010010000
001100001001000101010010100100
100000000010110001100001111011
000100011011101010110001010000
000100011011110011011100011111
000100010011111010010000010101
000110000001111100011000011000
000000010010101101100011110000
001100000000101011001001011111
010100011010011100110010111001
011000001011011100111111101000
001000001011010010100100100001
001000000011011010000111110011
000000001001111001000000010111
001000001011010011011101010010
001000001001011101111110000011
100110001011000110101111101001
100000000000011111110110110001
000000000001110011110111000101
000000001001101101001110110010
000000011010010001011101100100
001000010001000001111100001110
000000001001100110100000001001
001000010011000011011101001111
000100001000001011001111111110
000100111011111101101100111110
000000010010100000111100100000
001000111000111111100100110011
001000111000111001001100001110
001000100000111001110110000110
001000010011100000010000010110
001000011000111111110010101010
010000010000011001001011110011
010000000010011000011001001110
000001000001101101111001010011
011000001011110010011011111101
001100010000110000110010000010
001000010010111010001100101011
001000100010110110000000101111
010000011001000000010101010001
001100101000110100111101101101
000100100011111101000110101001
100000001010011010110010111010
010000001011001101100000000110
000000010010011011100101010110
001000010011011010111011011111
001000011000111111010010000000
000100000011110110111001000110
001000000010111010010111010001
000100000000000011110110011011
001000001000111011011110001111
000100010000001000001101000010
000101001011111001111101000000
000100000010010100011001111100
010000010011110001010011011101
010100101000011000011111001101
000001001010100111010000111011
000000001001111111110011000000
100000000010110011000111000010
010000001010010010010001011101
000000001001100111000010001000
100100000011100101001000011010
001100010010110001000011111001
010100000010011011110111101000
001000000010010100011100000011
010100100001011101010100111100
001000011011110001100011100010
000100001011011111010000011010
010100001000110110010000111011
001100001000110011110000100111
000101000000000010010110100010
010100101000100010101110010111
011000011000011100011010100010
000100000011111100001000101110
000000000001111111100110010100
101100010000100001000110001011
001100000001000110011001001101
