0000000000010111111101111111010000101100001001110110110001010010101100000001000000101011
0000100011000000110011011110010011000100010110100111111001111100010100010101010111100011
0000001001110011110000101010100110010101101101010011001111001001100000000100110110110000
0000010011101101001110001101010011011100000101011011001011110110100100101000010110011011
0000000001111001110010001101110100001011101100011001111010100011100100010110000100101110
0000000001101110100001110100100111011110110001101101010110111110010100000111011011100001
0000000011110110111010101110101100011000111100101010001111010101011101000101000101111110
0000000000001111100100011001000011100101111111000110101110100110110011111100011111101000
0000000001010110000000011011010100011010010111110100101101000011010011011110100110001100
0000001011000111101011010010011010100110010011100001111000010000000011110110100000011110
0000000011011100101000111110111011111100001110100110011111111000101011000100111100100010
0000000001101111100010010110011101101011010101101110010110100011101111100011001010000011
0000000011011110000110110001001001101110011001101011001010010110101100010001010000100111
0000000001110000011101000101111100011010111110000111001100110001110010110101111000100111
0000000010101101101010100011011011100110111101011110011000001100100001011100111010011110
0000000010101110001111010011111001101111001111001111101011111011110101111100101000010111
0000010000011011101110110111001110100111111000101110100111101110011001110100000011110000
0000000001111111110010101111101100010101011111001010101100010010100101110111000011001011
0000000011100101111000110100000101111011111100010101010001010100001010010111100100110100
0000000011111001110100101001000101110110100011101010001011001101111010111100110001000011
0000000000100101111010100011000001001101001000011000010101100011011100111111100011100101
0010000010110110001011100010000100110010000110101100111000000111111001100000001100011101
0000000011000111101111111101000011011000000011001100110110011001110010001111010010111000
0000000000011000111101111000010111111001100010000000100011010100010000100111010001100100
0000000000110111101011110111101111010111101011100001011100100000100000001000000011110000
0000000010101101100110010011011001111000101011010000100100001000001000110110001001100101
0100000010111101111101011000100010011001110111100000001000000010111111000000011101011001
0000000011110011011000100000111010100011011010111010010001001001101000010111010111000111
0100001010111110011001011010010000011010011101111110010110101101111011110010111001011010
0000000001100101110101011010010101000111000000111111101101110110001010011100110100001111
0000000001101110101011011101010010101101010110101101101100111010010000011100010000001001
0000000011001101110111110110010001110100001001011011100011101001111001110011010100010100
0000000000011001100001100100101000000110010000011001101010110001101000000110001010001010
0110000001010101100111000111011101001000100100001001011010010001101001100001010010010111
0000000011111000100100101101101000111101100110101110111100110111110100101100100011000100
0010000011000100100101010000101010101110011101110101101101101110100001100010010100101100
0000000001110010010010011000000100101100101010101000011100000011011101100010011010010111
0000000001101001000011110000110110000010011010010010011101100010110011111100011110100100
0000000000110100010110001111111100011001001010110101010100111101101001101001100101101100
0000000000111101001000111101100001101100100001000100110111001001111011110011001101001000
0000000001110110001010001001011011100100000111110000100010101011111010100000100100010011
0000000011011100011011110101101110100110010110010001011111011001001101011110001110001110
0000000010001001010010110010011100110110010001011111011101011111011011101101010001111010
0000000010001101110010110111111000110101011001111001011110111110010100000000110110011101
0000000001000111111001010010010011010010011011111110101100100111100011101101111011001100
0000000001011100111010101111010111011111000010010100000100010011110100010100011000100000
0000000001101011001010001100001101011010000111000111110010010100010110100011111001101101
0000000011001001111011001101100101001101001100000101001111010110001000011101111110011010
0000000011111001011010001001000101111110111111001000111110011001010110010111101011101001
0100000000111100110010001110001000000110001100100001110001010110001111110110111101110110
0000000011110010100000101111101010100001010000001101100111101000110011100111100010111010
0000001001001011000101011000010100111000100001111111111011010110011111001100100010001100
0000010001011111101110010111110000000010010011100000100101111001100101111011000011011010
0000000001101011011110010100000110101110110001010100010000010010011111100001110010001000
0000010011011001000100111001100101010110111111100010110110010101011101000100101101001111
0010000011011001100100011011111111101011111001101010111011010000000001101111100110101001
0000000010110001100001111011001000110101110100111101110101111110111001000111001100010110
0000010011101101110111010000000010111010111001100010010100110100111111111001001110100010
0000000011111111110101000000110100011101110001011000111001001001110111111000110110011010
0000000010111010111010001101000000110100110111011011011111110001101111001001001010110110
0000000001011101010000010011010100011100011000010100001010000000100111110110101101111000
0000000011101010111110001101110010101001001111000111010101110001110011001010101100110000
0000000010011000000101100000011100001110000100010000100011100000101000010000101100011100
0000000010001000000111011110110110010011100111010111001101101110010100001010101001010111
0000000010010010010000011001100001010010000101110010000010100000001010010001111100111101
0000000010101000011000110000100001110111100111001000001100010111111000001011110111110100
0000000010110100100101000011000010100101100100110111010110001010000110101010100011101011
0000000000011001000100110100000101001101010111100011011100000110100101110001011011101001
0000000001111010101011011001011000010110001110110000010110101100110110000101011101100111
1000000001101001010100011100000111110100000110001011101001010110000110110011101010000010
0000000010101001111011110000001001011110100010000100001110101110111011001011110010101000
0000000011111001000110010011010001011001101010011011011110001110000111011001101001110101
0000000000000000101111101110101101000000110000110100111010111011000101100001101001010000
0000000001001000011101110010001101000011111011111010011100010001100111011000100001000000
0000000010110100111001010011001111001011000001001001001100111000101111111101010110110101
0000000010111010110100101110100011001101101011100010011111001111101100011000001000011101
0100001111111000111000100000001101010110001001010111101110000101101000001111000001111011
0000000010100010010011101110000101010100101010100100001110011000001100111000001111101010
0000000011000101101011011100101010110001010010000111100110111010000000101000111011100011
0000000010011001010010110100001010110010111000110101110101100101110110100101111000001100
0000000000111011111001011001001010111111001110100010100101111110010100101001101101010101
0000001001101101111111111001110101010111100010001111001110001101000000100010100010010010
0000000000000111000001010111010001011110001111111000111100110101110111100000010010000011
0000100010110010001110000110001101111000001010000000101111001101100010011110110000101101
0000000010101010101000010001001000011010001011101101110110001011101001100111010110111110
0000010010010100110011100011001010111101001000011110111101001011010011110001110010001000
0000000000110110111101000011011100000010001110101001001000100010011100010111100000001110
0000000010010100100111000010100011110110011001110101011100110110001110000110011000100101
0000000010111000011011110100101111000000010111110011000110111100011001001010011011000001
0000000011000100010110100011101111100100000110110011001110110000000011001000100010011000
0000000001001101000010011010101001100110011110111110101110110101010000100110011010010111
0000011110000010101011101010001001011111010110100110010101100001010111110000111001010010
0000000011010011001101101110001111101110010110110111010000001101110000100001100011010111
0000000011000010110000110000100101010010011010011000001011110100001101010110110011100001
0000000000111010110010000100011001010000101111101010001101011011111001111110101101000110
0000000000000000111000100111111000110111011011000101000000011110011011110010011101101010
0000000010101011010100001111110001011101110101011100100001100111001100000100110000000010
0000000010111001010111010111000101010100010100010111111001111001101001011100111000110001
0000000010111110000001001000110011000010000101011100110101100101011001100011011101111000
0000000011001101111011110111001011010111100001001001110101010011101110111001010101001011
