00100000010110001000011111010010101010101110101010101110101110110001
00000000110000010000111110111100010010010111110011110000000010111001
00000000000010011001010101110001011001011011111100110000000100101011
00000000000000011001111101001100001000000101001000010100101000001001
00100000000100011011100000110111101110001101110011000100100000111100
00000000010010000000010010000010011000000110101010001111000001011000
00010000000000000000100111111110101110011010110100101010110011010011
00000000000000100001110101000110100000011001010011101001101100100001
00000001000000000001110001100110111011010111110000100000100001011100
00010000000110000000110110001111011001010001000011001010100001010010
00111000000000001011010010010001111010011011101010100010110111000111
00000000000110000001000101011111000001011101110001100011011110000101
00000000100000000010001011100010001101110101100000000110110010101010
00000000000100011011001001010011011111011010000100110101011000111100
00010001000000000000110011100001001100111101111000001100001110010110
00000000000100000011001001110010010001110101010001001010100100001000
00001001010000000010011111111000111000010011011110110010110111000100
00110000000110000000110100101111011011010011001111000101101001010000
00011000010110010000100101000001100001110001000011111111001000100001
00011000100100000000011000001000111101001000011111011100110111111101
00000000000100000000101001110111000001010110100000110011001011011001
00100000000100001000001001011000000100100010000111111101000000000100
00000000010100011010101111110011000001001101011101100011010000111001
00000000000000001011100011111011110111001010011000111111111111010111
00000000001010001010000001101110110001001010000000111001110001100110
00001000000000011010101101000111001010111000010010010111011110111001
00100000000010001001101111111100010101011101111111000101100001000001
00000000000100000011010001100100010011001010111011010001011110000100
00000001010000100001011001110011001100001100100110110010001110010111
00001010000000001011010101001101010100011100000000111101011010110111
00000001000100010010111101110011101111010011111010011000001111000100
00001000000000000001010101101111110001011000111000010111110011010000
00000001000000010001101000101101100101000111111001111111010111100001
00000001010000000010001000101100010011100111010001001100110000001000
00010000000010000000010110101111001101101111000010111101000001000111
00010000000000001000101001010101000001101001111110110011000101000111
00011000000110010011100001010110111011000000011000110000000001111110
00000000000010000011100110011010101110011111000100100110101001011000
00000000000000000001011110010101110000100010110101010001110100001000
00001000000000010010111010001011000010011001101101011110110011101101
00000000000110011011011010000011000101111001110010111001110111111000
00000000000000000010000111111001010010101000111001111001100011010101
00000000000110000001011100001000111110011001100101100011010011001010
00000000010110000000000110011000000010010010100010101111101001100100
00000000000010010000000000110101110001100100101000010110101010111101
00110001000000010000101110000110101011111100000110001001001011011011
00000000010100001010000111100010001001011101011101000000100111001111
00001000000000010010110010011110110010101010010111010011000000101011
00010000000110000011000011010001100111001011010001101101001001111001
00111000110010001011111110100110111011110001101100001010111010001010
00101000000110001000000100010011010011001111111110110100011011001001
00001000100000011010100110001010100001010110011011101001101011100101
00000001000100010000100001001000110000110010000101010001110001000000
00010000000110000011011111111111110011101010111100010010001101010011
00010000000000000011000111100101111000011001001000101000110011111010
00000000000100011000101110100011100100011011011011110111101101010111
00010001010110000011000000000100101101110111010010011101110111101011
00000000000000010010010101001010010100000000011011110011101011100011
00000000000100010010111110101101010011110101100000100111101000011111
00100000010000000000101111100110111010110011011101011011010111111101
00000000010010000011110010001000101110010001010011110111000011000001
00010000000100000000100000000011100100110101000111101100111111111011
00011000010000000010010101010111100000111110101011000101010010110100
00000000000000000010111000100011001101010010110101010011001010000100
00000000000110000000001111100100111100111011001100111011101011001011
00000000100000000001101000010000011010100000011110110011001111110110
00000000110010011000100001010100111100000001111110111000010110101000
00000001010000000010001111000100110100111110011010101110100111110011
00010000100110000011000001100011000011111100011000111000110110000010
00000000000100000010101000110110111111111000011111011101001001101111
00010000000000000000110101111001101111000010101110100101100100000111
00001000000010000010100110001011100000000111001100100000000101001110
00000000000110000010111101000110010101000010101110010111011110011110
00000001000110010011101111011100011011000100000110001111110111100011
00000000100000000001110110001000001010011110010010110101101000101110
00001000000110000010111000000000010111101111010001000101110101000110
00000000000110011011110100111100111110010100001010000001101010011101
00010000000110000000111111011011010110001100101010100000111010001000
00000000000000000010100010010100111110111100110110001000101000100010
00000000000000100001101000110110011010111110110100000001111011111011
00000000000000011010000010110111101110010100001111000000100101111001
00010000010000010000111011000100100101110000100110110100011001011001
00000000001000010010110110001111101010111001100111000000101011001000
00001000000000001001101010010101000101111011111011000010101100111100
00011000000000011010110000101111001001001111101011111111000010100000
00000000000110000011110111100111100101110000111101001011011111111101
00110000000000000000010100010011111000111011000000011110011100001010
00001000000000000010111100110100110111100100110111001011111110101110
00100000110000000000111111000101010111100100010000101100111011010111
00000000000000000001110011111000000001000111000111100100111111000100
00011000000010010001100011111110100010111101010011101100011110001000
00000001010110010011100001100100011100011010000010110110100001100110
00011000000100001011101111110010101100101100000001101111001011111001
00000000000100000000000111111001111110100110111011010000100011111111
00000000000010011011111000100111001000011010111001100001010010010111
00000001000110000000001101011101011111110011101000010101101011011010
00000000000000010010010001110000001010101010010110001100100000010100
00000000000010001000110010000100011110000101111001100000010011100101
00010000110000001011011011100110010100111100001000000111000010011111
00000000000000000001110111110010011110000101001110100111100000011001
