0000000010111010000110100000010110011111100010000010011111
0000000001100111011011111010100111100001110001110000000010
0000000000000101000101000111000001001000100001010000001001
0000000001100101011110001010011011010001100010000111000100
0000000000101010010101010111010001000011101110101100110000
0000000001100111001100001011111100010110001100000101110101
0000000001001111100100100001010010001001011101100111111011
0000000011001100100001001000110010110111000000101000001001
0000000001100101011100011000000010101000100001100111100100
0000101010101010001010110011110111101111110001100100101110
0000000001101000100111010110101010010011111110111100011010
0000000010100000000010011001010110110111011111101101101010
0000000001010100100100111101010000111000100011000001000001
0000000010001100110011110100000111100110100011101111110101
0000000010101011111100000110100010010010000100100110100110
0000000001000111100100001001010101010111011100000101001001
0000000010010001011101110101001110001101001011000001011000
0000000011101011110101001100000011101011110100010001010001
0000000011010010011011110000101110001001111110100111001100
0000010001001100001110100001010001110000100000111101100111
0000000011101000000001010000101110101111101100110110101100
0000000000011011010001000000011100001100111111101010010011
0000001001010111001001100111011000101000000000111111000001
0000000011101010000100100011101010011100111100001111000111
0000010010101001101000100000010111101010101110011110000100
0000011111010001110101101001010101100000100011100110100101
0000000000000011010100001101100000000110100011110001110010
0000000011111001011000101000001010010001100000011110110111
0000000010010111000100001100111000100111101011110011100111
0000000010101010101010011100101101001101100011111010111110
0000000001000111001111100111110100110100010010000011011001
0000000010111011110011101001101111101111011001100001100110
0000000011101110000100111011101001001101110000110110000001
0000000000110110011010100110101010001001111111100101010011
0000000010011100110111010011110011111011010010011011110010
0010000010101111010110111000110000100011001001111001010001
0010000010101111011101100011010111011010010101011011110010
0000000010000110110110111001110101110110100011010111001011
0000000011001001110101000110010010111011110111011010100110
0000010101100011011110110100011011110101100111101100011111
0000010001111010110110100100101000000101000010110111001010
0000001011111110111000000010011110001010000110101101011101
0000000011100100111110001000100100000111101011101011010100
0000000001100010110111001001010111000111000110100111010010
0100000011100011010111000100111001100000010111100111111011
0000010000111010100110111110011011100110000010110111111101
0000000010100100000000111011011100101000001111010111000111
0000001110101111100110010010011101001001100000010011011001
0000000010100001110111011111001110000011010010101110011010
0000000001011100110010100111101111110100110100101010011100
0000001011000010011000011110110011011000110011000010100100
0000000010000101100010011101111100011010011100010010001010
0000000001011011111010000111001011000110100111110011100111
0000000001100011110100111110001111111110100101111110011101
0000000001010101001111000001110111001000010011000110100001
0000000010111100000100011100010010110110011000001011001011
0000000001001101011110101110010101101100001011011001100010
0000000010101111001011011101011110110100110100100000110011
0101000011011010110011110100111101010011001101101101100100
0000000011111000111100011010000100011001111111001111010011
0000000011011110101110000111111110110101101100100100101111
0000001001100110000110101010110110001100000000001000110011
0110000000101001011111011011100101001101010100000100011001
0000000011010000001001001100111011011110111111101010100011
0000000001111000101001100011100011000000000011000100110011
0000000010010001100101011001111001111001011110010110011101
0000000010010111111110001000101110110101001100010111001001
0000000011001111011110101010111100101100101110111010101100
0000000001011001111010110111010110001000000100011001111011
0000000010000100000011110100001010010100100011000001100010
0000000000100100011000000001111100010100001011111110111100
0000001000110111001011110111000000100011000011101010101101
0000000000110101000110111101000111101111101010110011110100
0000000010001001001001101101110110011100110000001001100101
0000000001000111010011000011010100001010010101010000010000
0000000000110011000100011000000000010101111000010101101010
0000000000100100111101011100011101011101110100111001011011
0000100000011110100101101101010110111101111111101011001100
0000000001110111111110011101011101110001010111011110000110
0000000000001001110001111000110010110001001101000101111101
0000000001100110011000110001000000100111001100101000100100
0000000011100110010000100011101000000110100001111101001000
0010001011111101100101011001011100001010011111100111000000
0000000001100101010100111110110101110100100110001000001110
0000000011111011100110000101011011101010001110000010010101
0000000001010110101111001100101001001000001100100111001100
0000000001111000001011101011000101010011101010001100111100
0000010010100111101110000010011110011111001101111010111001
0000000011100011001101111100111011101110010010011010100100
0000000000110011010110101110010000010110101111101100000110
0000000001110011101100001000111011110100111001101100001001
0000000001111100011001001100010011010010110000110111100010
0010000011101110110101110101000011011010001001001100000111
0000000001010010101101111010001010110101110000000001110010
0000010000111001110110011010000001110101100001001111010001
0000000010010011100000100110010111111100010110110111101010
0000000011100011010011010110000110000110011011011100001001
0000000000001111011100101101111111100101100011101011010011
0000000011101001100111010000101100111110010011110011011001
0000000000000010110101010010001001101111000110110110000001
