001000000000100100101011111100
000000000000110111101100110000
000000000011000001001101010101
000000000001011011000100011010
000000000001001001001100001100
000000000000000110101011001001
001000011000100100001010001101
001000000011110000011111000011
000100000001010100001001000010
000000000011001111110010010101
000000000000000000010001100010
000100000001000010011101100111
000000000000110011110110111101
000000000000101100111101001100
000000000001010100111111110000
000000001001110001001110011011
000000000011001111100101101001
000100000010100011101001010001
000000000000100011001110010001
000000000000001110101111010101
001000011010011010100011111110
000000000001100000011001001101
000000000001101011100101011101
000000000001011010101000000001
000000010001011010001111000001
000000000010101011011011111011
000101000000001100111110100111
001100000000111101011101110110
000000010011011010111101101101
000000000011111011110001101100
000000000000100010001010000011
000000000001001101001011101011
000000000001011010010000110000
000000100000000011000110101000
001000000011101000011100111000
000000000001111101111110101101
000000000000111101001010001101
000000000011111010111100010110
000000000011001111101000000111
000000000000001111111011101001
100000010000000010110001110001
000000000011001011011111101110
000000000011101100110010110101
000000000001101101101010000111
001100000001011001011000010000
000000000010000100011001011000
000000000000001100000001100111
000000000000000110001001010001
000000000010111100100110100011
000001011010111010111001100111
000000000000001111010001011011
000000000010100001010010010001
000000000000010111001011001110
001000000011111011000001011001
001000000011100000111110100111
000000000011011110001111000000
000000000001000010011010111000
001100000010110011001000110110
000000000010010000001000111100
000000000011001101111111111111
000000000000101100100010010000
000000000000000100110100110011
000000001110011010101000010110
000000000010011110101100000011
000000000010100111110001001011
000000000010101011111000110010
000000000001000111011101000101
000000000010000010001010010101
000000000010011101111011000101
000000000010001000010111101111
000100000000011101111000110111
000000100001111001111000111001
000000000001101000101101011000
000000000011011011010010101010
000000000001000110101101110001
000000000010100100110111011111
000000000000110101100001010100
000000000010111000100111110100
000000000000110010101000011110
000000000000111100001011011011
000000010000101001000001100010
000000010000010111010000110111
000000000011110010110010010001
000000000001011100000011011010
000000000010100000111100001000
000000000011100101111010100010
000000000000011011100101011011
000000001011000111010001101001
000000000010011101011100111001
000000000010001001011101111000
000100000010110100010110011111
000000000001010000001101101010
000000000000110001101111010111
000000101111111000011100001000
000000000000101110011100101001
000000000011101111101010011000
000000000011011000011111110111
000000000000001001101011010100
000000000001001100000101110001
000000010010111001110010001100
