000000010000101100101001101000001011110110010100000010011111101111
000110011000101110011011100110001001111100011010110001110110101000
001110000001000111010110101001000100101000010000000010101101011000
000100000001111000110010001010110010101011111000011010101110001011
000000001000101101010011010011000001010010001000010110011001000010
000010000000100010101010011100110110110011001000100000010111100101
000000000101000010101110011011100111101011010111001101100000011101
000000000001101000000011000011000101010001111110110000100011100010
001000000001110011110110011011000011000110110011001011101110110101
000010001010100110011011000110101101111010110101011101111100110001
000000000001001100010100111110100111110010001100111101001001001100
000010000000000101001110111110111100101010111101110111101110111100
000000011101001001000110101000000110101011101011111001011010101110
000110000001000011011011000001000100011101100101100101001000001111
001110000000000110010110010100001101110010100010101100101000001111
000000000001001111110101110001111100001000001111001011100101101110
000000000001001011111100100010100111100110100011100100111110010001
000010010000001001101111101011011001011111111010101011011011100001
000000001000001111011000111110101111010100001101011101100110001101
001100001011100000011100111010111110010101000001100000001111100000
001000001000000110001101010001101111100111000111111010101110000100
000110000000101111011101111011010011110001101000100001001101011011
000000000000100101011101111001010110111011000101110110111010100000
001000000001001000001001000110001010100011110111011111001011010001
000000000110100111100001010111101000101010111001001111100100100100
000000000101100000001111110111011001001011000011110011000011111011
000010000000100001110001101000010111110001011101001011000010011000
000010000000100001110000010001010101000101101101010000000000111110
000000010000001010111000110100110001010011111011101100101110110111
000010010010001001010011110100111111000110000111011100000010101100
000000000000100100110000111100011001001100011000001010010010011111
000010001000010001101100010001101100111010011011101010001110011000
000000000000110001001111011100101001110011000110101001101000100101
000110000001100001001000010010111010010011100010001001101100100000
001010000001110000100100101100100011001011000001100000010111110110
000000000010000110010110111010001111101010011110010100010101110011
000010001110000101011001111001011100000010110011100101101111110001
000000000000000111010100010110101111001000110011111101111110010110
000000001101000011111110000111101010100001001111001101100011110001
000000000000100101100101110001011101111110011001110100000001011001
000100000001100000111010010011111101000011101010011011001010101101
000000001010010001110111001000111101110110011010010010001100110001
000000000010001000100111110001110011001101111110110000001101000010
000010000000010010101000111000010111011100111000110011000111111111
000000000100000111000100001111001000000101010100101000010000111110
000000000000100101110101000100101111000100111110000001010111101110
000000000000001011010001011111001011101101010100111101010010101100
001110001000100101101000110100111011010001101000100001001001001111
000000000000000110110101110111110100011010101111111000010101011010
000000000010100110010111001110101100011100111010100110101010001001
000000001001101000000101110010001100110011101010000000110000100110
000100001000110111000101011010011100111001011000100010101100101011
000000000100010111001001011001000101100011001110111010000111101111
000000000000100000110111110010101111000101100011001101011010101010
000100001000001110010001110100100011111010001001001000100010001011
000000000000001110001000101001001110011001100011110110101100110010
000100000000010010001110100100000011110110011000010111010010100100
000000001001001111110111100110011011101110011001100010100011011110
001010001100101010000111010100100001111110001101101001010011100000
000000001000101100101100001001001110001100011010101000011111111011
000000000000010101111101100100101001111010111010001001011111101000
000000000001000100111001100000001011011000101000101110110000010001
000110000001100000011001111100110100110011111010001011001101000011
000000011000100000101110010001001110101001001001101000100000100101
000000000101100100100000101100010100011100101001000001111100111011
000000000010110011100010110100001001010100010100111010000110011100
000000000000001011100101010111111111010000011000001111111100010010
000110001001001000010000010100011001101111100011010110001010010110
000100000001101100110101100000000100001010000111000110101110011100
000000000100101001101101110000111110000111011100001001111011011001
000000000000000111010111111010011010110000101001000110011110101001
000000010100101000111110010101110001100010001101010100000110001110
000010000010101110101110111001011100101000000100111010001100011011
001110000101000011101000101111101000010110110010000110001110011100
001000000110000001000010001111100110010010110100110010000101011001
000000000000000011101001000110000000010001010100100110111110101010
000110000000100010010110000100011100110111100101000010011011111011
000100100001000111010101011110100101100000001010011101111010110000
000000001001100000000010111111111000000010111011011110110010110100
000000001101001111111000000000100000111000001110000111100010101001
000000000000110000110010011010001010010110111101011000100000000001
000100010011101100100010001010110111001111111011001000000110101000
000000010100001111010110110011010110011000000100001001111110001011
000000000001100011011110001001001001000011100101111011101011101011
000000000010111010010100110011110011111011111110011010000101011011
000000000010001100100000001110011001101100000111011011111001011010
000000000001000011110001100000110111100101100011111011000000101011
000010000000000001000010111000011000011111101111111110010100110101
000000000001000001001011110111100011000101110011011000100100101001
000000000100010111001100101011100001011111011111110011010001001000
001000000001100000010110111111101111110011110010001101010101110101
000010001000101101011110000011101100001100011110001010101110011011
000000001000001011101101000000110101001010010011010110101000011010
000000010000100001110111101011011001010011111010001000000010010110
000000000000100001010100011010101000101011111100011101011100001000
000000000010000101101000001110101010000010100011011000111101101101
000010001100100101110110000010100110101001001101010000000101011000
000000010101001111100100111111011000001000000010001100010101011010
000000000000000111000111110010010010010000101010100101111000100011
000000010111000000100011011101111010101010011011100110100010111011
