0000000001000011111110110111110101
0001000100000010111010110100000110
0011000000000001000110001000100110
0000001000000001101000110011110001
0000000100000010100011101011001011
0000011110010000110100000000011000
0111001010001011101001000010100000
0000000000000001101010101000010100
0000000000000010000001001010110111
0000010001000000000101110010111001
0100000010001000011001100011001001
0000000001010000000001000010110110
0110000000001000111111010000100101
0001001010001001110000111101010000
0000000001000000001111100111001110
0011001000011001100000011100010011
0101000001000000110101010100110101
0001000000010001001110101111110111
0000000001001010000110010001010101
0010000010000011101100111101111101
0000000010000011011010000101000100
0000000000010001011111011100001111
0011001100000010011011011001000110
0000000001001001110101100010101001
0001000010000010101011100111011100
1000000010010000010100110100011010
0000000000001011011001100111001110
0000001001000011111111010011101000
0000001000000001111100100011010100
0000000000000011011010010001100110
0010000001000000100000001001101101
0010000001000000111100010101001111
0000000001010011111101010010011100
0011000000000010010011010111111100
0010000000001010001110001111001110
0000000000000010000000010111001010
0000000011001010110011100111100001
0000001101000011111010110100101001
0000001011010011110001101101001111
0000010010001000110101101111100000
0000001001010011001010110010000011
0000010000001001111100111111011010
0000000000000010010100011000110001
0000000010001001001001111111101001
0100000100000000111111000101000110
0000000000010001011001100011001101
0100000010010011100010010011111010
0000000000001011110001101110100100
0000000001000000001001110101101011
0010001000001010010000100011011100
0001000000000010110010110101110000
0110010001000000011101101100000000
0000000010000000111101110110011110
0000000101000000001110000100000110
0000000001001001111100100111000010
0000000001001010100110001011011101
0000000001011011101011001010110100
0010000010000000010011110101001000
0110000111000011000101110100000000
0100000111010011000110100101110111
0000000001010011100101010010001100
0000000001011010111111010000110010
0010001001000000101000011100000100
0000000100000001101010101011010111
0000000010000000101111000111000110
0000001000000010000011100011001100
0000000000010001111010000010110011
0001000000000001000000000110010010
0000000001000000001011001000100001
0011000010001011101110111110111001
0010000001000011100110100101100010
0000011000010010011100101111110011
0000000000001010010010100010001111
0000000001001001111111010110101111
0011001000000010110100010011001100
0000000010000011100011010100101000
0000010100010010100101001111100011
0000000000001010000101000000100111
0100000010000011110001100111011101
0000010000010010000110010000110010
0010000000000000111111100101000001
0000000000000010000101000101101101
0000001000000010110001011100110011
0000000100000001100101011001000110
0000000000000010100010001001100101
0000000010000010111001100110100101
0000011000001001110011001111001100
0000001000001010000011001100111101
0000000001001010001110111100011101
0010000000001011001100010001000101
0000000011001001010010010000100000
0000010100010010000001100101101101
1100001001011011110110001100110101
0000010000000001011100101100000110
0001000010000010100010111001110001
0010000001000011010000100101010001
0000000000000010001101110101110111
0000000010000001011110100010010110
0001000010010011101110110011011001
0000000001000000100010011101101100
