0000011010000100000000101110100011010011000000010010001010101001000010111000110000000010
0110001011000010110101001011000010000110010100100000111011001000100101001111011111111101
0000001000111100100110010111100110011101010000001111000111000110001011010000000101110010
0010011010010100110001101011111001001111101001100010100000111000010110000110010001011101
0011001000010100000110100110011110100110010101101110100111001110100011001000011101010010
1000100010100001111011101000100000010011011011111100111011100011101010000000000101111110
0100010010111110001000101101101101001100011010001011001101000010100100001110010111111000
0110010010101101111011110011011000001000010000010001011111001010011000010101101101010101
0100001011100000000100100101001110101011101110010010011111001001000100111110111011111100
0100000010000111110100010011001001000111001111101010010100110001101000000010101001000011
0000000010101010000101001001000111111101001111000111111010001100110101111100010111100111
0100001010100101011110011111110010101101100101010000101010111101111000101000100111000001
0100000010011010010010101011011100101111010101110100010110001011000001001110010011100111
1100010010100011010111010011010111010110001100001011111011010010001001011000000110100001
0110000011011001001000001111000000100111011000101001011100101000011111101101011110101000
0100000001100111011111000011100100101010001101101001110100011010001011010001001011001101
0000010001010010100000011111111111000110110001000001100011010111010111111100011001010100
0100011010000110111111010111100110101110100110110100000001100010101111011010000110001111
0010000011110111101110010111011011100010111000110111110101000010010100101001100110100111
0010001011011001000001011100111010000111100011011101100010110110110000101101001010110100
0000001001111000011011000110011011000010011011111110111000111000000110110111110100001011
0110001011000111001110110100011001101110100010011111111000001001111001100101011000111100
1100001001101010110011000001001000000111111100001110001001110100011101010000110100010101
1010010000100110101011111100010101010111001100110010111010011000101000001101011100111011
0100001001001110010100111011001101001011101001011111000111010110101100110011100011011011
0000010001110100011011000110011010100100110111001100000011000100001111111111011100010010
0110010100010011010101111111100100001010100000010011110111010110101110010111000101111100
0000010010000110011001010010000110001110110010100001011101101001101101101110011110000011
0000001001011111000111011100110111011110111111001111111000111010101100101101111110101001
0100010000000001110010011001111101001111110100001100110100010110111101101100101011010100
0000010001111011110011001010010110100010001000100100011011110011000101000100011111010000
1000000000111100010010110111000001011010101001110111101000111001111010110011001100101011
0010000000001100001001001110001100100101100000110110110000001110110110100110000000101101
0110101000101010110111001100100110111010001101100010010101000011011110001000101001110000
0100010010101100101011101011110110001100000011011011100110111100010010011101111101111011
0110000000111111000111110110010010100100100011001001011000000001110011110111101010100010
0010000000111100101110011101110100111011100101111000111011010100000110000001100010100101
1000010010101000011110100001100000110010010011011011101111101010000100100011110101100010
0000010001101010111111000100010110101010001011001010100101011101011011100001000011111010
0000000001110110100001100000011011001110100001101000100010110011000100101001101010001010
0100010000001101011011101100100100000110101100010111000000001001011100110010110101111110
0000010001111001111010111100110111101001000101001110101111101101010111011000111011110000
1000001001010110011101111011011011110111111111011111110001110101100001000111110101001111
0100000011010001010011001010011011100011111011100111110100110110010101110111000001001101
0100010010100010100001001111011111100000010010100010010100010111011110100111110110111111
0000001001110001110000010110110000110101000111111111010100101011000101101011010101111000
0110001001001011000010010110011110010110010110100000011011100111100011011100001010101110
0000011010111101110001000001011000111001110100111110010011000001100110011011111010011111
0000010001111101000001000010011001110011010110100100100111100111110010010111010111000010
0010000011110101010010011110101110111000000000011000011001101110110100001111101011101001
0100001000101001101001110001010001111110011010001111110000010000010110010011011011010011
0100100010101000101111111000110011100011011011100100000000011111000011000100011010011011
0010011011111100000000000001100001000110010001001010010011010011000110010001101001010110
0000010001111010000111111101100110100111001010001001100000000111110110010101000011101001
0010100101101000110010010000011001000010010100011001000101110110001011000010010100001110
0000001010001101000000110001110011110010110110000000101111000100001001000010111110000110
0010000000011101101111000001101000001000011101101011010000000110111000101100001010101001
0100000001011111010110000010011101111101000010000110001001011100011011000000101101001100
0010000000101101100110111101000011101001001100001001011001111001000100011101111110111011
0100000001001001111101110111111000000010110011100101111111110110110110111001011000101011
1010011000011000111100110110011100011110001001000001110101101111111100110010111010011110
0000010010010110100101011111010100000100011111011100001001011110100110101000100100100000
0110000011100110110010010101010010101100000100111001011001110101111100001000111100111011
1010100000100101100111110111110010100101010010000101111100101010001110011111111001001111
0110101100101110000010000101001110000100010010100000101010100100001100101101000100001100
0010100000010011100110000110101000111111101110111111101101000011011000101101101010010001
0100000011011001111001011101111001001111000011111000000111101001100000010100010010011101
0010001011110110111100001001001010011010101010001111011110101111100111100000010001111000
0110001000010001000111000010111011001001001111111111010111101111100000100110001100101010
0100010010111001101000011010100110011101110110101011000100011100001100001111011111101101
1000010011010111001000101001111001111011110101100000110101001100001100010110011000010110
0010000011110101000001000111110111100010110110111010100011100111110101010001001111010101
0010010000000110010010110101000011100100001111011010110001001000001110000001100100110110
1000000100111010001111100000101100010100001110010111101111100011000001111100110111100110
0110001001001000001111111001100111011101110010111111110100001011010011101001000000000100
0000000001110101111010101001101000010011100101011000011111100101000100110001010100111101
0100010001001011001110100011011111110010000011111110110110001100010101010111100110001111
0010010000100111000111001111011001100110100110010011000011011111011000000011111100011110
0110000011001000010000100000001010101111111000010111100101100010011011110111010011111101
1000001011011100111100100110011001000010110111001111010011011011101000010011100000101110
0111000010110111000101101111011110101111011110011010001010100110101101001001111110000010
1000101011101101100011011010111111010000001101001111101010100001101111100011100001011011
0000000010000000011001100011000100110000111000111000001101000001000110001101110011101010
0100001001011001110100000010000010000111111010100000001000011100010100111110111011011110
1000001010110100010101011000110011100111100101101101011010101010111111010101101000101110
0010110011101011111001100101110101001100010010101011010010110001110011100111010001101100
1000001010111100101110001010001001001100100110011100111101011011111010100001101010101010
0001010011010010100010110110001110101111001100011010101000100000100100010000001111110100
0100100001110110111010000011000101000110001111011101000101010100010011111111010010110011
0100000001000100011010011000000101000001111000001001000001110100000110110101001011111010
0110001010001011111101000000001100001111011100101011011001001010111011001111100001000011
1010000011111101100100100110101011101100111000001000111000110001111110101001100011010011
0110010001001000111001110100101011111001000100001101101011100010010100101100000010000010
0010010010111111001000010110111001111101010110010101000000010111011100001100000110010000
0100000100101100101001001101101100101110111110111000000011000010110000111010110001001000
0000010010000111001101001010100100000001001010000000111001001110101000101110100101000001
0110100001001101110100111010111110011101010001111010000010100111001000000011010011100110
0000001010010100101100011000101111100000110001000000001001011000000110010100100111000101
0000010110011111101101100011000000011010001110110100110101100000111001010001111011101001
0000001010001100110010011011101100101010011101010000111000000010100000100101001011111110
