00010000000010001011110100111100010101110101011101100100000001000010110100111000010010111010010111
00000000000011011011000000111110001000111001010011110100011010010010000101110111110110100011111101
00001100011011010001100100101001010111001111001000100111001111110100001111101110110100111011011010
00001000000000000011010100100110100111010001110101110010010110010010100001010101011011111010000010
00000000000001001010001010110101001000101110011001111000000001101111001001001001111011001011001000
00001000000001010011011101001100101110101101101001011011010100100000000101101110000001100111101100
00010000000010001011110101001110010111111001110111010000101101101110100011101011100111010000011100
00000000000010001000110010110100011000011011101010110010000111010110111100111111001101110001000000
00000000000010000000100000000101000111110011110110010010011000111100110000001100010000111010000010
00000100000000000010011101000100111101000001000001011111001100110110000101001110010111101111001011
00000000000000001001101100101100010011011100110110001101000010101110101100111011101100111011111110
00000000000110000010101000101001101111101111110100110111010100111001010001100100011011010110100101
00000000011110010001000111101001110011110100100011111111100000110101100111110111111010100101100111
00000000001100000001111111001111011000111011101110100011100100000000111010010100001100110110110101
00000000000000000010101011000011111010001000110110010010010101111100110000110001101110111101101110
00000000000001001011111111110101001111111001100110100100101000001111011010000001000011000101101001
00001100000000001011101100110110110101110011101100111000110000010000011100101011100001110000011111
00001000011100001011011100001111000000100000011001111101110010100100011000110111001101101001001111
00000000000000000001100110101010110001011000101100011011100110010101011011111100101111011111000010
00000100000010000001011111111011000010010110101010011001010100001000100000001101100110000011100010
00001100001000011000011111001110001000111100010100011111111101101101110001111100001011100110111001
00000000011100001001100100000101101010000000110111101000101011011000100111100111101000000000110010
00000100000000000001011101000010001000111010111101010100001001011101110111011100111110001100101011
00001100000010000000001001011000001110111100010110110100000101011100011010001110000011101111001011
00000000010010001000111100011000101011110001010011100000001111000000001110000000010010001101100100
00001000000111000000101010100000100110111011001111011011010100010110111101010110101101110001011111
00001100000100000011101111100110011101010010001101110111100100000100010101001001101011000000010111
00000000000101000000010001000000010001011001011000111100111011110110001110111101001001000011111111
00000100001000000001001011000000011000100100100011011100110011001101000010000010011011010000000101
00000000000000000010011001110001101000100110000101010100001000111000101101111101111101001100100110
00000000000011001011010011111010010100110010011000001101001001000011100100000110000111001010011111
00000000001101010011111100001010010000010100110111010110111110011100010111001101001011110001101110
00010000000010011000001100101110101111000110001011111001011111001001000110001011011000000100110001
00000100001010001001010100100011000011010010010110001010000001110100110001110100111101010001011111
00000000000001010011110001001011000100000101110011110010011111111010100001000100101101010111100110
00000000001000010010100011010001001010111001100001001111110001100000101000111010000001000101011001
00001100000010000000011010010001011000111100010110110010000100101001110110100010011101110110010000
00000000000000000010010100010100111010100100110000000001101000000111101111001001111110100001111111
00000000001001000000100101011101100001110111111011110100010011001110110111000000011100101010101010
00001100000101000011101111101100000010101001111000010110111011001101010101010101100101000011000001
00000000000111000000100101011111011011110011000101000000111010010000100010100001010100100011101110
00000100001010000001011101110010010101001110110001101011111100001110000100110010111100010110010101
00001000001100011010111001100010101010101101111000101111111110011000111101000110000000110100110101
00000000000000000010001001110101011111011101101110011111100111011111100111011000000101000110111100
00001100010101010000101001110111111100100010111010111001010000011000010110011101101001100000111011
00010000000010010000001111101100011000101000010000111100111101110011001110101001101110010010101101
00000000000010001010000011111000101111000100100001010011010000001111111111101010001111110000010010
00000000010001010001101100011111000010010010010010001000110000101110111111011111110010001000100011
00011100000010010000101001001000110010110101011011100110110100001100010111010111110000111000110000
00000000000010000011101010101011100001100101111100110101101000001111000010001110001111111011011001
00011100000010000000000111011111000011011001111111100100010111011101010011110000001111110100010011
00000000010000000010100101101110111011011011100010010110011101010100000000001000001000010110110010
00000000000101000000000011010100100100001110111011010111010100001010100001100001001000110100100100
00000000000000000010001010000100101101010000100000000001101011111001110101011011010101111100000110
00010000000010000000001111010010001110101010000000011011111001100011111100100010011111010001010011
00000000001010000001000100000111100101011001000011111111110010010010000011101101001011011010101001
00001100000000001001100101000110111111011110111100001001001101101100100010001100100011000011011000
00000000000000000001110111000110010110101010010111010101010110011000000001011001100100010110010111
00010000000000000000010111111011111011001010011110101111010111100000011111011110100000101111100010
00000000000011001001100101010001110110001000101001000010000001101010011000010011110001111010110001
00000000000010010000010010110001001011100010000010111011000100011010111001100001010010110010000010
00000000000010001000000000011000011101000110000000000010011110001001101001011011000010100011000000
00000000011010001000010111110010011011010100111111011111000010111001100110101110101110010000100100
00000000001010000011010010000000101010110001100010001000110010000100011110011010110010101010000111
00000000001010000010110001000110110100010111011010100001101100010101011110010000101010111110010011
00011100000000010001001011010101000100011010010011010110100011100001001011111001001000101010000111
00001000000000000000110111111111001101001111110011111101000111010110100011011111101011000110111011
00000000001000000011000110000110010111111010000010011011100011111001000111111001010110101011111001
00000000011001010000001100110000011100001111100010001010011111110001110011010000110000001110110110
00000000000100000011000100011111101111110101101001011111010001011011000110001010010001000100110011
00011100010010000000001001100010010101000011111010001101011110001010101000011101101010001001111101
00010000010000010000111101110001010111100111000000111001011101001000100010000101000000011110001100
00010100000111010000111000011011001011100001111000011000010101000100100111111011100000101101100110
00000100000110000001001100100001010110111011111111000101000101101101101100000110111011000001011001
00000000000000010010010010001111110110101001110000001000010001100111110101000110110111011101011001
00011100011010010000010110101110001110110011110000111011001111110011000110010000000000001011111101
00000000011000001001110111101010100010100100001100100000010010100011101100010001010011100101010111
00100000001011001010110000000100000000100010111010011110110010100100101010101101100100000100101000
00000000000111000011111110000001100011000101101100000001000100100111001011000010110000010111000111
00000000001100000010101101100111010011010110001000110010111011101011001001001110101100001101010111
00000000000001000000001100110011000110110010011101110001000111111000101110010011101110110010010110
00000000000010010000011101101011110101011101001100101011111101101000111101100101111001111001101100
00000000000000010010001111000101100000000101011100100010111011111001001100111110000111000101100111
00000000011000010001101110010000101000001111110100010010001110001011001010111111001101001011100101
00000000001010000011010001100001101011001000101110111111110011101100010000100111010111001101000101
00000000000010001000101101101101100101001000010100000111011100101111000000111011111110100111011000
00000100000100000000010111001111101101101001000110101101111010000000000101110110101111010001001001
00000000000001010000110001011101001100010101110100100010001111101011110100010011101111010100001010
00011100000001000000101001000010010011101111000001100001000111101101110000001100111111111001011101
00000000000000010010000000110110100100000111000100001010010001101100001100000100101110000101110101
00010000000000001010110010100001100011011111000000010100101111010111100100000001010000101010110010
00000000000100000010011100001110101010000010110001101100011010010011000101010110011100001110111110
00001000000000000000111100110110011000101001101010011101010110011111011100100000001010010011101101
00001100011101000000011000110001111101010001010010010011100110100110100001111000100000111000110111
00001000010100010011001100110110110101010000001110000111111111101010100001010001000010101011110011
00000000000000000010001010001101001011101011000011110101110111011010001001111101010010001110001001
00001000000000010011000001001001010111010110001100011100111011111101011010100000110001011101001001
00000000011000000010001110111001000110111010011100010011010011100000010110011000010001000011000000
00010100000101000000011001000101011101010100100100011110101101010110100110110010111001001011010101
00000000000111000000100000010000100110111011111010101010001011110110101101011101100100100000110100
