000010010000010010010011010111010010111101111011010001100111111010010100100001000111000010
000000000010101101110011001101101100100100011000110010000001101100000011010110110000001000
000000000010010111010001100111001101100001010010110000110000000001001010110111011111100011
000000000011001110111111111111100010110101100010110000101101011011010100101011011010111100
000100000011011001100110110100010000110110000011001110000111011001111001111100100100110110
000000000000001011001111111101111100000111111111100110000001100111101101001010010111000001
000000000010111110101101101110111011100111000110110111011001010010001001001011011101110100
000000000000111100010101110010111001101110110110010111011111011010000010011000111000110111
000001000010101000111000101111011100110110010110111011000001110101011101001001010011111111
000000000001001100110010011111101100100101101010111001001000100000111011110110110100111010
000000000000011000111000001110100000100111111110100100001010000000110101011010010101011100
000000000011000011000001100111010001111001110011110001010111001111011101101111000100001110
000000000001100010000110001000000101110011101001010010011100101110110110011111111010110100
000000000001001000011011111000011010100110010001110011111000010011000111111110001111111011
000000100001101100110011000010111100111100010000110110100011010010011110010011100100101101
000000000001111011111000011111111011101000001000010111010111011001110101101000011110110110
000000000010000101000101000100001000001110110110110110010111100000111111000110110110101100
000000000011001100101010010101011110101000110011000010111011101100001111101010110010110110
000000000011001000111000101000110010010101011101011110100000110001000000110010101101110101
000000011010110111100101001111011011110000000011100111011001100011101011101101100010111000
000000000000010101010100010010111101110000001011101101110110101100101000110001010100111101
000000000011110010010010110011011111001011100001000101010110110101001000111110001110101001
000000000000111100001011001110010110100010100100010001001011011001110110001010110011100111
000000000010000011101001110110111000101110011000001000001100001011101011111110010101101011
001000000011111011100001101101011100010110001000101100011000001111111100001101010011101101
001100000001000100001010011010110111001101111100000100110001100011001111010000001001110000
000000000000111000010111100001010011011111101010001101101110000100100100100100001010000111
000000000001011110010011011100001110110001011100111111000011010000000000101010101011101101
000000000000101011010000101010011000101111000010001111100010011010001110010000101100100011
000000000011001111100011000100111000100110110011001000010001110100111111001111011010110110
000000000010100001110110011110101100110000110011100101101001001000111110110001101001001110
000100000011000011101100111101000111101111100111110000000101100100111101111000110110100110
000000000000111011101010111010001110010100010111001010101100101110100110110111000011000100
000000000000110110011111110111010000111100011000010011100000111101000110010010101111001011
000000000000011000011101111011001101110011000100001010000001101111111001011011010011101100
000000000010011001010011000001111100100110010011000011000111101101100110001100000001111001
000000000001000110101010101100111111010111101101000011100110101101001010111000100101001110
000000010011100111011000111101010010001101010010010000110101100100101110001101100111000000
000000011011111001111110000010010010001110111000001001111111000110000110110011100110011011
000000000000011100110010101011001000101001011000001001110111111100011001000011010110101110
000000000000010011110001110110101010100001110111110110000101101010010010110010110011110100
000000000001100001010011100001101111000010011111011010000011111100110001010101100001010011
000000000000100111001101001001111001001011101001101010000010101111110010011110101010111111
000000000011001001101101100001110000110110101011101011001001010011011000000101111011110110
000000000000101111001101010101100101101011110000011100110101011000101101010100110010000101
000000000011101101001011101001001111100001001100110110001011000001000000000100111111101111
000000000010101000111010111101001001011111010111010100000110101000010101000110100100111110
000000010001111001111100001001010011011111011111001111000001110011100001000111101011100101
000000000010110100101010101101101010100010111011101001011110001010100101110100111000110100
000000000000011100101000001000001111110011010111100110011111111100100111110010001011011100
000000000000010101000110110110011001010111101000110010000110010010011010101000001101101001
000000000000110010111111011110010110100000101101111011011110000100110111100001100100001101
010000010001011010110111101111100101111110111110111010000010000000010101110000111010101101
000000001001011110101100000101001001111111100000011000000010111110100010100010010001110010
000000000001001011111100011010011101000100011000111011111110001100000111011101001101111001
000000000011110000000010110010111101010010001010011001110011010101000010101100011010111000
000000000001111011000011010011101100111001011010110100101110100010011100000010100111101001
000000000011111100100010010111011011100010100110110111000001010001000101111001010101010001
001000000000110101111111000111101011101000111011101101101101100101110000001100111111111101
000000000010111010110000100110000001001101100101001000101101000111111111011100100011111101
000000000001110100101100110000010011111110111001010011100111011110011011011000011100010010
000100000000010011010111000110101100010011110101010011100111110111000101001011001000010011
011100000000101101110100100011101101000001110010111000101010010011010001100010110001011111
000000000000101010010011100101010111010010101101100100101010101111100100000011000110111111
000100000011100110110110010110001011110110101100100011011111001011000000011110111101101001
001000010011001111000001001111001010010100001100000000001011001000010010000001100001111111
000000000010111110000010011001100111110001111000110011001111001100111101010101111111100101
000000100001011001101100001011000010000110010010101110001111001011100110100101110010110001
000000000001111001101111000001000100110011100011000100101110111000010110010001100100100110
000000000010000110001110011010011011101011010010110101001100110111100001000110100000001111
000000000000111011111011101100000010011100001110000111111000011100011100110101101111101000
000100000011100011000101110110100111000010110001111110110011001011011101001000010110010111
000100000000100111110100001001110000010101000011011010000101101111000101110111111010111001
000000000010110111100001111000001101011111000101111101101011110110001000110110001101110101
000000000000100111010111100101110010001100000110110101000101000011010000110110101101110011
000000001000001000100011000010000001101011011101110001111000010111001111111001100010110110
000000000000011010110110100000001010111100100110001100010000011010000000110110101111001011
000000100010100000011010111000100100001110110101110001001101000000011111110000100111001011
000000000011101010001000111011110011000101011010001010011001101100101001101100111010100111
000000000010110011111111100010000111110110110010011100010011010110010010110011010010111000
000000000000101011100100111100101100001010011111110010111110100011101110001111101101001011
000000000011111101110111010110110100110010001000110110101000110010000110010100000010010111
000000001010000000111110100001110111101010100001011001100110100110100110001010010100111110
000000011001010110001001010001010110110010101011001111011011000000000011100010000110000001
000000000011100111111110110100100011001100100111010001011101010001001101110010011111010100
000000000001011110100111011111001000010011111010001111100001110100100010001000111101001001
000000000001110001111010100000100111001111000010000000111000111111011101001010001001011111
000000000001101100111101100100111111100010010101111010000000010001101010111011000000101001
000000000011110100001100101010001000110101100000110011100011000101100000101100101000111010
000000001000010100111110101111001000010110101101011111010001000101101011010001111010110010
000000000011001011100101000111101110011010111110101010100111110110101001001101011110011110
000100000001110110111011011100001000100100101101110001100110111101101100011101101001110101
000000000001011110011111010011110000011111111111111000100010100111001011000001101110100101
000000010000110100111001101101001011101010011011001110011100000010101101110000000010011010
000000000001010110001100101110111110001101001010111010000100101000111011000001111001111000
000000001000111011011100101101000001101011000000000000111101110011011000111011000111001011
000000000000110010101110001010010110001101000011100011011011110111110001101111100010000111
000000000001000111001010100010100100101111000111101011001101100000101001001010111010100100
000000000000101000111111000000111111111101011110100010010101001001001010110100000010111010
000000000001011111000111101110111000110001000111001001010001110110001111011110000111001011
