000101000000010001001001100010000101
000000000000010001110110010101110010
000001000000000010111000100100101001
000000000000000010011010110110111110
000100000000100010101100001001110110
000000000010011000010001111111001000
000100000100001000010011000000100011
000100000100001001001111011111111110
001000000110010011000101101010101001
000100000100000010001001100101011101
001100001100010000101101000011100101
001100000000000010011100010111000010
010000000010001000001011100001001011
000000000100001010000101110001110010
000000100000000001110011010011000010
000000010110000000011111011011000000
000000010010000000000000101010100010
000000000010010000001001000011100101
001100100100001001101100110011001000
000000000010001010100100010001000011
000000000010001000110100010000110000
000100000000001010101100011111111010
000000000000101010011011101011111010
001100010000010010111110111110001111
000000000110010000001111001100100010
000000000010000000001100110101111110
000001000100001001000011100000111111
000100000000010001010110100100001100
001000000000000000101001111000001010
000000000100000010101111101000010111
001000100010001000111011010110010010
001000000100000011100000000110100001
000100010000001000100100100101001001
000000000110010010101010100000101101
000000000000000001110001110110111001
001000000000010000101101010010110011
011100000100000000001001011000001011
000000010010000011011000100101000011
000000000000010010101011110000010001
001000000110001000110101101110111110
000000000110001000010100100000001011
001000000000001000111100110010001000
000100000000000010111101111001110010
000000000100010010101100111111110011
000100000000000001010001000111111110
000000000000000001100001100101010000
001100000000011011011111001110110111
000000000100001001000000110000001001
000001010000001010100010100000011100
010100010010000001011000101010100001
001001000100000000010010000100000111
001000010110000011001101110100010010
000000000110001010011010101111001111
000000000000010010101000111100001011
000000000000000001100101111001000111
000000000000000001111010110111001101
000000010000000001111010011001100000
001100100110000000011100101100011010
000001110100010011010000111111100110
000000000110000001000001011100010110
001100010010001000010001000100111110
001001010000010000011001010001101001
000110000000010000101100001110111100
000000000110011010000010011101111011
000000000000000010000110010111001001
011000000100011000101100101110101110
000000000000001001110101010000010011
000100010000000011010110100100000100
001000010110010011000011001110100000
000000000110000001110011101001110100
000100000000000001010111110111100101
001000100000000011000011011101011101
000000000000000010100011011000011110
000000000100000000110011110101111011
000000110010010011111100110010110111
000000000000000011000001010110111010
000101010000000010111110000011100110
000000000000011000001110001101010110
000000000010000000001101000111000101
000000000010000011111101100100110110
000000000110011001111001001011110011
000000000100000000110000011001110110
000000001000010001010100101111111101
000000000010010001111110000111000111
000000100100000000110001101100101101
000000010000001010011110101011001100
010000000000000011010011100101101000
000001010100011010100111111111100011
001000000100000011000111101001110100
001100000100000000011010010110101010
001100000110001011011010110000000101
000000000000101010010101100011111101
000000000110000000011010111001111010
000000000110011011100000011000011000
000000000000010010000000010011011100
000000000000010010100010110011010110
000000000000010001000010111011100010
000001100000000010001100111100111001
000000000000001000000101010111010011
000000100010000011100100101101000010
