0011001110010010111001111111101000111010011001010111111110100100110011101110001001110011
0010000000101111011011010111001010110010001110110001111010100101110111101011010001101011
0010000101110110000111000011010011001000000000101011111000000110110110001000110000101111
0000000000010110000000010010101011110010111111100010000101001000110010010100111111111101
0101001011010011100011010110101101101000010011011011100011110110001100010100000111111000
0000000011110111001011000000101010100011110101110111111001001110010011010111110110101111
0010001001011011001101110110001000111111001101111110010110000000000111110110110111101000
0001000111101010011110001001001101011111010100111100101110110000101011110110100011000100
0001001011101110111110011000110010110001101001101010010011110001111100010101111000101011
0010000101011001001101001010001101010110010110101101101011101010101010100100110000000010
0000001000011001101000001000001101100101010001110111110011100011100000011001001111010000
0000000100001010001111000110100000110110010100001100110110101110000110001110000100011100
0000000101000110011100110011010111100101001100001011011000101110010011010010110110101101
0010001001110111011110101110010111011111011101111010111010111000011100000111110010111100
0000010000001111000111011101100000110001101100011111100111001010111100111001000011101100
0000001100110101101001000001110001101110011010111000100110011110101010011001111001000001
0001001010111101011000010101001101010110100111111111111111100001101111101101101000111010
0111000111001100011011110111010010110001101000001101010011011100001001111010001100010101
0000000000000111111101111001010001111110010010010011010001011110111001101101011101011010
0011001111001101101001110110001011100001010111100111101110001101010110001111000010011100
0001000011000011111110010100100001100011110001000000000111101110111101100100110000000011
0100000011111010001111100110110110111111010111111001011110001101011000001000100110000000
0011000010011010001111101001001000001000111100010011000000001000100000011100000101010111
0001001011011110000110011110101111011010001000001000000001111010100111111111001100010010
0100001001110111000010111000101101100101010110101001101101010100111110001010011011100111
0000010001101111111001100010011011001010111011100100010110110111011100011110011101001110
0000000000110000100111011001000011111011010101100101100010011011000010110110111001001010
0001001011010010111011101001011100010010000100101010111111100001111000011100100010111011
0001001010111011111011011100001100110011101000000101010111100111010001111011100100001000
0010001101111000101100001111111111111011011100110110111110000011101011011101110001000100
0001001111010001111100000001110111011011010111101001010010111111101011010111010011011011
0011000001100010100000000100101000101001101000010100011011010000111010010010100000110011
0010001111001010110010110101011011011000001010000111010010000111011010010001011001010001
0010001110000010000110110010110001110110101000111100100000100010110111001011101000001010
0010000011001101101100111010010010100011110111000000001111110100011000110110101111010001
0010001010001111000001010011011001111000001101100100110001101101110100100101101101101101
0000001101111010011011010110110101111000101111011011101101010001000010000001000111011101
0000000000000011110101010111100100010110011101000000010100101111101000100111011001100010
0010000011101110010011011101011011100010100110110110001000010110110100101010010111110101
0010000101110001001010011101000110100110011100110011110100111111001111000000001101001001
0010001101101100100111001011011111110110010110000011010000011000001110110100101000110001
1001000111111011010110011011010010110101101111011101000100001100110101011010100010010101
0010000110100100010100100011100001101000010011011111010100111001100011010011001111101101
0000000000111101101010000000101110011110111101110100100100010111111000110011001101110010
0010001101010000101001100100010100110001110011111101000000000011111110000101100101110000
0001000001110100101111011011010101000001110110000100110010111100000111001001100111011111
0011001110110110001010010000010011001111000110001111010111001000111010100101011000001011
0100000011100001101011101001000100000110010001111001010100111000000011111111110011111010
0011000100111101100000000110000100111110100110000011100010011111011101010000100010010100
0001000001011110100011001101010000000111101101100011110111100110000010010101100000001101
0000001000110010111011000100101101010011011111011001001000000010000010000010010110110010
0000000100000110110000110111111001101001100111000100111001100110111001011111000100011011
0011000110011100000100110010100001110011010011011111000101001010110001001011010111100101
0001001011111111110100000000111110010110111111101010100010000011000010100101100011010011
0010000101010100011100111111010101101010100000001110101111001111111001111011100110101100
0001000011110111111000001100011010111011100101100001010011110100010001111111000110100111
0010001111110110100000000010010001001111101010111010010010001010110010011110111000011111
0011001010110110010011000000011010110111001101101011110010111010011101100011110010000111
0010000101111000010100100101011001111111110111111101000110100011110111101010110001101001
0001000011000110101001011111111001001010000001010011110100001001011000010001011101100000
0010001011110000000000110001110110001111110010101000111000100011110011101111001010101110
0001001111010000000010000101011110001001001101111001100001111100101010001000011001101100
0010000010010100001110001000110101111011000101000000111100101111111101110111001011001000
0010000001110010010101111000101000000000010011110010000001011101010001011111010101101111
0001001011110111010100110111101011100100110110011010000001010100111011101001010111101111
0010000010010100101010011100000011101110011011110000111110101101011011111111110010000011
0001000011101100011001110100111001110111001011010011001111000100101110111011001001000101
0000000000101010001011011011010100001110000010000001001000101111100011011100111100100100
0001001011001001000010101110000111100001011001100101110010110001111001011101101101110111
0001000011111110100110101000001111000110001111010110101000000100010000101111000101101011
0010000110101010110100100110010101111011000000110110010100011110110001011100101100110001
0000000000110110010000111100011010011110111001110010110001011011101110001000101101111010
0000001100011001101001010000011011101011000010001011000110010011011011010011000100001011
0011001001101110100011011011010111101100110000111011000011000000011000010111001011110111
0011001110000111111110100111010101101101111111000011100010100100000101111110001011010010
0001000010110001000101100101000100000001000000000010001111000000000110010101001010100001
0011001010100100010001100010100011010010011010100101110010101100100011000001011010110000
0011001001001100011100100110110100101001011101100110000011101111010011100110110110111101
0010000010110010011010011011101010111001111011010100011001001011100010001101111111100111
0101000100010110000100000001100010111100110001110100110101000010100110110101111010100111
0010001010011001100000001001011011001010100010000110110100001010011110011111010101011110
0000001100101101011100101111110000010101000110101001000100111111110101110110010000011010
0010010110110100000100110000101101110010111000101010000001110001101010100100100010101011
0000001000011010111011011100101010011000001111110100111001100110000101011101001111101101
0011001010011101110100111100111110110001101110001000001101101001100001110001011111101001
0000001000011001110100110000111010000010001001101011101001010110011101000011010101101100
0001000011100011101100110001011110010011001110110000011001000100101000010000100001011001
0011000010110010000110000001001001010111001011100000110010011010100010110111000010001001
0110010010001101101011010001000110110001010011110011100010011100100111010101000111110010
0011000010011001001110111011101011110001110110100011101101101100101000010001011011010010
0010001001101111011010110010000001011110001101111001100101010101101000110111000100000101
0001010001110100100100010001110101001100011010010101110000000000001101000010001001001011
0001001011100100011010111000001011000010010010111000001001110000111110010010011010011011
0011001010111100100010101101100011011101000110000110010011011100101011110011000101000001
0010000111001000000011101000000100110110100101101111010011000000111101011100111100101110
0001000011110001011111001011101001010100110101110110011111110111010010011011011101000000
0010001010000110000000001100110000100100011111110110001110101100111000100101011011000111
0010000101110011010011110010011011001001001111111110001010100010011111111101011100001001
0011000110110010011011101101100111001111101100101100101010100110010100000110010001000111
0001000111001111001010011100000011001100100101001101010101010101100011111011000101110110
