000000000000010010010100011100010101010110010001010101101100010010
000010100000010010111110011111101101100000000011111011010111010111
000000001000000010011010010011001001111110011100001110110000111000
000000000010000011111110000110000000111110101101101001010010001111
000000001010000000110010110001001011000000011101011011100000100010
001100000110011011111101010111000110111011000100111111100100001101
000100000101001011011100010111100000001110101001011111000000000101
000010010010000011101000000001111010000100100101011001011010111100
000000000010010000101101100000100011110101100010111011010000000000
001010000000000010101111001011111100011001001010110000011000010101
000000000001010011010111011110010011000101011110110110110101010000
000010000000000010101000011111010010010000111110011000110000100000
000010001100000000101111110001010011000001110101010001111011101101
000000000010000011011000001110110101101001000010111001001101100001
000100001000000011000101101010111011010111011101001000100001010110
000000000001001011011011101101001101101010101111100010111011110011
000000000100000001111111101010011010000011011111111100010011100001
000000000000000001101011001010110100011101000011011101100001000111
000010000000000010110100011111100111001011001011111111000011000101
000100000000000000111011110111111001000110101010010111110001000011
000000011000010001011111000111011011001110000001111010100010101001
000000010010011001001011000101110011100111111011011011011110001111
000000000001011010001101100010001101011110011001110110101111001000
000000000001001011000110101111011101001011000011001001010011100011
000000010011010000010100001010011011001110000011001100000110011011
000000000010001010011111111111111100010100101100110001110010011000
001000000001000011110000010000111010100100101111011110011110001000
000000000001000010001011111010110011000000100001011011101110101100
000000010000011010011110011100101000101110000011111000101101101101
000000001001000011111000110110111011011100011100010001010000100010
000000001100000001111000111100100010011100100111011011100000101000
000000000001001001010111010111000101111111011000010101001110100001
000000001100001010000010001011110101100111110100101000111101111100
000000000000000001100010101100100110011001001101000100001111000101
000110001100010011010001110111000100010011110010000111000011111001
000000000001001001000010101011001010000100010111101110110101001100
000000001011000000000000110000111010001011100010001001000000110101
000000001000000010010010111110001110010101100101000000101100010010
000100001000000000100110111101001100001000011001010101110011011000
000110001100000010001111011001011100101111110011010010100000010010
000010000000001001010111000100011001000101110111001110100011111100
000000000011000000011101111111001111001110111101110101011111100001
000010000000011011011000010111101110001010000000101100101110001000
000000000000000001001111111000011100011111000000110011100100010100
000000000000000001111101011010111111111010111100001000111100010010
000000000001000011010000100110001111101100001011111011010100100101
000010000000010001010000001100110010111011100010001110010001101001
000010000000000010111001101011011011011001000111000000000010000101
000000000000000011011001010000000000111110100010100010001110000101
000100000000011011000100010010001011111010010011000000000001110011
000000000000010010001010000100100010011101011101111011111100110111
000000000001011010110101010100100010001100100001101110011101111101
000010000001000001010010100010001101000101100100001111101010100101
000000000000010001100110101100000101011110000000100101010111011000
000000001000000010011101110010010101100110010101100010111101100100
000000001001001001111110010100011010001101100010000010000111100110
000010000100000001001111101111011010011111011001111100010100001001
001100000010000000000011001001100000111000110100111111100111110111
001110000110000000010010110001111101001011010011111111011101010100
000010000000001001011011110010001110101111110010101010010001111001
001000000010000010110001100100001110100110011011110000110011000110
000010000010000010010011101110000000000101001011110100010110011110
001000011001001011010111101000101101011111010110110001100000010111
000000000000000001110110111000100011100110101110100101011000010011
001100011110010011010010010110100110101011111010001011100011111111
000000000011000000010010000110000111001010110001001110001000011001
000000000000000001001000000000010010010011010000100000110010001111
000000000010000001100100000011010100101101100100001110001001100101
000010000010000010100111110101010001100001101110011110010001111001
000000000000000001110100011011100001110101000110001100011111111111
000000001000001001110010010111111101101010001110001110100100001101
000010001000000010111101100001000100000100010001110001100001011100
000000000000000001101110001010010100101000110011100000110011100110
000010001000000001000001010110010100110011101110101111101000101101
000000000010000011011100010101011001011001001101011000011111110000
001010000010000011111011110110101011000000101110100010000001011110
000000010000010001100100100100010110101001111010001111101000110000
000110000010000000011011010001001011100000101001001011110111111100
000000000100000001000000011000101110100111011111110111110101111101
000000000000000001100001111001100001001000110000110001000010010010
000010001001000010011010011011111101011100011110010111011100111110
000000000000010010011110001000001011101000000001001101010110001111
000000000000000011110110101010000111000010101101010000110000000001
000000001001000000001001001101000100100101100011011111100011101101
000100010100000000010100010100110110111010001101000110101110101111
000000000010000000101101110010001001100010110010000111000001010011
000000010101010011100100000010100001110010000100011011010001110000
001100010110001000000001011110010111010000001101111101101100000111
000000000000000001101001100010100000000101000111110001111110110000
001110000010001011111000000010100101001111111111100000001111101100
000000000000001001101101000110011110001001101011000101111010010110
000010000000000010110001010101000111101001010000001010001001000010
001110000010010000000110101001011111100010010111110010111100000010
000000000001000001101010111110011100010101111010011001110000000000
000010000000010001010001011101101100000000011110010001110001101100
001100000010011011111100101011111100110011111011101100010011011111
000000001101000000000110001001101001011101101001010110111111110110
000110000001001001100100011101101111010010001000111110000010101111
000000000000010010001100100110000011011000010011101011011010010100
000010000001000001010100110101101101010110110011000110011001011110
