0001001111100101010100100111101110110001000000010011011101
0000000000011110110010101111010100011111101101110100000111
0100000001111001010110011101010110101001010101111000101011
0000001100110111000001111110100101001000111110000011010110
0001000011100010111110001110110010000011000000001100111001
0010001010111001110000000001010010010010011111101110101101
0000000001000001111001101101011110011110000100001001000000
0011000011000011010000100011011000001110000000100011111110
0001000111010000000110001011111111010001011110000100010110
0010001000101100100110110011100001011110101101111100101101
0010001111011001110100000010010010110100010001110100100111
0001001011101100100010001001100000101101010000011101011101
0010001000110001001110000001110000110110011011011100011101
0000010001100101011011001101111100010111100100100011001000
0010000000100010010001011011101100000000111011101000101111
0000001000101110111011110000111001010101101000101101000010
0011000010001110110111100101000110001111010111101101101111
0001001011000111100111010000101111001101001011010110100100
0010001001010010110001100000010111010001010001101001110110
1010010101110101110110001110101110111111110100110010000001
0010000010011110010011101101110010010000101101000000000100
0010000001101010100100001100111100000111100110011111011011
0010001101111111100010000000000001000011010001001001010100
0001000010110110101010000000110000100100000100010001111000
0010000010111010000001010110100000000111100000001011101000
0001001111010001010000011111110011011010001100000010000011
0010001010000010101010100010001101000000010000100101010111
0000001000111111001111100000111100110110111100100101111010
0100000110100011110010010110000111001001000000101001010100
0000000001001001100111101111101010101010110100001001100011
0111000010101000111010101101111110010010110001111110111101
0010000101011110110100100010011001101100100111010011000101
0000000001110111111000000100101000001010010001000001011010
0110000101000101111001100001001100101110110100110000111001
0010001110000111111001000011000001011010110000100111000001
0010000111001100101001010011000100100100000001000011010010
0000000000011000011001110101100000001010001101001100001000
0000001000001001011011111100001101110001001010010011100111
0000000100101111010011000011001001100000000011100000000110
0010001011001000011010011100010110010011001001011111010001
0001000111110001000100000011110001100110100110100111000010
0100001010010100001110110100111101100001000111001001101101
0000000000010101111011001001111110000001101010010010010110
0001000010111110001101001111010000100001101111101010110110
0010000101101001001011110111110001110011100001000111100110
0001001010110110010111101010000001011001111010111010011001
0000001100010100000100011111100111100000110110001111010101
0000001000010100111001110110110100101101110001101000101101
0000000000000101110101111000011010011000101111001001101011
0001000001000101110000110111001111010111001001001011111100
0000000100001010010010101111001111000110100011010110100000
0000011001010111000100010100100111100101010111101001101110
0001000011111100111101000000011100001111001100011100000010
0001000111111101011010111110100101011011111001111011101100
0001001011110001011110010011100000011111010010100001001010
0001000011100000010110001101101000000011100111101011010001
0011001011001100000110011110100111110000100010101011100100
0001000110101111001101001110001101101000000011110010111000
0011001001101001001101111100101000111011101111101000101101
0010001001101001000101001000100011001101110011000010000100
0010001001000110111011011111100110011110110110001000101010
0110000001111110010011110011010100000110000100110110111011
0010001001100000011001010101000101001101111011111111100000
0110001001010101110011001100110010101011010111010100110001
0000001000000011000101001101010101000100000111011111110111
0001000010010001100111001010001111010011000100010000011010
0001000111110001010011110111001011011101110100010011001011
0010000001110010100100011100110010100001000000001001010101
0000001001010010111001000000001100101101011010111100010010
0000001000111111100001011011101010110100010000101101100001
0000001100010111011000001011010011011010111000010110111001
0100001001001000100100011101101000101000000110100100010101
0001001011000110011001101010011011011110011011100111100011
0010000001101101111110101000100100001100010011101000101111
0001000111110101000100011101111111110011110001011101010101
0011000001111101100010011010101100011001010000001101111110
0010001111101010100000110111100100111110101000011110010010
0000010001011000000100111111110100010101100100010111001100
0011000010000111100101100001010000101011011101001101100101
0000000100000000100011100100001101110100101110011111001000
0001010111100100111011001010001111100101101100011100111000
0000001000001001010111111101010110110010011100011000111011
0010000010011110110011110011111100011001000001111011011100
0100000011111100000101100010100011111000000111001001000011
0000001000101010000000001010101110110011010001000011111010
0010001101001100110100011100101011000000010110010011110010
0000000001001100010101100000010100000111100100010111110010
0010000000101100011001011010000000110101101111010100110110
0010001011010010010011010001000000000111100101011010011011
0011000000100000110000101000111111011001110010011101111011
0010000110110001010101111100101111111011001000110000010011
0011000111100000100110001010011111111010111110000101001111
0010000010111001010100000111111100100100011001010111001001
0010001110000101001011100111101011001101111101100101000000
0010001011111100110001100100100011100011010101010010101100
0010001110011110000101000010101010111111111010010111000110
0000001000011010011000100111010101100001010110110100111110
0000001000111110111010010001100100100100101001110011110010
0000000101001011111000010010001001011110101110001110100110
0000001100000011101010101110000100110101011000110000100111
