0000000000000100010110110001111100101101000101000110000111111001011110110000110010000010100010110110
0000010000000100010110100001010010110101101001101000001110000001000001100111011101000101011010111010
0001000000100010011011100000001010010011110001111110101111010010010101011011010100110001111000001100
0000010000001001001110000111110010011001010000101111001111111110001000101111010111010111101011100011
0001000000110011000100011101110111010000100111110100000001111110101111010010101111100101000110000101
0000000000000111010110010000110101010010100101100111010110010111110011000000010110000101110111000101
0000000000011101100010001001101011101010101111001011011101011110110011100010110001010111101101111001
0000000000111010110001100010111001110000100101001101010101000111001110001110101000101101100011101000
0000000000110001000100101001100101001000010111111111100100001101100001010100111010101001000100010100
0000000000000010000011111000001000011110110101010101111000101100100010100001101011100000111110101000
0000100000100110101100100001111001011111000100000100010001010010111110101001011100010110011111110101
0000010000000100010101010011010101001111010011011001001000010110000011010010011111100011010011110100
0000000000110100011011110110011011001111011010001000110010000001111001010010000010101101101111011001
0000000000000000011110110100011101001100100000100101001011111011100110101100111110110001001001110101
0000000000001000000000111110001011000001101101111101000001001100101111111100111111000111010000101111
0000000000100000001110111000110110010010010011100110111011110010000010011010010010110101110101100011
0000010000000100000101010011111111010010100101000011100111100011111111110100101011110110101000011000
0000000000000000010111001100100010011010111010010111111011100000101110101010011010101100111111111101
0000010001000101000101001100000110001101101100110010101000110110101101100110111010101101111111010000
0000000000100010110111110110111100100001101000111011111100001000110000111010101101010010100101010110
0000000000000001000100110011010101111100110001011000100011010101100110010000101011000111100000101111
0000000000000011010100001100110111001011001101100101000001001100110001000111110111111000110000110000
0000000000000000001011011010010001110110110110001110011000010000111010001100000100011110101100010010
0000000000000101011101100110001100100110010101011011100001011001000010010100001110011101011001000011
0000000000000011000000001101100000110110001000011100100000011100100010011000111101010111101011110101
0001010000000110000011001010101000111111110110011101010111011100001110011000000110000000011100001010
0000000000000101010100011011001010110110010111101100000110111000111100100100010101110011110100010111
0001010000000100001001101101010111111101010001010001101111001110101010011100111111011001110001110010
0000000000000111000110111101111111111011011001011000000101110101011110111111100100011000100100001011
0000000000001010000001000000111011111110101101001111110101111100100001101001110001010010010101000100
0000100000001000101110011111100101111100000011001001011001111100110100000000100001001110001011111001
0000000000000111010110010010100011010101101010110111101110100111110111111111001010111010001010110100
0000000001000111011000110110100000111011101110000100000101010010101110010111000100110010001111010101
0000000000000110010001101011011001010111110110011010011001001010010111100000010100001110001010111100
0000000000001000000011100000110111111100111110110111001000111100010000010101111000010000110111001110
0000000001000110001001010000000010111010000010000111000101011110000001101010110000110101111000000000
0000000000000100101001101110100110001110011001011101001001011001000000011000000100111100110101011010
0000010000001010110001001010011100010001100010001001111000011110001100101011010000111000110100001011
0000000000000111000010101000100001110010110011101101100011101101010000001110101001001101101111000010
0000110000000010011100010101110010000011100101100111000001001101101011101111101010111001110001001010
0000000000000100000010010000000101100001101111111101100010011100010100001101110010010001100111111011
0001110000111101010000000001111001001011100101010010010110010100110110111001111101010111110101000111
0000000000110010001011101101011100011011011100111110000000010001011001110101100001000110100100111010
0000000000000001101000110010110100001110000001100101110011101101010010100111010001111110110010000111
0000010000010001000010100110010110011110110000010101011110011010011111100010000100101011111110111001
0000000000010100000101110011011111011101011111010000110100100101100101000000001000101001011000001001
0000010000000001000101110110011001001110100110010011011110100011000010110010101001001000101000001100
0000010000100000001010100010000001011000000100000101110011101101001100101001111101110011111101010001
0000000000110000000011000011110111001000100101100010110011010100011000011101100111010101000001000000
0000000000000001010000101011101111011000110000000111101111000010010101101101110100011010011100010011
0000110000001010010101100110100100100100111010101110111111110101101011011100110110000110001000111001
0000000000000010111111110011101110010101100110010110100010101011000111000011111110100100000010111011
0000000000000000010111010000001111010100010101111011000101100000101100100100011101010110011100110010
0001000000000111101000111100011010001010001000100011100100001001000101010000010111111011100011100000
0000100000000111010100110110111110111111001010011010101001000000110001110110011010010010011001100001
0000000000101110001011111111111110100111000111100110011100100001011010101110000000010100010100000000
0000000000100100001110110001100100100101000011111100110011000011000101100110001000101110010011011101
0000010000000000001111010110110010101111011011110111000011110000100110000100000000000011011011001000
0000000000000101110100001010001000110111110000001100101010010111111110110110000111100101000101001001
0000010000001010111001110001000010101001110011100011010101101001100001111100010110111011001010011111
0000110000000001011001100111110111101001010100011000011011000011010011010100111000010010111011011001
0000110000000010010110011100010010111010101000101001111011110000111110101111000000101111000001011011
0000010000000011000110001000101001100111001010100010101001011010010100101110011101011100000000101000
0000110000100000101110010100110110001100001101000011110111110010110101111011010101000111011101000100
0000000000110101101100001101000011001110011000000101111001011011110100010000110101111100001111100001
0000010000010000000001011010101001011100010110001100001001111001111111001010101110000001000000111101
0000100000100111001011001011100100000100010011100101010110001101101001011001100001111111001010111001
0000000000000000101010101111011100000101011000110110110001011100111011101101100000111100011100000010
0000110000010011011011101101000100010001001111001101110010100100110111110011000000001101111011001100
0000000000000001110001011001011011010000101111110100110110100111111010111110010101110001000111000011
0000000000001000100010100100011100000001111101100110111110001010010011000010100001110111111100100000
0000000000000011001100000010000100011010110110001010010010001110001011110100100111110101010110111101
0000110000001000100011101111011011000000000011101010101010011111100010110001101110111100001011111101
0000010000100101010110000101001101001001000100111010111101110111111111000010100101010001010100000011
0001010000001100001101011111101111100011011010010010011110100000001010101011110000111100010011001110
0001000000100110010000101110101011000100100000001101010001100011111010101100111101110011010010000000
0000100000010101011011000110010001000010001001000001111101000110100010010010110111101111110111111110
0000110000001000010001111110001011111010101111100011101011001000010001110011001000011101111110001100
0000000000100001000001000111011001010110110101010001011001010011000101010100100001001010001101110000
0000000000110101000011101001101010111101000011111100111011111001100001110011011110101111100110011111
0000000000100001000101000111011001011001010111000100001111010010001101000011011111011111001101111010
0000010000100101001010100010100110010101101000111111100110011101110100110100100101101001010101011100
0000000000010100000110100001010101110101000000001101101001000111001000001111111100111101011011101011
0000000000010110011101010001101101110101100001110110011011001011100101000000110111111100110111100011
0000110000000000000010010111100000110000100000101101011110001101001110000111100100111011011000011100
0000000000001000000010101111111111101011111111000011000101111011101110101000100001101000100111110100
0000000000001010101011010110111000001000110100101000101011001011101000010010100101101001010010111101
0000000000000111000110010111010100100010000100100101010011100011001011111001111111001110111010000010
0000000000000100101110010101000110110000011100101011111010011101000101000101111100010111100010011010
0000010000001010101001101100100010001010100100110001101011010011100010010100111000001010011010010011
0000110000000100000010111100101001110110100111100101000110011011111010111110101101101110010011111100
0000000000010001010100110000010000000110001100110011110100001011010101000011001000010001000101111100
0000000000000001010101010110101110101001100101111010011110010101111001010100000100111100000111110011
0000110000101010000101111100111101011001101011110000010011110100111000100100111110101000101011010100
0000000000000001000100111100011010010000111111101001010010110100011100101011000111011101010000001100
0001010000010011000100110101010001100010101101100001110110000111100111100111100100010110011101111000
0000010000100000011010101000110000010100011000110101011001110010010100101101101001100101101101010011
0000000000010010000101000011001101110011000011001000111110101000000110111101000111001100101001111100
0000010000100001011001101001010000110010100011100110010001100011110110100001100001001100010101100101
0000000000100000110010111011010010010010101000000010010111110110011101110110101001000111000000110101
