0000011111100001001011011111
0000000010100101111111011001
0000000011000100000001101110
0000000010101011000110010011
0000010010011110010000000000
0000001010010111100010001110
0000000000110001000110101010
0000010101111001001111101111
0000000000100011110100111000
0000000011001000101100101000
0000000011000100001010001100
0110000001000110011111111110
0000000010011111000001000001
0000000010001011101011101111
0000000000110100110010110000
0000000001000100000011010000
0000000010110110000110111011
0100000000010000111101010110
0000001000011010010100111010
0000000011011011001001100011
0000001110000101111110101011
0000000011110100001000101101
0000000011010010001100011111
0000000001111000001111111011
0000001111101111101110011100
0000000010010111110101011000
0000000011100100110110011100
0000000001011011101101011101
0000000011100011100011010000
0000000001111100111101011101
0000000010000000011100001101
0000000010001100111110110001
0000000011101100101010100101
0000000011011011111000000100
0000001011101110011100001010
0000000000010000101010000001
0000000000100010101000111101
0000000011111001101011001100
0000000011101000111110000100
0000000001101001101001010010
0010000000101010001110010110
0000000001000110000100001010
0000000010001111100101101000
0000001001000110101111000101
0100000000110001101111000110
0010000000101100101101011011
0000000010011010000001010000
0100001010111100100100101001
0000000010000010100101010010
0000000000101110100100000000
0010000011001010101011100000
0000000000111010100101111010
0000001001001101110001111000
0000000010100010100000111010
0000000000001010101000100111
0000000000001011111010110101
0000000011010110101110110000
0000000000110000001111011001
0000000010111111111010110011
0100000010101100101110100011
0010000010111100010010001101
0000000010100001011011000000
0000000001100011010111010010
0000000010010000100101101111
0000000001110100011001111010
0000000000101010111000100010
0000000001110111000111101001
0000000011011001010101100000
0000010011011001010101110010
0000010000100010011110000010
0000000001100110110110010010
0000000001111000000001100111
0000000000001110101010100110
0000000010100111000000100011
0000100001101011110000010111
0000000011000101110001100101
0000000010001100100010000101
0000000001100001001111000000
0000000000000100011000001010
0000001000001001101111000110
0000000000010101101001110101
0000010001011011011011001001
0100001000000100000000011101
0000000001101001001110100101
0110000001101110111001111101
0000000011110001011001111110
0000000001101100010110001111
0000000011011001001100110100
0000000000100011010101110101
0110010001101011100000000100
0000000000000100100100000100
0000000001010110111101100101
0000000011101101101110010011
0000000001101110110101100101
0000000001000111000010001010
0000010010011000001111001110
0000000010010011110101010101
0000000011000011101010001101
0000000010100000101110101100
0000000011101000100110100000
