01011001101100101010000111100100001001011001000011110100000010110111011011000011010110010110110010000001100111001101010100000010101000101101101010100001101011001001000001
10011001101100101010000111100100000101011000001010110100000010110111011011000011010110010110110010000001100111001101010100000010101000101101101010100001101011001001000001
11011001101100101010000111100100001000111000000010110100000010110111011011000011010110010110110010000001100111001101010100000010101000101101101010100001101011001001000001
11011001101100101010000111100100000001011000000011110100000010110111011011000011010110010110110010000001100111001101010100000010101000101101101010100001101011001001000001
00011001101100101010000111100100000100111001000011110100000010110111011011000011010110010110110010000001100111001101010100000010101000101101101010100001101011001001000001
01011001101100101010000111100100001100111001001011110100000010110111011011000011010110010110110010000001100111001101010100000010101000101101101010100001101011001001000001
10011001101100101010000111100100001001011001001011110100000010110111011011000011010110010110110010000001100111001101010100000010101000101101101010100001101011001001000001
10011001101100101010000111100100000100111001001011110100000010110111011011000011010110010110110010000001100111001101010100000010101000101101101010100001101011001001000001
11011001101100101010000111100100001100111001001011110100000010110111011011000011010110010110110010000001100111001101010100000010101000101101101010100001101011001001000001
10011001101100101010000111100100000100111000001010110100000010110111011011000011010110010110110010000001100111001101010100000010101000101101101010100001101011001001000001
00011001101100101010000111100100000100111000001011110100000010110111011011000011010110010110110010000001100111001101010100000010101000101101101010100001101011001001000001
00011001101100101010000111100100000000111001000010110100000010110111011011000011010110010110110010000001100111001101010100000010101000101101101010100001101011001001000001
11001011101100101010000111100100000000010001000010110100000010110111011011000011010110010110110010000001100111001101010100000010101000101101101010100001101011001001000001
11011001101100101010000111100100000001011000001011110100000010110111011011000011010110010110110010000001100111001101010100000010101000101101101010100001101011001001000001
10011001101100101010000111100100000100111000001011110100000010110111011011000011010110010110110010000001100111001101010100000010101000101101101010100001101011001001000001
01011001101100101010000111100100000100111000001011110100000010110111011011000011010110010110110010000001100111001101010100000010101000101101101010100001101011001001000001
11011001101100101010000111100100001101011001000011110100000010110111011011000011010110010110110010000001100111001101010100000010101000101101101010100001101011001001000001
11011001101100101010000111100100001101011001000010110100000010110111011011000011010110010110110010000001100111001101010100000010101000101101101010100001101011001001000001
00011001101100101010000111100100001001011001000010110100000010110111011011000011010110010110110010000001100111001101010100000010101000101101101010100001101011001001000001
00011001101100101010000111100100000100111000000011110100000010110111011011000011010110010110110010000001100111001101010100000010101000101101101010100001101011001001000001
10011001101100101010000111100100000001011000001011110100000010110111011011000011010110010110110010000001100111001101010100000010101000101101101010100001101011001001000001
11011001101100101010000111100100000000111000000010110100000010110111011011000011010110010110110010000001100111001101010100000010101000101101101010100001101011001001000001
10011001101100101010000111100100001101011000000011110100000010110111011011000011010110010110110010000001100111001101010100000010101000101101101010100001101011001001000001
00011001101100101010000111100100000101011000001011110100000010110111011011000011010110010110110010000001100111001101010100000010101000101101101010100001101011001001000001
01011001101100101010000111100100001001011001001011110100000010110111011011000011010110010110110010000001100111001101010100000010101000101101101010100001101011001001000001
01011001101100101010000111100100001000111000001011110100000010110111011011000011010110010110110010000001100111001101010100000010101000101101101010100001101011001001000001
10011001101100101010000111100100001100111001000010110100000010110111011011000011010110010110110010000001100111001101010100000010101000101101101010100001101011001001000001
00011001101100101010000111100100000100111001000010110100000010110111011011000011010110010110110010000001100111001101010100000010101000101101101010100001101011001001000001
11011001101100101010000111100100000100111001001011110100000010110111011011000011010110010110110010000001100111001101010100000010101000101101101010100001101011001001000001
11001011101100101010000111100100000000010001001011110100000010110111011011000011010110010110110010000001100111001101010100000010101000101101101010100001101011001001000001
01011001101100101010000111100100000000111001000011110100000010110111011011000011010110010110110010000001100111001101010100000010101000101101101010100001101011001001000001
10011001101100101010000111100100000000111000001011110100000010110111011011000011010110010110110010000001100111001101010100000010101000101101101010100001101011001001000001
01011001101100101010000111100100001001011000001011110100000010110111011011000011010110010110110010000001100111001101010100000010101000101101101010100001101011001001000001
10011001101100101010000111100100001101011000001011110100000010110111011011000011010110010110110010000001100111001101010100000010101000101101101010100001101011001001000001
01011001101100101010000111100100001100111001001011110100000010110111011011000011010110010110110010000001100111001101010100000010101000101101101010100001101011001001000001
00001011101100101010000111100100000001110000001011110100000010110111011011000011010110010110110010000001100111001101010100000010101000101101101010100001101011001001000001
11011001101100101010000111100100000100111001000011110100000010110111011011000011010110010110110010000001100111001101010100000010101000101101101010100001101011001001000001
01011001101100101010000111100100000000111000000010110100000010110111011011000011010110010110110010000001100111001101010100000010101000101101101010100001101011001001000001
10011001101100101010000111100100000101011000000010110100000010110111011011000011010110010110110010000001100111001101010100000010101000101101101010100001101011001001000001
00011001101100101010000111100100000000111001001011110100000010110111011011000011010110010110110010000001100111001101010100000010101000101101101010100001101011001001000001
11011001101100101010000111100100001100111001000011110100000010110111011011000011010110010110110010000001100111001101010100000010101000101101101010100001101011001001000001
00011001101100101010000111100100001000111001001011110100000010110111011011000011010110010110110010000001100111001101010100000010101000101101101010100001101011001001000001
01011001101100101010000111100100001100111000001010110100000010110111011011000011010110010110110010000001100111001101010100000010101000101101101010100001101011001001000001
00001011101100101010000111100100001001110001000010110100000010110111011011000011010110010110110010000001100111001101010100000010101000101101101010100001101011001001000001
10011001101100101010000111100100000000111000001011110100000010110111011011000011010110010110110010000001100111001101010100000010101000101101101010100001101011001001000001
10011001101100101010000111100100001101011000001010110100000010110111011011000011010110010110110010000001100111001101010100000010101000101101101010100001101011001001000001
10011001101100101010000111100100000000111001001011110100000010110111011011000011010110010110110010000001100111001101010100000010101000101101101010100001101011001001000001
11001011101100101010000111100100000000010001001011110100000010110111011011000011010110010110110010000001100111001101010100000010101000101101101010100001101011001001000001
10011001101100101010000111100100000100111000001010110100000010110111011011000011010110010110110010000001100111001101010100000010101000101101101010100001101011001001000001
11011001101100101010000111100100000101011000001011110100000010110111011011000011010110010110110010000001100111001101010100000010101000101101101010100001101011001001000001
01011001101100101010000111100100001000111000001011110100000010110111011011000011010110010110110010000001100111001101010100000010101000101101101010100001101011001001000001
11011001101100101010000111100100001101011001001010110100000010110111011011000011010110010110110010000001100111001101010100000010101000101101101010100001101011001001000001
01011001101100101010000111100100001101011001001011110100000010110111011011000011010110010110110010000001100111001101010100000010101000101101101010100001101011001001000001
11011001101100101010000111100100000001011000001011110100000010110111011011000011010110010110110010000001100111001101010100000010101000101101101010100001101011001001000001
00011001101100101010000111100100000001011000000011110100000010110111011011000011010110010110110010000001100111001101010100000010101000101101101010100001101011001001000001
11011001101100101010000111100100000000111000000010110100000010110111011011000011010110010110110010000001100111001101010100000010101000101101101010100001101011001001000001
00001011101100101010000111100100000000010000000010110100000010110111011011000011010110010110110010000001100111001101010100000010101000101101101010100001101011001001000001
01011001101100101010000111100100001000111000000010110100000010110111011011000011010110010110110010000001100111001101010100000010101000101101101010100001101011001001000001
10011001101100101010000111100100001101011000000011110100000010110111011011000011010110010110110010000001100111001101010100000010101000101101101010100001101011001001000001
01011001101100101010000111100100001101011001000010110100000010110111011011000011010110010110110010000001100111001101010100000010101000101101101010100001101011001001000001
01011001101100101010000111100100001100111001001010110100000010110111011011000011010110010110110010000001100111001101010100000010101000101101101010100001101011001001000001
11011001101100101010000111100100000101011000001011110100000010110111011011000011010110010110110010000001100111001101010100000010101000101101101010100001101011001001000001
11011001101100101010000111100100001101011000001011110100000010110111011011000011010110010110110010000001100111001101010100000010101000101101101010100001101011001001000001
00011001101100101010000111100100000001011000000011110100000010110111011011000011010110010110110010000001100111001101010100000010101000101101101010100001101011001001000001
11011001101100101010000111100100000101011001001011110100000010110111011011000011010110010110110010000001100111001101010100000010101000101101101010100001101011001001000001
01011001101100101010000111100100001001011001001011110100000010110111011011000011010110010110110010000001100111001101010100000010101000101101101010100001101011001001000001
01011001101100101010000111100100001101011001001010110100000010110111011011000011010110010110110010000001100111001101010100000010101000101101101010100001101011001001000001
10011001101100101010000111100100000100111001000011110100000010110111011011000011010110010110110010000001100111001101010100000010101000101101101010100001101011001001000001
01011001101100101010000111100100000101011001000011110100000010110111011011000011010110010110110010000001100111001101010100000010101000101101101010100001101011001001000001
01011001101100101010000111100100000001011000001010110100000010110111011011000011010110010110110010000001100111001101010100000010101000101101101010100001101011001001000001
11011001101100101010000111100100001001011001000010110100000010110111011011000011010110010110110010000001100111001101010100000010101000101101101010100001101011001001000001
00011001101100101010000111100100001000111001001010110100000010110111011011000011010110010110110010000001100111001101010100000010101000101101101010100001101011001001000001
00011001101100101010000111100100001100111001000011110100000010110111011011000011010110010110110010000001100111001101010100000010101000101101101010100001101011001001000001
10011001101100101010000111100100001000111001001010110100000010110111011011000011010110010110110010000001100111001101010100000010101000101101101010100001101011001001000001
01011001101100101010000111100100000001011000000011110100000010110111011011000011010110010110110010000001100111001101010100000010101000101101101010100001101011001001000001
01011001101100101010000111100100000000111000001011110100000010110111011011000011010110010110110010000001100111001101010100000010101000101101101010100001101011001001000001
00001011101100101010000111100100001001110000001010110100000010110111011011000011010110010110110010000001100111001101010100000010101000101101101010100001101011001001000001
11011001101100101010000111100100001001011000001011110100000010110111011011000011010110010110110010000001100111001101010100000010101000101101101010100001101011001001000001
01011001101100101010000111100100001000111001000011110100000010110111011011000011010110010110110010000001100111001101010100000010101000101101101010100001101011001001000001
11011001101100101010000111100100001100111000001011110100000010110111011011000011010110010110110010000001100111001101010100000010101000101101101010100001101011001001000001
11011001101100101010000111100100001001011000001011110100000010110111011011000011010110010110110010000001100111001101010100000010101000101101101010100001101011001001000001
11011001101100101010000111100100000000111000000010110100000010110111011011000011010110010110110010000001100111001101010100000010101000101101101010100001101011001001000001
00011001101100101010000111100100001100111000001011110100000010110111011011000011010110010110110010000001100111001101010100000010101000101101101010100001101011001001000001
00011001101100101010000111100100001100111000001011110100000010110111011011000011010110010110110010000001100111001101010100000010101000101101101010100001101011001001000001
01001011101100101010000111100100000100010000001010110100000010110111011011000011010110010110110010000001100111001101010100000010101000101101101010100001101011001001000001
10011001101100101010000111100100000001011000001010110100000010110111011011000011010110010110110010000001100111001101010100000010101000101101101010100001101011001001000001
01011001101100101010000111100100001100111001000011110100000010110111011011000011010110010110110010000001100111001101010100000010101000101101101010100001101011001001000001
01011001101100101010000111100100001000111000000010110100000010110111011011000011010110010110110010000001100111001101010100000010101000101101101010100001101011001001000001
11011001101100101010000111100100001101011000000010110100000010110111011011000011010110010110110010000001100111001101010100000010101000101101101010100001101011001001000001
01011001101100101010000111100100000001011000000011110100000010110111011011000011010110010110110010000001100111001101010100000010101000101101101010100001101011001001000001
11011001101100101010000111100100000100111001001011110100000010110111011011000011010110010110110010000001100111001101010100000010101000101101101010100001101011001001000001
00011001101100101010000111100100001000111001001010110100000010110111011011000011010110010110110010000001100111001101010100000010101000101101101010100001101011001001000001
01011001101100101010000111100100001000111000001011110100000010110111011011000011010110010110110010000001100111001101010100000010101000101101101010100001101011001001000001
10011001101100101010000111100100001001011000000010110100000010110111011011000011010110010110110010000001100111001101010100000010101000101101101010100001101011001001000001
10011001101100101010000111100100000100111001001011110100000010110111011011000011010110010110110010000001100111001101010100000010101000101101101010100001101011001001000001
01011001101100101010000111100100001101011000001011110100000010110111011011000011010110010110110010000001100111001101010100000010101000101101101010100001101011001001000001
01011001101100101010000111100100001100111001001011110100000010110111011011000011010110010110110010000001100111001101010100000010101000101101101010100001101011001001000001
10011001101100101010000111100100001000111000001011110100000010110111011011000011010110010110110010000001100111001101010100000010101000101101101010100001101011001001000001
10001011101100101010000111100100000001110000000011110100000010110111011011000011010110010110110010000001100111001101010100000010101000101101101010100001101011001001000001
01011001101100101010000111100100001000111000000011110100000010110111011011000011010110010110110010000001100111001101010100000010101000101101101010100001101011001001000001
