00001111110000111001111000101110110010010010000111111100110000100110011001010100010000000011110011110100000100101000111101101101000000000011110100101100100100010110001010100011001010001001100101000010000011011011110100111000010010
00010011110100101011111000101010111010011010000101110000001100100010011001010100010000000011110011110100000100101000111101101101000000000011110100101100100100010110001010100011001010001001100101000010000011011011110100111000010010
00010101110000100000011000101010110010001000000111110101111111111010011001010100010000000011110011110100000100101000111101101101000000000011110100101100100100010110001010100011001010001001100101000010000011011011110100111000010010
10111111100100011010011000101110110010011010001110111001010011000100011001010100010000000011110011110100000100101000111101101101000000000011110100101100100100010110001010100011001010001001100101000010000011011011110100111000010010
00001111100100110011111000001010110011000000001110000001101110101010011001010100010000000011110011110100000100101000111101101101000000000011110100101100100100010110001010100011001010001001100101000010000011011011110100111000010010
10101111110100001010111000101110110011011110001111110001100001100000011001010100010000000011110011110100000100101000111101101101000000000011110100101100100100010110001010100011001010001001100101000010000011011011110100111000010010
10111111101000101001011000001110111010000100001110110100111110110100011001010100010000000011110011110100000100101000111101101101000000000011110100101100100100010110001010100011001010001001100101000010000011011011110100111000010010
10100111100100010001111000001010110011000000001100000000110101101110011001010100010000000011110011110100000100101000111101101101000000000011110100101100100100010110001010100011001010001001100101000010000011011011110100111000010010
00000111100100110011011000101010110010000000000101010101110101100000011001010100010000000011110011110100000100101000111101101101000000000011110100101100100100010110001010100011001010001001100101000010000011011011110100111000010010
00000111101100010001011000101010111011001010001100010001011111111100011001010100010000000011110011110100000100101000111101101101000000000011110100101100100100010110001010100011001010001001100101000010000011011011110100111000010010
10110101111100010001111000101010110011000010001101110000101110101100011001010100010000000011110011110100000100101000111101101101000000000011110100101100100100010110001010100011001010001001100101000010000011011011110100111000010010
10111111110100010010011000101110111010001110000111111001101100111000011001010100010000000011110011110100000100101000111101101101000000000011110100101100100100010110001010100011001010001001100101000010000011011011110100111000010010
10101101110100001010111000101110111011000010000111010000001000011110011001010100010000000011110011110100000100101000111101101101000000000011110100101100100100010110001010100011001010001001100101000010000011011011110100111000010010
00010101101100001000111000101110111011010100001110100000110011110100011001010100010000000011110011110100000100101000111101101101000000000011110100101100100100010110001010100011001010001001100101000010000011011011110100111000010010
10110101110000011000111000101110111010011000000100000100100110000100011001010100010000000011110011110100000100101000111101101101000000000011110100101100100100010110001010100011001010001001100101000010000011011011110100111000010010
00011111110100100010111000011110111010000110001110100101110000000100011001010100010000000011110011110100000100101000111101101101000000000011110100101100100100010110001010100011001010001001100101000010000011011011110100111000010010
10111001111000111000011000101110111011010100001111000000111111101010011001010100010000000011110011110100000100101000111101101101000000000011110100101100100100010110001010100011001010001001100101000010000011011011110100111000010010
10111101111100010011011000001110110011000000000110000000000101110100011001010100010000000011110011110100000100101000111101101101000000000011110100101100100100010110001010100011001010001001100101000010000011011011110100111000010010
10111001111100010010111000101110110010010000000101101000101000000010011001010100010000000011110011110100000100101000111101101101000000000011110100101100100100010110001010100011001010001001100101000010000011011011110100111000010010
00011101111000000011111000001110110010000000001111101001110111011110011001010100010000000011110011110100000100101000111101101101000000000011110100101100100100010110001010100011001010001001100101000010000011011011110100111000010010
10100101110100000000111000111110110010001011000111100100100010010110011001010100010000000011110011110100000100101000111101101101000000000011110100101100100100010110001010100011001010001001100101000010000011011011110100111000010010
10110101111000010001011000101010111011011110001111110001101000111110011001010100010000000011110011110100000100101000111101101101000000000011110100101100100100010110001010100011001010001001100101000010000011011011110100111000010010
10100101110100111011011000101110110011000110001101010100101011001110011001010100010000000011110011110100000100101000111101101101000000000011110100101100100100010110001010100011001010001001100101000010000011011011110100111000010010
10101111101100101010011000101010110010010010000101001100001001010000011001010100010000000011110011110100000100101000111101101101000000000011110100101100100100010110001010100011001010001001100101000010000011011011110100111000010010
00000111110000001001111000101110111010101110000100110001000100101010011001010100010000000011110011110100000100101000111101101101000000000011110100101100100100010110001010100011001010001001100101000010000011011011110100111000010010
10100111101000010000011000101110111011010100001110100100100000101100011001010100010000000011110011110100000100101000111101101101000000000011110100101100100100010110001010100011001010001001100101000010000011011011110100111000010010
10111111110000101001011000011110110011000100001101010001010000010010011001010100010000000011110011110100000100101000111101101101000000000011110100101100100100010110001010100011001010001001100101000010000011011011110100111000010010
10110101101000110011011000011110110010001110000100111000011110000010011001010100010000000011110011110100000100101000111101101101000000000011110100101100100100010110001010100011001010001001100101000010000011011011110100111000010010
00001101111100101000011000111010111010001010000101010000111100100110011001010100010000000011110011110100000100101000111101101101000000000011110100101100100100010110001010100011001010001001100101000010000011011011110100111000010010
10101001101000011011111000001110111011000000001110001100110100010010011001010100010000000011110011110100000100101000111101101101000000000011110100101100100100010110001010100011001010001001100101000010000011011011110100111000010010
10111001100100101010111000001110110010000110000100100101000010001100011001010100010000000011110011110100000100101000111101101101000000000011110100101100100100010110001010100011001010001001100101000010000011011011110100111000010010
00001011101100001010111000011110111010010000000101010000100010100110011001010100010000000011110011110100000100101000111101101101000000000011110100101100100100010110001010100011001010001001100101000010000011011011110100111000010010
10110011101100010000011000101010110011011100001110000000011111111010011001010100010000000011110011110100000100101000111101101101000000000011110100101100100100010110001010100011001010001001100101000010000011011011110100111000010010
10110101100100000001011000011010111010000000000110001001011111101010011001010100010000000011110011110100000100101000111101101101000000000011110100101100100100010110001010100011001010001001100101000010000011011011110100111000010010
00010111101000011000011000001010111011000110001100110000110011011000011001010100010000000011110011110100000100101000111101101101000000000011110100101100100100010110001010100011001010001001100101000010000011011011110100111000010010
00010101111000101010111000111110111010011010001101000101011100100110011001010100010000000011110011110100000100101000111101101101000000000011110100101100100100010110001010100011001010001001100101000010000011011011110100111000010010
00000111111100111010111000111110110011011110001110001101101101011010011001010100010000000011110011110100000100101000111101101101000000000011110100101100100100010110001010100011001010001001100101000010000011011011110100111000010010
10100111100100000010111000001010111011001110001100111000000000011100011001010100010000000011110011110100000100101000111101101101000000000011110100101100100100010110001010100011001010001001100101000010000011011011110100111000010010
10111111110000111001011000001010110011011110000101101000010110111010011001010100010000000011110011110100000100101000111101101101000000000011110100101100100100010110001010100011001010001001100101000010000011011011110100111000010010
10111101111100111011011000101110110010000010000101101101010101000010011001010100010000000011110011110100000100101000111101101101000000000011110100101100100100010110001010100011001010001001100101000010000011011011110100111000010010
00010101110100100000111000101010111011000110000111111001101110010100011001010100010000000011110011110100000100101000111101101101000000000011110100101100100100010110001010100011001010001001100101000010000011011011110100111000010010
10110111111100100000111000101110110011010110000101111101101010110000011001010100010000000011110011110100000100101000111101101101000000000011110100101100100100010110001010100011001010001001100101000010000011011011110100111000010010
00011101111000110001111000011010111011110010001110001000011000100000011001010100010000000011110011110100000100101000111101101101000000000011110100101100100100010110001010100011001010001001100101000010000011011011110100111000010010
00010101110100010001011000001110111011011000000111111100001111000000011001010100010000000011110011110100000100101000111101101101000000000011110100101100100100010110001010100011001010001001100101000010000011011011110100111000010010
00011111111000000011011000001010111011001010001101011000100011011110011001010100010000000011110011110100000100101000111101101101000000000011110100101100100100010110001010100011001010001001100101000010000011011011110100111000010010
10111101110100011000011000101010110010000010001110000001100000111010011001010100010000000011110011110100000100101000111101101101000000000011110100101100100100010110001010100011001010001001100101000010000011011011110100111000010010
00011101111100100011111000011110111010011010000100000100100111000100011001010100010000000011110011110100000100101000111101101101000000000011110100101100100100010110001010100011001010001001100101000010000011011011110100111000010010
10100001110100110000111000011010111011010010000100110000011011110110011001010100010000000011110011110100000100101000111101101101000000000011110100101100100100010110001010100011001010001001100101000010000011011011110100111000010010
10101111110000110001011000001110110010001110001110011100011011000000011001010100010000000011110011110100000100101000111101101101000000000011110100101100100100010110001010100011001010001001100101000010000011011011110100111000010010
10111101110000110000011000001010111010000010000101101001001101011110011001010100010000000011110011110100000100101000111101101101000000000011110100101100100100010110001010100011001010001001100101000010000011011011110100111000010010
10101111100100101000011000101110111010010010000100010000100100101010011001010100010000000011110011110100000100101000111101101101000000000011110100101100100100010110001010100011001010001001100101000010000011011011110100111000010010
00011101111100111001011000101110110011011100000101101100001010011010011001010100010000000011110011110100000100101000111101101101000000000011110100101100100100010110001010100011001010001001100101000010000011011011110100111000010010
10101001110100101010111000111110111011000110001101010001110100110100011001010100010000000011110011110100000100101000111101101101000000000011110100101100100100010110001010100011001010001001100101000010000011011011110100111000010010
10111101101100001000111000111010110011011110001101111100010111011110011001010100010000000011110011110100000100101000111101101101000000000011110100101100100100010110001010100011001010001001100101000010000011011011110100111000010010
00011101111000101010111000001110111011000000000100011100010101011100011001010100010000000011110011110100000100101000111101101101000000000011110100101100100100010110001010100011001010001001100101000010000011011011110100111000010010
10111111111000000001011000101010110011000100001110011001000100100010011001010100010000000011110011110100000100101000111101101101000000000011110100101100100100010110001010100011001010001001100101000010000011011011110100111000010010
10111001110000001011011000001110110011001110001111100001110001101110011001010100010000000011110011110100000100101000111101101101000000000011110100101100100100010110001010100011001010001001100101000010000011011011110100111000010010
10110111100000110010111000101010110010010100001110001001010010100000011001010100010000000011110011110100000100101000111101101101000000000011110100101100100100010110001010100011001010001001100101000010000011011011110100111000010010
00011011111100100011011000001110110010010000001111001101111111011110011001010100010000000011110011110100000100101000111101101101000000000011110100101100100100010110001010100011001010001001100101000010000011011011110100111000010010
00010011101000100001111000011110110011011010000100110000000111000110011001010100010000000011110011110100000100101000111101101101000000000011110100101100100100010110001010100011001010001001100101000010000011011011110100111000010010
10101101110100110001011000101110111010001010001111100001001000111110011001010100010000000011110011110100000100101000111101101101000000000011110100101100100100010110001010100011001010001001100101000010000011011011110100111000010010
10110101111100011010111000001110110010011000001111000001100011111110011001010100010000000011110011110100000100101000111101101101000000000011110100101100100100010110001010100011001010001001100101000010000011011011110100111000010010
00000001111000110001011000101110111010011010000101000100101000100110011001010100010000000011110011110100000100101000111101101101000000000011110100101100100100010110001010100011001010001001100101000010000011011011110100111000010010
10110101101000111010011000111010110011010000001100000100100010101110011001010100010000000011110011110100000100101000111101101101000000000011110100101100100100010110001010100011001010001001100101000010000011011011110100111000010010
10111101110100001000111000001110110011011110000110100000000100011110011001010100010000000011110011110100000100101000111101101101000000000011110100101100100100010110001010100011001010001001100101000010000011011011110100111000010010
10110111111000010000011000001110111010000110001111010101001111101110011001010100010000000011110011110100000100101000111101101101000000000011110100101100100100010110001010100011001010001001100101000010000011011011110100111000010010
10100101100100001011011000001010110011011000001100000001001001001010011001010100010000000011110011110100000100101000111101101101000000000011110100101100100100010110001010100011001010001001100101000010000011011011110100111000010010
10111001101100010000011000111110110010001111001111001001001101001100011001010100010000000011110011110100000100101000111101101101000000000011110100101100100100010110001010100011001010001001100101000010000011011011110100111000010010
00001111100000101001111000111110110011011110000100010001100101001000011001010100010000000011110011110100000100101000111101101101000000000011110100101100100100010110001010100011001010001001100101000010000011011011110100111000010010
10110101100000101000011000101010110010011001001100010001101000101110011001010100010000000011110011110100000100101000111101101101000000000011110100101100100100010110001010100011001010001001100101000010000011011011110100111000010010
00010001101000101000111000001010111010010010001100001101011111100010011001010100010000000011110011110100000100101000111101101101000000000011110100101100100100010110001010100011001010001001100101000010000011011011110100111000010010
00001011111100111011011000011110111011011100001111100101011111100100011001010100010000000011110011110100000100101000111101101101000000000011110100101100100100010110001010100011001010001001100101000010000011011011110100111000010010
00010001101100111001111000001010111010010010001100111001001001110010011001010100010000000011110011110100000100101000111101101101000000000011110100101100100100010110001010100011001010001001100101000010000011011011110100111000010010
00001011111100101000111000001010111010010110001111000000110000001010011001010100010000000011110011110100000100101000111101101101000000000011110100101100100100010110001010100011001010001001100101000010000011011011110100111000010010
00010001111000101011011000001110110010001110001110010101110110111000011001010100010000000011110011110100000100101000111101101101000000000011110100101100100100010110001010100011001010001001100101000010000011011011110100111000010010
00011111111100000011011000101010111011000000001110101100100001011000011001010100010000000011110011110100000100101000111101101101000000000011110100101100100100010110001010100011001010001001100101000010000011011011110100111000010010
00000011100100111001011000101110111011001100000100100000110101011000011001010100010000000011110011110100000100101000111101101101000000000011110100101100100100010110001010100011001010001001100101000010000011011011110100111000010010
00000101100100100000111000001110110011011110001101101100011100010010011001010100010000000011110011110100000100101000111101101101000000000011110100101100100100010110001010100011001010001001100101000010000011011011110100111000010010
00010101101100100000011000101110110010010110001111111101101000001000011001010100010000000011110011110100000100101000111101101101000000000011110100101100100100010110001010100011001010001001100101000010000011011011110100111000010010
10100111111100110010111000011010110010001100001111101001110110001110011001010100010000000011110011110100000100101000111101101101000000000011110100101100100100010110001010100011001010001001100101000010000011011011110100111000010010
10101101111000100010011000101010111010010000001101110101110110101010011001010100010000000011110011110100000100101000111101101101000000000011110100101100100100010110001010100011001010001001100101000010000011011011110100111000010010
00000111110000001001111000111110110010010101001110101100001000100110011001010100010000000011110011110100000100101000111101101101000000000011110100101100100100010110001010100011001010001001100101000010000011011011110100111000010010
00010111111100111010011000111110110011011010000111000101001100011010011001010100010000000011110011110100000100101000111101101101000000000011110100101100100100010110001010100011001010001001100101000010000011011011110100111000010010
10111001110100101011111000001110110011000011000101100101011000011110011001010100010000000011110011110100000100101000111101101101000000000011110100101100100100010110001010100011001010001001100101000010000011011011110100111000010010
10100001110000101011011000001010110011011000001110011001010110111010011001010100010000000011110011110100000100101000111101101101000000000011110100101100100100010110001010100011001010001001100101000010000011011011110100111000010010
00000001110100111010111000011010111010010010001111100101001110011000011001010100010000000011110011110100000100101000111101101101000000000011110100101100100100010110001010100011001010001001100101000010000011011011110100111000010010
00000011100000110000011000111010110010010100000100010101011001000100011001010100010000000011110011110100000100101000111101101101000000000011110100101100100100010110001010100011001010001001100101000010000011011011110100111000010010
10110111111000111001111000011010110011001110000111100101101101110010011001010100010000000011110011110100000100101000111101101101000000000011110100101100100100010110001010100011001010001001100101000010000011011011110100111000010010
10111111110100000011011000101010110010011010000100110000000001010110011001010100010000000011110011110100000100101000111101101101000000000011110100101100100100010110001010100011001010001001100101000010000011011011110100111000010010
00010101111100010010111000001010111010011100001110011001111110100110011001010100010000000011110011110100000100101000111101101101000000000011110100101100100100010110001010100011001010001001100101000010000011011011110100111000010010
00010101110000001000111000011110111010000110001100010100010110010010011001010100010000000011110011110100000100101000111101101101000000000011110100101100100100010110001010100011001010001001100101000010000011011011110100111000010010
10111101110000100000011000001010110010011101001110100100001011010110011001010100010000000011110011110100000100101000111101101101000000000011110100101100100100010110001010100011001010001001100101000010000011011011110100111000010010
00011111101000010011011000001110111010001010001111111000000111110110011001010100010000000011110011110100000100101000111101101101000000000011110100101100100100010110001010100011001010001001100101000010000011011011110100111000010010
10101111110000110001011000101010110010010100001111011001001110001010011001010100010000000011110011110100000100101000111101101101000000000011110100101100100100010110001010100011001010001001100101000010000011011011110100111000010010
10100011110100111010011000001010111011000110001100100101011011110000011001010100010000000011110011110100000100101000111101101101000000000011110100101100100100010110001010100011001010001001100101000010000011011011110100111000010010
10100111110100011011011000001010110010001010000111101100100100000110011001010100010000000011110011110100000100101000111101101101000000000011110100101100100100010110001010100011001010001001100101000010000011011011110100111000010010
00011101100100010010111000111010110010000100000101001000001101010110011001010100010000000011110011110100000100101000111101101101000000000011110100101100100100010110001010100011001010001001100101000010000011011011110100111000010010
10111101111100111010111000101110111011001110001111010101010110001100011001010100010000000011110011110100000100101000111101101101000000000011110100101100100100010110001010100011001010001001100101000010000011011011110100111000010010
10100101100000100011111000111110111011010100001110001001001010011110011001010100010000000011110011110100000100101000111101101101000000000011110100101100100100010110001010100011001010001001100101000010000011011011110100111000010010
00001101110000010011111000001010111010010000001111101000011110001100011001010100010000000011110011110100000100101000111101101101000000000011110100101100100100010110001010100011001010001001100101000010000011011011110100111000010010
