0001111000110111101011011010110101000001110101011000001100100011000001011111000111110010100001100010010000001010001011111011000000001101101111010110001010101001001100101000001100100000111100000110011010000000010010001101100111110111011001011111011111010100101000100100110010001111
0111111110100111100011001010111101000001110011001000001111100000001101101110101101000010100001100010010000001010001011111011000000001101101111010110001010101001001100101000001100100000111100000110011010000000010010001101100111110111011001011111011111010100101000100100110010001111
1010111101100111101011000000010101010001111111011010101011010010010111101001101011010010100001100010010000001010001011111011000000001101101111010110001010101001001100101000001100100000111100000110011010000000010010001101100111110111011001011111011111010100101000100100110010001111
0100111011100111110011010000110101010001110011011000001110100000100111111101001111100010100001100010010000001010001011111011000000001101101111010110001010101001001100101000001100100000111100000110011010000000010010001101100111110111011001011111011111010100101000100100110010001111
0001111110110111111111001010111101000001110101001000101110000001000001001000000001010010100001100010010000001010001011111011000000001101101111010110001010101001001100101000001100100000111100000110011010000000010010001101100111110111011001011111011111010100101000100100110010001111
1010111110110111111111001010111101010001110001011000001100100010110001101111000101000010100001100010010000001010001011111011000000001101101111010110001010101001001100101000001100100000111100000110011010000000010010001101100111110111011001011111011111010100101000100100110010001111
0110111001110101111011011010010101000001111111001000001101100001000101001100001001100010100001100010010000001010001011111011000000001101101111010110001010101001001100101000001100100000111100000110011010000000010010001101100111110111011001011111011111010100101000100100110010001111
0011111011100101111111101010010101010001110111001010101010000011100001111101100011010010100001100010010000001010001011111011000000001101101111010110001010101001001100101000001100100000111100000110011010000000010010001101100111110111011001011111011111010100101000100100110010001111
1100111111110101101011000010110101010001110011011010101010110011001101101010000011000010100001100010010000001010001011111011000000001101101111010110001010101001001100101000001100100000111100000110011010000000010010001101100111110111011001011111011111010100101000100100110010001111
0010111011110111101011010010111101010001111001011010001001000011101011111111101111010010100001100010010000001010001011111011000000001101101111010110001010101001001100101000001100100000111100000110011010000000010010001101100111110111011001011111011111010100101000100100110010001111
0110111000010101111011110000111101000000111111011010101000100000110001100011101011000010100001100010010000001010001011111011000000001101101111010110001010101001001100101000001100100000111100000110011010000000010010001101100111110111011001011111011111010100101000100100110010001111
0010111001100111100111010000011101010001111111001010101001110011110111101011100011010010100001100010010000001010001011111011000000001101101111010110001010101001001100101000001100100000111100000110011010000000010010001101100111110111011001011111011111010100101000100100110010001111
0110111000000101100111001010011101000001110111001010001000000011101011101010000111000010100001100010010000001010001011111011000000001101101111010110001010101001001100101000001100100000111100000110011010000000010010001101100111110111011001011111011111010100101000100100110010001111
1101111010110101110111101000111101010001110011011010001010100000001011111000100001100010100001100010010000001010001011111011000000001101101111010110001010101001001100101000001100100000111100000110011010000000010010001101100111110111011001011111011111010100101000100100110010001111
0101111111000111100111110000110101000001111011011010001010010001010011010001001111010010100001100010010000001010001011111011000000001101101111010110001010101001001100101000001100100000111100000110011010000000010010001101100111110111011001011111011111010100101000100100110010001111
1011111000000111110111100000010101010001111001001000001110110010001001101101101111110010100001100010010000001010001011111011000000001101101111010110001010101001001100101000001100100000111100000110011010000000010010001101100111110111011001011111011111010100101000100100110010001111
0001111100100101110011000000110101010001110101011010001001000011000011001010001101110010100001100010010000001010001011111011000000001101101111010110001010101001001100101000001100100000111100000110011010000000010010001101100111110111011001011111011111010100101000100100110010001111
0001111010100101100111011010110101010001111111011010001000010010000001111101100011000010100001100010010000001010001011111011000000001101101111010110001010101001001100101000001100100000111100000110011010000000010010001101100111110111011001011111011111010100101000100100110010001111
1101111111100111110111001010111101000001111101011010001010110010011101101100100011100010100001100010010000001010001011111011000000001101101111010110001010101001001100101000001100100000111100000110011010000000010010001101100111110111011001011111011111010100101000100100110010001111
0100111101100111100111110000010101000001110011011000001110010011110101111001101011010010100001100010010000001010001011111011000000001101101111010110001010101001001100101000001100100000111100000110011010000000010010001101100111110111011001011111011111010100101000100100110010001111
1001111100100111111011000000110101000000111001011010001010100001010101101000100101000010100001100010010000001010001011111011000000001101101111010110001010101001001100101000001100100000111100000110011010000000010010001101100111110111011001011111011111010100101000100100110010001111
1110111111000111111011100010110101000001110011011000101101110001100101010101000001100010100001100010010000001010001011111011000000001101101111010110001010101001001100101000001100100000111100000110011010000000010010001101100111110111011001011111011111010100101000100100110010001111
1000111000110111111011100000011101000001110101011000001100010000000111111100100011000010100001100010010000001010001011111011000000001101101111010110001010101001001100101000001100100000111100000110011010000000010010001101100111110111011001011111011111010100101000100100110010001111
1011111011110111101011011000011101010001110001001000101100000000110101001010100101010010100001100010010000001010001011111011000000001101101111010110001010101001001100101000001100100000111100000110011010000000010010001101100111110111011001011111011111010100101000100100110010001111
1011111011110111100011110010111101010001110111011010001001110000001111111100101001000010100001100010010000001010001011111011000000001101101111010110001010101001001100101000001100100000111100000110011010000000010010001101100111110111011001011111011111010100101000100100110010001111
1101111101000111100011001000110101010001110111001010001011110011101001001001001011010010100001100010010000001010001011111011000000001101101111010110001010101001001100101000001100100000111100000110011010000000010010001101100111110111011001011111011111010100101000100100110010001111
0101111101010111101011011010011101010001110001001000101111100000000001111111000001100010100001100010010000001010001011111011000000001101101111010110001010101001001100101000001100100000111100000110011010000000010010001101100111110111011001011111011111010100101000100100110010001111
0110111100000111100111110010110101000001111111001010001011000010101001101111100111110010100001100010010000001010001011111011000000001101101111010110001010101001001100101000001100100000111100000110011010000000010010001101100111110111011001011111011111010100101000100100110010001111
1110111011010101111111011000010101000001111101011010101000110010001011011000000101010010100001100010010000001010001011111011000000001101101111010110001010101001001100101000001100100000111100000110011010000000010010001101100111110111011001011111011111010100101000100100110010001111
0101111101110111111111010010011101010001110111011000001110100010010111011101100101110010100001100010010000001010001011111011000000001101101111010110001010101001001100101000001100100000111100000110011010000000010010001101100111110111011001011111011111010100101000100100110010001111
0011111000110101111111100000110101000001110011011010001000000011010011011101101001100010100001100010010000001010001011111011000000001101101111010110001010101001001100101000001100100000111100000110011010000000010010001101100111110111011001011111011111010100101000100100110010001111
0111111011100111110011110010111101000001111011001000001111100010101011101100101001100010100001100010010000001010001011111011000000001101101111010110001010101001001100101000001100100000111100000110011010000000010010001101100111110111011001011111011111010100101000100100110010001111
1111111100000101101111001000010101000001110011011000001110110001010111111100100101010010100001100010010000001010001011111011000000001101101111010110001010101001001100101000001100100000111100000110011010000000010010001101100111110111011001011111011111010100101000100100110010001111
0111111010000101110011101000010101010001110111011010001000000000100111001000101101000010100001100010010000001010001011111011000000001101101111010110001010101001001100101000001100100000111100000110011010000000010010001101100111110111011001011111011111010100101000100100110010001111
1101111111100111101111100010010101000001110111001000001111000011010111111100001001110010100001100010010000001010001011111011000000001101101111010110001010101001001100101000001100100000111100000110011010000000010010001101100111110111011001011111011111010100101000100100110010001111
1111111111110111111111101000110101010001110011011010001011100001010111111110000101000010100001100010010000001010001011111011000000001101101111010110001010101001001100101000001100100000111100000110011010000000010010001101100111110111011001011111011111010100101000100100110010001111
1000111111110101111011010010111101010001111101001000001111000011111101011011001011000010100001100010010000001010001011111011000000001101101111010110001010101001001100101000001100100000111100000110011010000000010010001101100111110111011001011111011111010100101000100100110010001111
1111111001110111100011010010111101010001111101001000101110010000001101101101101011100010100001100010010000001010001011111011000000001101101111010110001010101001001100101000001100100000111100000110011010000000010010001101100111110111011001011111011111010100101000100100110010001111
0111111100000101101011110010110101000001110101011000001110000000001101001111000111110010100001100010010000001010001011111011000000001101101111010110001010101001001100101000001100100000111100000110011010000000010010001101100111110111011001011111011111010100101000100100110010001111
1000111101100101100011110000011101000000111111011000001101110010100111101000001001100010100001100010010000001010001011111011000000001101101111010110001010101001001100101000001100100000111100000110011010000000010010001101100111110111011001011111011111010100101000100100110010001111
1011111001110111100011100000010101010001111111011010101001000010011101111000101011010010100001100010010000001010001011111011000000001101101111010110001010101001001100101000001100100000111100000110011010000000010010001101100111110111011001011111011111010100101000100100110010001111
0000111001100111101011001000111101010001111101011000101111000010100001000011101111010010100001100010010000001010001011111011000000001101101111010110001010101001001100101000001100100000111100000110011010000000010010001101100111110111011001011111011111010100101000100100110010001111
1100111010010101111011010010011101010001111101001010001000000011010011111100101011000010100001100010010000001010001011111011000000001101101111010110001010101001001100101000001100100000111100000110011010000000010010001101100111110111011001011111011111010100101000100100110010001111
1100111010100101101011101010011101000001110001011000001110100001101111011010001111110010100001100010010000001010001011111011000000001101101111010110001010101001001100101000001100100000111100000110011010000000010010001101100111110111011001011111011111010100101000100100110010001111
1000111111110111110111010000010101000001110111011010001000010011011101010001001101110010100001100010010000001010001011111011000000001101101111010110001010101001001100101000001100100000111100000110011010000000010010001101100111110111011001011111011111010100101000100100110010001111
1110111010110101110111011010111101010001111111001000001100100010001011111100000011110010100001100010010000001010001011111011000000001101101111010110001010101001001100101000001100100000111100000110011010000000010010001101100111110111011001011111011111010100101000100100110010001111
1110111010010101100111111000111101010001110001001010101001010001000011111111000011000010100001100010010000001010001011111011000000001101101111010110001010101001001100101000001100100000111100000110011010000000010010001101100111110111011001011111011111010100101000100100110010001111
1010111001110111101111101000111101000001110111011000001111010001101011101100101001100010100001100010010000001010001011111011000000001101101111010110001010101001001100101000001100100000111100000110011010000000010010001101100111110111011001011111011111010100101000100100110010001111
0011111111110101110011010010010101010001111001001010001001000010100111001100100001010010100001100010010000001010001011111011000000001101101111010110001010101001001100101000001100100000111100000110011010000000010010001101100111110111011001011111011111010100101000100100110010001111
1111111001100101111011101010011101000001110011011000001100110000100001001100101111000010100001100010010000001010001011111011000000001101101111010110001010101001001100101000001100100000111100000110011010000000010010001101100111110111011001011111011111010100101000100100110010001111
1111111111110101101111110010011101000001111011011000001110110001000001111010101011010010100001100010010000001010001011111011000000001101101111010110001010101001001100101000001100100000111100000110011010000000010010001101100111110111011001011111011111010100101000100100110010001111
0110111100110111110111000000010101010001111101011000001100000001001011101110001001000010100001100010010000001010001011111011000000001101101111010110001010101001001100101000001100100000111100000110011010000000010010001101100111110111011001011111011111010100101000100100110010001111
1110111110100111101111111010010101010001110111011000001101000010011011111011101101000010100001100010010000001010001011111011000000001101101111010110001010101001001100101000001100100000111100000110011010000000010010001101100111110111011001011111011111010100101000100100110010001111
0010111001100111111011000000010101010000110101001010001010000011011011101000000101010010100001100010010000001010001011111011000000001101101111010110001010101001001100101000001100100000111100000110011010000000010010001101100111110111011001011111011111010100101000100100110010001111
0010111010000101100011011010010101010001110011001010001010100011001001111100100111010010100001100010010000001010001011111011000000001101101111010110001010101001001100101000001100100000111100000110011010000000010010001101100111110111011001011111011111010100101000100100110010001111
1010111110100111110011101000110101000001111001001010101001100011100101011000000001000010100001100010010000001010001011111011000000001101101111010110001010101001001100101000001100100000111100000110011010000000010010001101100111110111011001011111011111010100101000100100110010001111
1000111011100111110111111010110101010001111011011010001000100000100001011000001011100010100001100010010000001010001011111011000000001101101111010110001010101001001100101000001100100000111100000110011010000000010010001101100111110111011001011111011111010100101000100100110010001111
1101111110000111110011011010010101010001110001001000101100110000100001101100100011000010100001100010010000001010001011111011000000001101101111010110001010101001001100101000001100100000111100000110011010000000010010001101100111110111011001011111011111010100101000100100110010001111
0110111110110101100111100000010101000001111001001000001101100011011101011111100011100010100001100010010000001010001011111011000000001101101111010110001010101001001100101000001100100000111100000110011010000000010010001101100111110111011001011111011111010100101000100100110010001111
0010111111110111101111001000010101010001110001001010001011010001010111111010000111000010100001100010010000001010001011111011000000001101101111010110001010101001001100101000001100100000111100000110011010000000010010001101100111110111011001011111011111010100101000100100110010001111
1100111101000111111111000010110101010001111001011010001001100000011011101101101011010010100001100010010000001010001011111011000000001101101111010110001010101001001100101000001100100000111100000110011010000000010010001101100111110111011001011111011111010100101000100100110010001111
0000111100110101100111011010010101010001110111001010001011000011001001111111001111100010100001100010010000001010001011111011000000001101101111010110001010101001001100101000001100100000111100000110011010000000010010001101100111110111011001011111011111010100101000100100110010001111
1010111010110101110111110010111101010001111111011010101000110011111011001000001101110010100001100010010000001010001011111011000000001101101111010110001010101001001100101000001100100000111100000110011010000000010010001101100111110111011001011111011111010100101000100100110010001111
1110111111100101111011010000011101000001110011011000001110110001000011101110100101100010100001100010010000001010001011111011000000001101101111010110001010101001001100101000001100100000111100000110011010000000010010001101100111110111011001011111011111010100101000100100110010001111
0010111111000101101111011010111101010001111111011000101110110010000111000001101111000010100001100010010000001010001011111011000000001101101111010110001010101001001100101000001100100000111100000110011010000000010010001101100111110111011001011111011111010100101000100100110010001111
1101111000000101111011111000110101010001111111001010001001000000011001101000001011110010100001100010010000001010001011111011000000001101101111010110001010101001001100101000001100100000111100000110011010000000010010001101100111110111011001011111011111010100101000100100110010001111
0110111111100101111111101000111101000001111011011000001100100001000001001111101111000010100001100010010000001010001011111011000000001101101111010110001010101001001100101000001100100000111100000110011010000000010010001101100111110111011001011111011111010100101000100100110010001111
1111111010010101101011001010111101010001110011011000001110100001010001011110100111010010100001100010010000001010001011111011000000001101101111010110001010101001001100101000001100100000111100000110011010000000010010001101100111110111011001011111011111010100101000100100110010001111
0110111111110111100111111000011101010001111111011010101011010000110101011110000101010010100001100010010000001010001011111011000000001101101111010110001010101001001100101000001100100000111100000110011010000000010010001101100111110111011001011111011111010100101000100100110010001111
1001111000000101111011100000110101000001111111001000001101110001011101111111101001010010100001100010010000001010001011111011000000001101101111010110001010101001001100101000001100100000111100000110011010000000010010001101100111110111011001011111011111010100101000100100110010001111
1011111110110111101111110000011101010001111101011000001101110010111111111010101111000010100001100010010000001010001011111011000000001101101111010110001010101001001100101000001100100000111100000110011010000000010010001101100111110111011001011111011111010100101000100100110010001111
0111111101110101101011111000011101010001110011011010001000100011011001111110100011000010100001100010010000001010001011111011000000001101101111010110001010101001001100101000001100100000111100000110011010000000010010001101100111110111011001011111011111010100101000100100110010001111
1100111100000101110111010010010101000001110101001010001001110011010011011011100011000010100001100010010000001010001011111011000000001101101111010110001010101001001100101000001100100000111100000110011010000000010010001101100111110111011001011111011111010100101000100100110010001111
0100111000110101110011100000010101000000111101011000001110110011011011111000001011100010100001100010010000001010001011111011000000001101101111010110001010101001001100101000001100100000111100000110011010000000010010001101100111110111011001011111011111010100101000100100110010001111
0101111111100111110111101000010101000001110011011010101010100010110001011001001101100010100001100010010000001010001011111011000000001101101111010110001010101001001100101000001100100000111100000110011010000000010010001101100111110111011001011111011111010100101000100100110010001111
1110111000010111111111111000011101000000110011011000001110110011001111111100100011110010100001100010010000001010001011111011000000001101101111010110001010101001001100101000001100100000111100000110011010000000010010001101100111110111011001011111011111010100101000100100110010001111
1111111010100111110011100000010101010001110011001000001111000001111001111101100111000010100001100010010000001010001011111011000000001101101111010110001010101001001100101000001100100000111100000110011010000000010010001101100111110111011001011111011111010100101000100100110010001111
1001111010100111100111011000111101010001110111011010101001100000010101111110100011110010100001100010010000001010001011111011000000001101101111010110001010101001001100101000001100100000111100000110011010000000010010001101100111110111011001011111011111010100101000100100110010001111
1111111011110101100111100000011101010001111011011000101101100011100011011010001111100010100001100010010000001010001011111011000000001101101111010110001010101001001100101000001100100000111100000110011010000000010010001101100111110111011001011111011111010100101000100100110010001111
1001111010100111100011101000010101000001111011001000001110100010111101001011000101010010100001100010010000001010001011111011000000001101101111010110001010101001001100101000001100100000111100000110011010000000010010001101100111110111011001011111011111010100101000100100110010001111
1010111101100101101111101000110101000001111011011000001110110010111011011101101001000010100001100010010000001010001011111011000000001101101111010110001010101001001100101000001100100000111100000110011010000000010010001101100111110111011001011111011111010100101000100100110010001111
1011111101110111101111010000011101010001110111011010101001110010101001111001100001110010100001100010010000001010001011111011000000001101101111010110001010101001001100101000001100100000111100000110011010000000010010001101100111110111011001011111011111010100101000100100110010001111
0000111110010111101111011010110101000001111101011010101000110011100101011011000101000010100001100010010000001010001011111011000000001101101111010110001010101001001100101000001100100000111100000110011010000000010010001101100111110111011001011111011111010100101000100100110010001111
0011111100110111100111011010110101010000110101001000001100010000101101111101100101110010100001100010010000001010001011111011000000001101101111010110001010101001001100101000001100100000111100000110011010000000010010001101100111110111011001011111011111010100101000100100110010001111
0110111011100101110111100010111101000001111111011000001101000010001101111100001101100010100001100010010000001010001011111011000000001101101111010110001010101001001100101000001100100000111100000110011010000000010010001101100111110111011001011111011111010100101000100100110010001111
0001111010110111110111100000010101000001111101001010101010100000111101101101100101100010100001100010010000001010001011111011000000001101101111010110001010101001001100101000001100100000111100000110011010000000010010001101100111110111011001011111011111010100101000100100110010001111
0111111010000101100111101000011101000001110111001010101010000010111011001111001011000010100001100010010000001010001011111011000000001101101111010110001010101001001100101000001100100000111100000110011010000000010010001101100111110111011001011111011111010100101000100100110010001111
1101111100110101101111110000111101010001111101011000101111100011010111010101001111010010100001100010010000001010001011111011000000001101101111010110001010101001001100101000001100100000111100000110011010000000010010001101100111110111011001011111011111010100101000100100110010001111
1010111110110101101011000000110101010001110001011010001000110010000111011001101111010010100001100010010000001010001011111011000000001101101111010110001010101001001100101000001100100000111100000110011010000000010010001101100111110111011001011111011111010100101000100100110010001111
0111111010000111111111000010010101000001111011011010101010100001000111001010001101010010100001100010010000001010001011111011000000001101101111010110001010101001001100101000001100100000111100000110011010000000010010001101100111110111011001011111011111010100101000100100110010001111
0011111111100101101011111010111101000001110111011010101001100001000101001000000011100010100001100010010000001010001011111011000000001101101111010110001010101001001100101000001100100000111100000110011010000000010010001101100111110111011001011111011111010100101000100100110010001111
0101111010110111110111110000110101010001111101011000001110000010100111111100001001000010100001100010010000001010001011111011000000001101101111010110001010101001001100101000001100100000111100000110011010000000010010001101100111110111011001011111011111010100101000100100110010001111
0010111110000101111111110000010101000001110001011010001011010001010011111011101011010010100001100010010000001010001011111011000000001101101111010110001010101001001100101000001100100000111100000110011010000000010010001101100111110111011001011111011111010100101000100100110010001111
1001111010110101111011011000111101010001111001011010101011100010010101100001000001010010100001100010010000001010001011111011000000001101101111010110001010101001001100101000001100100000111100000110011010000000010010001101100111110111011001011111011111010100101000100100110010001111
1000111111100111111111001000110101010001111111011010101010100010100001001000100011110010100001100010010000001010001011111011000000001101101111010110001010101001001100101000001100100000111100000110011010000000010010001101100111110111011001011111011111010100101000100100110010001111
0001111001100101101111101000111101010001110011011000001111110011110001011111001001010010100001100010010000001010001011111011000000001101101111010110001010101001001100101000001100100000111100000110011010000000010010001101100111110111011001011111011111010100101000100100110010001111
0111111111110101111111000000011101000001111111011010101000100000011011111110100001100010100001100010010000001010001011111011000000001101101111010110001010101001001100101000001100100000111100000110011010000000010010001101100111110111011001011111011111010100101000100100110010001111
0110111000110111110111101010011101010001110111001010001011000001001001000111100001010010100001100010010000001010001011111011000000001101101111010110001010101001001100101000001100100000111100000110011010000000010010001101100111110111011001011111011111010100101000100100110010001111
1110111100100111101111001010011101000001110101011010001010000010111111101100001011010010100001100010010000001010001011111011000000001101101111010110001010101001001100101000001100100000111100000110011010000000010010001101100111110111011001011111011111010100101000100100110010001111
0111111010010101111111000000010101000001111111011010101000110011110101101010000111100010100001100010010000001010001011111011000000001101101111010110001010101001001100101000001100100000111100000110011010000000010010001101100111110111011001011111011111010100101000100100110010001111
