01101011110101010011110010111010111101100110011110101100001110110010111100010100100001000111000100101100010010001000101100001100001000010110000011100001011001101000110110111000001110000100100100011011001011110111011110011010000100
01100001110111000011110100000011000110010110100100110100110000111010111100010100100001000111000100101100010010001000101100001100001000010110000011100001011001101000110110111000001110000100100100011011001011110111011110011010000100
00011100011001000011110010111101000001011011101011011111111110000010011100010100100001000111000100101100010010001000101100001100001000010110000011100001011001101000110110111000001110000100100100011011001011110111011110011010000100
11101010100011000011110111110110111001010011010111000001110010100011011100010100100001000111000100101100010010001000101100001100001000010110000011100001011001101000110110111000001110000100100100011011001011110111011110011010000100
01001000100011010011110111111110001010001111010101101101010100111011011100010100100001000111000100101100010010001000101100001100001000010110000011100001011001101000110110111000001110000100100100011011001011110111011110011010000100
00001101100000000011110100000110111011110111000110100001010100110011011100010100100001000111000100101100010010001000101100001100001000010110000011100001011001101000110110111000001110000100100100011011001011110111011110011010000100
11001000100011010011110100111001011011101110010011111100101100101011111100010100100001000111000100101100010010001000101100001100001000010110000011100001011001101000110110111000001110000100100100011011001011110111011110011010000100
10100001100001010011110111110111001101001110000011111101000010001010011100010100100001000111000100101100010010001000101100001100001000010110000011100001011001101000110110111000001110000100100100011011001011110111011110011010000100
01110011100010000011110110010011111111001111100010001100111100001011111100010100100001000111000100101100010010001000101100001100001000010110000011100001011001101000110110111000001110000100100100011011001011110111011110011010000100
11101100011011010011110011100101110010011110001111101111001010000011011100010100100001000111000100101100010010001000101100001100001000010110000011100001011001101000110110111000001110000100100100011011001011110111011110011010000100
01100010100000000011110010001010001010111111101001100100100010001010011100010100100001000111000100101100010010001000101100001100001000010110000011100001011001101000110110111000001110000100100100011011001011110111011110011010000100
10010111110011000011110001000011000110111111011100110110001000000010111100010100100001000111000100101100010010001000101100001100001000010110000011100001011001101000110110111000001110000100100100011011001011110111011110011010000100
11111010110001010001110001000010101011010010001111100100001000111010011100010100100001000111000100101100010010001000101100001100001000010110000011100001011001101000110110111000001110000100100100011011001011110111011110011010000100
01100111100001010011110101100010101010101010000111010101111011111011011100010100100001000111000100101100010010001000101100001100001000010110000011100001011001101000110110111000001110000100100100011011001011110111011110011010000100
11010111100001000011110001101010001111000111011001000001100001000011011100010100100001000111000100101100010010001000101100001100001000010110000011100001011001101000110110111000001110000100100100011011001011110111011110011010000100
00110110110111010011110110101101100001111010010100101010000010001010111100010100100001000111000100101100010010001000101100001100001000010110000011100001011001101000110110111000001110000100100100011011001011110111011110011010000100
00100000111001000011110001001011111011111110101001000111001111001011011100010100100001000111000100101100010010001000101100001100001000010110000011100001011001101000110110111000001110000100100100011011001011110111011110011010000100
00000010100001000011110110011011110111001010100100001010101011011010011100010100100001000111000100101100010010001000101100001100001000010110000011100001011001101000110110111000001110000100100100011011001011110111011110011010000100
11101100111001000011110011010101010101011110111000000011111010111000111100010100100001000111000100101100010010001000101100001100001000010110000011100001011001101000110110111000001110000100100100011011001011110111011110011010000100
00001001100001010011110000011111110110011111111111100011100011001010111100010100100001000111000100101100010010001000101100001100001000010110000011100001011001101000110110111000001110000100100100011011001011110111011110011010000100
11111000110010000011110101000001011011001010110101000011011101110011111100010100100001000111000100101100010010001000101100001100001000010110000011100001011001101000110110111000001110000100100100011011001011110111011110011010000100
00110000110101010011110101001101100010010110110110010111100010010010011100010100100001000111000100101100010010001000101100001100001000010110000011100001011001101000110110111000001110000100100100011011001011110111011110011010000100
00101010101001010011110010110111011011110010111000000101001001101010011100010100100001000111000100101100010010001000101100001100001000010110000011100001011001101000110110111000001110000100100100011011001011110111011110011010000100
10101010010001000011110110100101010110001111100001100010010100011011011100010100100001000111000100101100010010001000101100001100001000010110000011100001011001101000110110111000001110000100100100011011001011110111011110011010000100
11000100110101010011110110101110100001110010100010100101000000101001011100010100100001000111000100101100010010001000101100001100001000010110000011100001011001101000110110111000001110000100100100011011001011110111011110011010000100
01100100011011010011111010000110110011111010011110110000010010100010111100010100100001000111000100101100010010001000101100001100001000010110000011100001011001101000110110111000001110000100100100011011001011110111011110011010000100
01010101100010000011110010001001110000101010111000100101000111110011111100010100100001000111000100101100010010001000101100001100001000010110000011100001011001101000110110111000001110000100100100011011001011110111011110011010000100
01000001110001000011110111001100101001011011010001101010110001110011011100010100100001000111000100101100010010001000101100001100001000010110000011100001011001101000110110111000001110000100100100011011001011110111011110011010000100
10111001100011010011110011010101101111001110011010000000110000110011111100010100100001000111000100101100010010001000101100001100001000010110000011100001011001101000110110111000001110000100100100011011001011110111011110011010000100
00011011100001010011110110110010101001000011010111110001000111110001111100010100100001000111000100101100010010001000101100001100001000010110000011100001011001101000110110111000001110000100100100011011001011110111011110011010000100
11100011110001000011110110101001010110000011010110011001110000011011111100010100100001000111000100101100010010001000101100001100001000010110000011100001011001101000110110111000001110000100100100011011001011110111011110011010000100
11111000100011000011110100011111000101010011110111100100011000000011111100010100100001000111000100101100010010001000101100001100001000010110000011100001011001101000110110111000001110000100100100011011001011110111011110011010000100
00000101110110010011110100100101111110100010100110110100001000110011011100010100100001000111000100101100010010001000101100001100001000010110000011100001011001101000110110111000001110000100100100011011001011110111011110011010000100
10100100001001010001110000101011100110100011011111101100100111011011111100010100100001000111000100101100010010001000101100001100001000010110000011100001011001101000110110111000001110000100100100011011001011110111011110011010000100
11001100000000000011110010000101000101000111111011000011110010110010011100010100100001000111000100101100010010001000101100001100001000010110000011100001011001101000110110111000001110000100100100011011001011110111011110011010000100
10111101100010010011110111011100101001000011100110111111111110010010111100010100100001000111000100101100010010001000101100001100001000010110000011100001011001101000110110111000001110000100100100011011001011110111011110011010000100
00110101100001000011100001000111101001000010111000100110110000101011011100010100100001000111000100101100010010001000101100001100001000010110000011100001011001101000110110111000001110000100100100011011001011110111011110011010000100
01100001100011000011110110001100101010001111000101101111100100000011011100010100100001000111000100101100010010001000101100001100001000010110000011100001011001101000110110111000001110000100100100011011001011110111011110011010000100
10110010100001000011100111010101111101111011110010111011111101000010011100010100100001000111000100101100010010001000101100001100001000010110000011100001011001101000110110111000001110000100100100011011001011110111011110011010000100
01011110110110000011110010001011000011100010001000100011110110000011011100010100100001000111000100101100010010001000101100001100001000010110000011100001011001101000110110111000001110000100100100011011001011110111011110011010000100
10101101110001010011110101000000110111000110000011000101111000001010111100010100100001000111000100101100010010001000101100001100001000010110000011100001011001101000110110111000001110000100100100011011001011110111011110011010000100
00011100000001010011110111010011111011001011110001000101110111110010011100010100100001000111000100101100010010001000101100001100001000010110000011100001011001101000110110111000001110000100100100011011001011110111011110011010000100
01110001100011010011110000110001111011010110011111100010100101011011011100010100100001000111000100101100010010001000101100001100001000010110000011100001011001101000110110111000001110000100100100011011001011110111011110011010000100
00010001110001000011110000101111111001001010001100001001110101100011111100010100100001000111000100101100010010001000101100001100001000010110000011100001011001101000110110111000001110000100100100011011001011110111011110011010000100
11011111110001010011111101001001010101101110000111010110010000000001011100010100100001000111000100101100010010001000101100001100001000010110000011100001011001101000110110111000001110000100100100011011001011110111011110011010000100
01001111100011000001110100001111111000110110100001011100101100100010011100010100100001000111000100101100010010001000101100001100001000010110000011100001011001101000110110111000001110000100100100011011001011110111011110011010000100
11011101100011000011110110010110011010010010100111100010101100011010011100010100100001000111000100101100010010001000101100001100001000010110000011100001011001101000110110111000001110000100100100011011001011110111011110011010000100
10001010110011010011110010001111100010011011111100101011100101001011011100010100100001000111000100101100010010001000101100001100001000010110000011100001011001101000110110111000001110000100100100011011001011110111011110011010000100
00111110110001010011110110000000101001011111100111101101101100000010111100010100100001000111000100101100010010001000101100001100001000010110000011100001011001101000110110111000001110000100100100011011001011110111011110011010000100
10110110110111010011110001101111110011101010111001110110110111010011011100010100100001000111000100101100010010001000101100001100001000010110000011100001011001101000110110111000001110000100100100011011001011110111011110011010000100
11001011110111000001110011010001111110110110101111011000000010101011011100010100100001000111000100101100010010001000101100001100001000010110000011100001011001101000110110111000001110000100100100011011001011110111011110011010000100
11111000100001000011110100011010110010111110100100000010000011110011011100010100100001000111000100101100010010001000101100001100001000010110000011100001011001101000110110111000001110000100100100011011001011110111011110011010000100
01000111110111010011110101000111111001010110000110001011000100001010111100010100100001000111000100101100010010001000101100001100001000010110000011100001011001101000110110111000001110000100100100011011001011110111011110011010000100
01100011110011000011110001000110100001110111001000100000110011110010011100010100100001000111000100101100010010001000101100001100001000010110000011100001011001101000110110111000001110000100100100011011001011110111011110011010000100
11001100100001000011110010101111010000000011111100001011001000111010111100010100100001000111000100101100010010001000101100001100001000010110000011100001011001101000110110111000001110000100100100011011001011110111011110011010000100
11000000100001010011110010110100111010110111111100010101101010100011011100010100100001000111000100101100010010001000101100001100001000010110000011100001011001101000110110111000001110000100100100011011001011110111011110011010000100
10000011110101010011110100010000111111001010110011110110110101000010111100010100100001000111000100101100010010001000101100001100001000010110000011100001011001101000110110111000001110000100100100011011001011110111011110011010000100
11011101110001010011110001001101111101010011011111000100001000101001011100010100100001000111000100101100010010001000101100001100001000010110000011100001011001101000110110111000001110000100100100011011001011110111011110011010000100
01001001110101010011110010110000010100101011011110100010010101000011111100010100100001000111000100101100010010001000101100001100001000010110000011100001011001101000110110111000001110000100100100011011001011110111011110011010000100
10100100100010010011110111011100110010101111100110100101001101110011011100010100100001000111000100101100010010001000101100001100001000010110000011100001011001101000110110111000001110000100100100011011001011110111011110011010000100
10110110110100000011110000101011100110101010011000100111101011001011011100010100100001000111000100101100010010001000101100001100001000010110000011100001011001101000110110111000001110000100100100011011001011110111011110011010000100
10000100010101010011110000110010110111101110101110001011011101101010111100010100100001000111000100101100010010001000101100001100001000010110000011100001011001101000110110111000001110000100100100011011001011110111011110011010000100
01111010100001010011110100100011010111101111110101101100101010000010011100010100100001000111000100101100010010001000101100001100001000010110000011100001011001101000110110111000001110000100100100011011001011110111011110011010000100
00000100100011000011110111000011001100101011000011100010010011010011011100010100100001000111000100101100010010001000101100001100001000010110000011100001011001101000110110111000001110000100100100011011001011110111011110011010000100
01100110110011010011110011101111101110111011001000010111010100101010111100010100100001000111000100101100010010001000101100001100001000010110000011100001011001101000110110111000001110000100100100011011001011110111011110011010000100
10110111100010010001110010111011101011100010001000110100110110110011111100010100100001000111000100101100010010001000101100001100001000010110000011100001011001101000110110111000001110000100100100011011001011110111011110011010000100
00100001110111000011110011010111000100100110111100111101000110100011011100010100100001000111000100101100010010001000101100001100001000010110000011100001011001101000110110111000001110000100100100011011001011110111011110011010000100
00011001100001010011110011100011000001100011001001011111111110111010111100010100100001000111000100101100010010001000101100001100001000010110000011100001011001101000110110111000001110000100100100011011001011110111011110011010000100
10001100100010000011110010101001010001000011111101000101100100010010011100010100100001000111000100101100010010001000101100001100001000010110000011100001011001101000110110111000001110000100100100011011001011110111011110011010000100
01011110110001010011110100101100010100110110010100110100111010100010111100010100100001000111000100101100010010001000101100001100001000010110000011100001011001101000110110111000001110000100100100011011001011110111011110011010000100
11111101110001010011110100100111100101000010010001001111000111110011011100010100100001000111000100101100010010001000101100001100001000010110000011100001011001101000110110111000001110000100100100011011001011110111011110011010000100
00110011110110010011110011011000101101101010101110101011110010111011011100010100100001000111000100101100010010001000101100001100001000010110000011100001011001101000110110111000001110000100100100011011001011110111011110011010000100
01110001111011000011110010101000011110101110001110011100101101110010111100010100100001000111000100101100010010001000101100001100001000010110000011100001011001101000110110111000001110000100100100011011001011110111011110011010000100
10110110100011010011110000110111010010110110001001110111011101000011111100010100100001000111000100101100010010001000101100001100001000010110000011100001011001101000110110111000001110000100100100011011001011110111011110011010000100
00100000100000000001110101110000000011001011100011100001001100111001011100010100100001000111000100101100010010001000101100001100001000010110000011100001011001101000110110111000001110000100100100011011001011110111011110011010000100
11101101100011000011110100110001011111000010000101111111100101010010111100010100100001000111000100101100010010001000101100001100001000010110000011100001011001101000110110111000001110000100100100011011001011110111011110011010000100
11011110110011010011110110110111100010111111110111000111111011100011111100010100100001000111000100101100010010001000101100001100001000010110000011100001011001101000110110111000001110000100100100011011001011110111011110011010000100
10011010010011010011110111010101010101010110000011101000111100010010111100010100100001000111000100101100010010001000101100001100001000010110000011100001011001101000110110111000001110000100100100011011001011110111011110011010000100
01011000110011000011110110110000011101010011100001000010111000000011011100010100100001000111000100101100010010001000101100001100001000010110000011100001011001101000110110111000001110000100100100011011001011110111011110011010000100
11010111100001010011110100001110011111001010010111000011000111100010011100010100100001000111000100101100010010001000101100001100001000010110000011100001011001101000110110111000001110000100100100011011001011110111011110011010000100
10010110100011000001110110001111111011000010110110100110011001000010011100010100100001000111000100101100010010001000101100001100001000010110000011100001011001101000110110111000001110000100100100011011001011110111011110011010000100
00011000010001010011110011100000101011011010001111000111111100001010111100010100100001000111000100101100010010001000101100001100001000010110000011100001011001101000110110111000001110000100100100011011001011110111011110011010000100
00101001110011010011110000110100000010110011001100100101010100111010111100010100100001000111000100101100010010001000101100001100001000010110000011100001011001101000110110111000001110000100100100011011001011110111011110011010000100
01000111110101010011110110010100110000101010110100000011110010011010011100010100100001000111000100101100010010001000101100001100001000010110000011100001011001101000110110111000001110000100100100011011001011110111011110011010000100
11011000110001010011111001010011001100001011001001101110110101110011011100010100100001000111000100101100010010001000101100001100001000010110000011100001011001101000110110111000001110000100100100011011001011110111011110011010000100
01001010111001010011110001110100010100110111101111101100101000100011011100010100100001000111000100101100010010001000101100001100001000010110000011100001011001101000110110111000001110000100100100011011001011110111011110011010000100
11111111110111010011110010111101101000101111001010100111100000000011011100010100100001000111000100101100010010001000101100001100001000010110000011100001011001101000110110111000001110000100100100011011001011110111011110011010000100
11001101110001010011110000110110101101100110011011100101000010100010011100010100100001000111000100101100010010001000101100001100001000010110000011100001011001101000110110111000001110000100100100011011001011110111011110011010000100
10101001110011000011110001001110100010011011001101011100111010001010011100010100100001000111000100101100010010001000101100001100001000010110000011100001011001101000110110111000001110000100100100011011001011110111011110011010000100
11111111110011010011110111011011011110111011010110101110001101010011111100010100100001000111000100101100010010001000101100001100001000010110000011100001011001101000110110111000001110000100100100011011001011110111011110011010000100
01010011100001000001110101110000101010101111010000111110000100000010111100010100100001000111000100101100010010001000101100001100001000010110000011100001011001101000110110111000001110000100100100011011001011110111011110011010000100
00110101110111000011110100011100100101001010110100000100001101111010111100010100100001000111000100101100010010001000101100001100001000010110000011100001011001101000110110111000001110000100100100011011001011110111011110011010000100
11101101110111000001110011110110001111100010001000100010001011010011011100010100100001000111000100101100010010001000101100001100001000010110000011100001011001101000110110111000001110000100100100011011001011110111011110011010000100
00100100100011000011110110000011001111101111100110010011110101000011111100010100100001000111000100101100010010001000101100001100001000010110000011100001011001101000110110111000001110000100100100011011001011110111011110011010000100
01110101100011010011110011100010011100000010011110001100001000000011111100010100100001000111000100101100010010001000101100001100001000010110000011100001011001101000110110111000001110000100100100011011001011110111011110011010000100
01101001110010010011110010111101001101100110101101111110000011100011111100010100100001000111000100101100010010001000101100001100001000010110000011100001011001101000110110111000001110000100100100011011001011110111011110011010000100
00010111100011000011110001110001000100101010011101111110000010001010111100010100100001000111000100101100010010001000101100001100001000010110000011100001011001101000110110111000001110000100100100011011001011110111011110011010000100
11111000100001000011110110011110100100010011010110110111000110110010011100010100100001000111000100101100010010001000101100001100001000010110000011100001011001101000110110111000001110000100100100011011001011110111011110011010000100
10111100111011010011110000000011111111110011101010001101111001011010011100010100100001000111000100101100010010001000101100001100001000010110000011100001011001101000110110111000001110000100100100011011001011110111011110011010000100
00111110110001000011110001110100011011011110011001011100111110110011011100010100100001000111000100101100010010001000101100001100001000010110000011100001011001101000110110111000001110000100100100011011001011110111011110011010000100
