1011001111001001000100001000100000010001001011000011010111110000011001
1011001111001001000100001000100000010001001011000011010111110000011001
1010001111101001000100001000100000010001001011000011010111110000011001
1011001111001001000100001000100000010001001011000011010111110000011001
1011001111001001000100001000100000010001001011000011010111110000011001
1010001111101001000100001000100000010001001011000011010111110000011001
1011001111001001000100001000100000010001001011000011010111110000011001
1011001111001001000100001000100000010001001011000011010111110000011001
1010001111101001000100001000100000010001001011000011010111110000011001
1011001111001001000100001000100000010001001011000011010111110000011001
1010001111101001000100001000100000010001001011000011010111110000011001
0001001111101001000100001000100000010001001011000011010111110000011001
0000001111001001000100001000100000010001001011000011010111110000011001
1010001111101001000100001000100000010001001011000011010111110000011001
1011001111001001000100001000100000010001001011000011010111110000011001
1011001111001001000100001000100000010001001011000011010111110000011001
1011001111001001000100001000100000010001001011000011010111110000011001
0000001111001001000100001000100000010001001011000011010111110000011001
0000001111001001000100001000100000010001001011000011010111110000011001
0001001111101001000100001000100000010001001011000011010111110000011001
0001001111101001000100001000100000010001001011000011010111110000011001
0001001111101001000100001000100000010001001011000011010111110000011001
1010001111101001000100001000100000010001001011000011010111110000011001
1011001111001001000100001000100000010001001011000011010111110000011001
0001001111101001000100001000100000010001001011000011010111110000011001
0001001111101001000100001000100000010001001011000011010111110000011001
1010001111101001000100001000100000010001001011000011010111110000011001
0000001111001001000100001000100000010001001011000011010111110000011001
0000001111001001000100001000100000010001001011000011010111110000011001
1011001111001001000100001000100000010001001011000011010111110000011001
0001001111101001000100001000100000010001001011000011010111110000011001
1010001111101001000100001000100000010001001011000011010111110000011001
1010001111101001000100001000100000010001001011000011010111110000011001
1011001111001001000100001000100000010001001011000011010111110000011001
1010001111101001000100001000100000010001001011000011010111110000011001
1011001111001001000100001000100000010001001011000011010111110000011001
0001001111101001000100001000100000010001001011000011010111110000011001
0001001111101001000100001000100000010001001011000011010111110000011001
1010001111101001000100001000100000010001001011000011010111110000011001
1010001111101001000100001000100000010001001011000011010111110000011001
1010001111101001000100001000100000010001001011000011010111110000011001
0001001111101001000100001000100000010001001011000011010111110000011001
0001001111101001000100001000100000010001001011000011010111110000011001
1010001111101001000100001000100000010001001011000011010111110000011001
1011001111001001000100001000100000010001001011000011010111110000011001
1011001111001001000100001000100000010001001011000011010111110000011001
0001001111101001000100001000100000010001001011000011010111110000011001
0001001111101001000100001000100000010001001011000011010111110000011001
0000001111001001000100001000100000010001001011000011010111110000011001
1011001111001001000100001000100000010001001011000011010111110000011001
0001001111101001000100001000100000010001001011000011010111110000011001
0001001111101001000100001000100000010001001011000011010111110000011001
1010001111101001000100001000100000010001001011000011010111110000011001
1010001111101001000100001000100000010001001011000011010111110000011001
0001001111101001000100001000100000010001001011000011010111110000011001
1011001111001001000100001000100000010001001011000011010111110000011001
1010001111101001000100001000100000010001001011000011010111110000011001
1010001111101001000100001000100000010001001011000011010111110000011001
1011001111001001000100001000100000010001001011000011010111110000011001
0001001111101001000100001000100000010001001011000011010111110000011001
0000001111001001000100001000100000010001001011000011010111110000011001
1011001111001001000100001000100000010001001011000011010111110000011001
1011001111001001000100001000100000010001001011000011010111110000011001
1010001111101001000100001000100000010001001011000011010111110000011001
0000001111001001000100001000100000010001001011000011010111110000011001
0001001111101001000100001000100000010001001011000011010111110000011001
0001001111101001000100001000100000010001001011000011010111110000011001
1010001111101001000100001000100000010001001011000011010111110000011001
1011001111001001000100001000100000010001001011000011010111110000011001
0000001111001001000100001000100000010001001011000011010111110000011001
0001001111101001000100001000100000010001001011000011010111110000011001
1010001111101001000100001000100000010001001011000011010111110000011001
1010001111101001000100001000100000010001001011000011010111110000011001
0001001111101001000100001000100000010001001011000011010111110000011001
0001001111101001000100001000100000010001001011000011010111110000011001
1010001111101001000100001000100000010001001011000011010111110000011001
1011001111001001000100001000100000010001001011000011010111110000011001
1010001111101001000100001000100000010001001011000011010111110000011001
1011001111001001000100001000100000010001001011000011010111110000011001
0001001111101001000100001000100000010001001011000011010111110000011001
1011001111001001000100001000100000010001001011000011010111110000011001
1010001111101001000100001000100000010001001011000011010111110000011001
1010001111101001000100001000100000010001001011000011010111110000011001
1010001111101001000100001000100000010001001011000011010111110000011001
0000001111001001000100001000100000010001001011000011010111110000011001
1011001111001001000100001000100000010001001011000011010111110000011001
1011001111001001000100001000100000010001001011000011010111110000011001
1010001111101001000100001000100000010001001011000011010111110000011001
1010001111101001000100001000100000010001001011000011010111110000011001
1010001111101001000100001000100000010001001011000011010111110000011001
1011001111001001000100001000100000010001001011000011010111110000011001
0001001111101001000100001000100000010001001011000011010111110000011001
1011001111001001000100001000100000010001001011000011010111110000011001
0000001111001001000100001000100000010001001011000011010111110000011001
0001001111101001000100001000100000010001001011000011010111110000011001
1011001111001001000100001000100000010001001011000011010111110000011001
1010001111101001000100001000100000010001001011000011010111110000011001
1011001111001001000100001000100000010001001011000011010111110000011001
1011001111001001000100001000100000010001001011000011010111110000011001
1011001111001001000100001000100000010001001011000011010111110000011001
