11110010000001000000000000001110000111110000100000000011
11000000000000000000010000001111000000111101001110000101
00011000001100000110000011000000000000010000011000001100
00110000000000000000011110011001001110000010000111001001
00000010000010000000000000000011000000000000001001100100
10000001100000110000000000000100010000001000000000000000
00000110000001001110101010110000000011000000000000000000
00000010000001000000100000010000000001010100010010001000
10010001110000110100000010000000000000000000000000000000
00100110111011000000000000000000000000000000000000000000
11100000111000000000000000000000000000000000000010000000
00000110000000000000000000000000000000010000001000000000
10010000011000001100000000000101000011100000100000010000
01000110000100000000000000000000111000001010000011000000
00000000000000000000000000000000000000000000000000000000
00000000000001110000101000000110100000010000001000000110
00000100000001000000000000001010000111000010000000000011
00000000001000000000000000100000010000000000000000001010
10011000001100100110011111000011000000000000000110000011
01010000101110000110000000000000000000000000000010000001
00110010011101111000000100000000000100010011000100001010
00100000000000100000000000001100000100000000111000010100
11100001000000000000000000001100000110000010000001000000
00000001000000100000000000000000000000000000000000000000
11110001100000000000000011100001100001000000000000000000
00000000111000111111011110000000010001000000011000000000
00000000000000000000011000001110000111000010000000000000
00001110000000100000110000010000000000000001000001000000
00000010000001000000000000000000000000001100000110000000
00000000000000110000010000000100000000000010000001000011
00000000000000000000000000000001000000000100000011001011
11000001100000000000000000000000000110000011000000000000
00000000000000000001000001100000000000100000010000100010
10011100001100001111111110111001000000000010000000000000
00011100001110110000000000001011100000110000001000000100
00000000000000100110001100000110011001000111000001000000
10000001000000000000000001000000100011000000000000000000
00011000000001001001110101111110101000111100011110001100
10000001100000010000000000000110110111011111100000100000
00000010100001000000000000000000000110100010000000000011
10100000000000101000000001100010011001001000011001100101
00000000000000000001000001110000111000001000000110000010
11000000000000000010000000000010000100000011001000101100
00000000000011001100011000001000001000000100000000000000
00001000010000000000000000000000000001110001100011111001
10000000100000110000000000000000000001100000000000000011
00001000000101000111000111111111111100101111010101000011
00000000000000000000000000000000011000001100000000000000
00001000000100000000000000000000000000000011001010011101
00010000000000000000000000000000001000000100000000000000
00000000010011001000001100000100000010000000000110000010
00000000100000010000001000001111100111111111011110100110
10000001111101110010001010100010011111000111100000111000
00000000000000000000000000110001110000000000001100000001
00000000000000000000000000000110000000000000100100010010
00110001111000011100001010000000000000000001100010000001
11000000100000100000000011000000100000100000000010000010
00000000100000010000000000000000000000000000000000000000
10000001010010100001111000001100000000000011000010000001
00000000000011000001100001110000000000111011011001011100
00011000000000000000000000000000100000111100011111011010
00000000001100001110000011000001101000110010001001000011
00000001011000001100001000000000001000001100001110000011
00000000000000000000000000000000000000000000000000000000
00100011000001000000000000000111000010100010110000000000
00001010000011000000000000000000010000111000011100000010
01000000010010000000000000010000001000000100000000000000
11000001100000000000000000000001000000100000011001111100
10000000001000010101100000110000000000000000000001100000
00000000000000000110000000000000000101000001100001110000
00010000010010000001000000000000000000000000000000000011
00000000000000000000000000001010000110000100000010000000
10000101000010000001100000000000000000000000000000000000
01100100100010100001100000000000000000000000010000000000
10000001000000000000001110001110000011000011000000000000
01110111101000110001111100000111000000100000000000000000
01010100101010110000000000011000000110110011000001000000
00000000000110000010000001110001100010000001000000000000
00000000000000000000000000000000000001101000001100001000
00100000000000001111111011110100011000000000000000011000
00000100000010000000000000000000000111000011100001100000
10000000100000100000000100000111000000100000110000000000
10000011001001100000010000000000000000000111001000000011
00000100000001000000100000010000000000000000000000000000
00000000000000110000010001101000001000010011000001110000
00011000000000000001100000010000001000000000000000000001
11100001111000011000000000000111010000001100000001000000
00001100101000011100000110000001000000000010000001000000
10000001000000001011000110100000000100000010000000000000
00000001000000100000000000110000010000000100000010000010
00000000000000000001000000100000000000000010000001000000
00011000000000000001101000000000011100000000000000000110
00011100011110010101000010000000000000000000000000000000
00111110000000000000100000001000000100000000001000110000
11100011100011000000001110001111000110110000000000000011
00001100001100011111000011110000000000000000000000000000
00000000000000000000000000100010111001001111000011110000
00000000001100000000000100010011001100000100000001000000
00001110000001010000100110010000001100011101001111000011
10011101101000010000000000000000000000000000000010000001
