00001111001101111110010111001101100000100000011000011011
11110001110010111000101100011111101111111111100111110011
00110000110010011110011110001111110111011110111110111111
10000010000000010000000000000000000000000010000000000100
01000000100000000000000000000000000000100011000011100001
10000000000000000100100100000010111001111000101101001110
00000100000000001001000010000100010010010001101000110000
00101100111010011101011110000001001000100100011101011110
10011111111111110111100011110001110000101011111111100110
10000000000000100010000000010100011110101011100101000111
00000000000000000000000001000011100111110001100110100010
11110111010001111100011100011001111101111111110001010000
00110010110001010000000000000000100000001000000100000001
01000000000000110000001000000100000100000000100001100000
00011100011101011011011011010000110000110000011100001110
01010110111110110011010000101000010100000010100101110100
00000110100000011100000100000000000000000000000010000011
00011110111111011111101011111110110110010110001111100111
00010000010010001000001000000000000000000010000000000010
00000000100000000000000100000100000000000001000000000000
01100001100000100000000000001100000100000000000000100000
11001111110111111011111110101010011000011110110110110111
11100101110001111100111111010111101111100010010001000000
01100101100110111110011110011111001111111111101111100011
01011000000100101111111111111111011011111101110110111110
01010000011000001100100100000000000000101000111100100000
10011110111110011111011011101100011100010110111111111111
11011001001000000111000111000011101011111111111111111110
00000000100000001000000001000010100110000011001001001001
00000000000000000000010000001000000100000110000010000000
00101100010000000100001100010100011000011010010110110111
11111111111110111111111101111111110111111111111101101111
01111110111100101111100111110101111101111110111110011011
10101011101001011111101110100111110001011100111111001011
11110111110111111101011110011110001111101110100111100111
01101110011101101010110111111010111010101111111111111111
00101110101010000100000111000111100011001111111111011010
11100101100011010000111010011111111101111000111010111011
00110000111000111100111100011000000000000000000000000000
00000000000000000000000000000000000000000000000000000000
00110010110111011011111101110111011111101111100010100010
01100000110001000010101001100110000001000000000000000001
11000101000110000001000100100011110111111011100101110100
10101110000111100011100001101100001100101101011110011111
11110001110000101100101111010011111011011101001001101000
01010100000000010000010000001000000000000100001000001010
01100111110110111010111100011000000000000000100000000000
00100010000010000001000100010010011000010000000000000000
01000000000000000000000000001000000100000001001000100000
10000111010001111010110001111001111010100100001110000111
01000000100000000000000000001001000101001010010001000100
00000000000000000000000000000000000000000000000000000000
11111001011000110001010100000010010110011111011111011111
01101001100000110000010000011111011111011110011110011111
00000010100001010000010000000100000110000010000000000101
11111101111111111101111110111111111111101011110011110111
00100110000111001010100100000011000011000010111000011101
00000000000000000000000000000000000000000100010010010001
10111110111111011111111111111111011111011101111111111111
00100000100000010000000000000000000000000000000000000000
10000111000011100000010000000010000000000011000001000111
00001000000010000000000000000000000000000000000010000100
01100000000000011100000100000000010001010000001000000101
00000000000000000000011000001100000100000000000000000000
01100001100100000010000000101100010100000000000000000000
11011111101111111111111111111111111111010111111111111110
01000000001000000011000001100000100000010000000000100010
00000000000100000100000111000100000010000000000000000000
00111010111111111111111111111111101111100111111110111111
00001000000100000000100000100000000100100011010000000000
10000111000011000000000000100000001000000100000000000001
00001110001001000001100000100000010000010000001000000001
00000000000000000000000000000000000000000000000000000000
00010010010011100001110001010100001100000000010010011010
00110110000110000110001011001111100111100100101100001110
00000000000001000000100000100000000000000000000000000000
11101101111100010110011010000000100000100011000101000010
00100100001000001000001100000010001000000100010100000010
00101001000000000000000000000001000000100000010000010000
10101100111111011011101111110011011011001101110111100111
11010001000101110000011000111101111111011111111011110110
00000100001010000010000000000000000000000000000000000000
11111111111111010111100011100101110100110011001111001101
00101010110100001110011011001100101110110010001100001111
00111001001001110101011100001110001111011101001110001110
11001111100110100001110101111001011100011010111111001111
00001100000100001111001010100000011000011100000000000000
11100001100000100000010110000001000001101001111001111100
11100001110000010110011010000000000011000011100000100001
00000110000010110001010001110000001000010100001110000001
01000010100001010010110000101000010100000000100000000000
00000000000000000100000100000000000001000000000000000000
00000001100000000000100000100000010000000010000001000001
10000000000010000000000001000010100000001000000000010000
01010111111011111101011101111111011001101101101110110011
00000000100000000000000000000100000100000010000110000000
00000000000010000000000000001000110000011001011000000000
00011110101010010101001110100001011011111011111110111111
00000000000010000100000110000000000000000000000000000000
00000011000001100010100000010000001000000100000110000100
