01111000111100001100011100001110011010001001000100100100
00000000000000010000110000010000011100000100100110100110
11010001000001101000001010000001110000111000011010101000
00000010000110010011000011100000000010000101000011000000
00101011000001100010001010000100000000001000001100010100
11010011000001001010000011000001101000100001111111111010
00000100100110010111000011000100100010000100001110001110
10000000000000100100001100010111001011101011000000000011
00001100000111000011100001110010001001001000001100001100
10001111000110110111000011000000100000000010000001001000
00111000000100010000001000000000000000010000011000011100
10100110010010011010011010001101001101101010000001000001
00100000100000010101000010001001010100000100010000001000
11100110010011000000100000000000001000001101101100110110
11010001000000000000100000010001100000100001010000001000
11100000110000011010001101000100000010000011100001110011
01101000100000010011001001000100100010000001000100100111
00000100000100000010010011000001011001010000000000000000
00000000010000110000000101000010000001000100100000100100
11000000100010011001001100100000001000001000000100010010
00100100000011110011110101110100110001010000100000000000
00100000100100010011111001101101010000001000000110000000
00110110011010000000001000000010001000001110100110110111
01011101101000111100011100011000000000000000000000000010
00100000111010011101000111100110000000000001000110000011
00100000000000000100000100001011001101100100100100010100
00101000000000000000100001110010001010001000001000000100
00110000011100001011100001110010010010010100000010001000
00000000000000000001100000101010010100100100000010000001
00000000000000001000011000101101011011101100000100000000
01100000101000001010001011000110100001000000111010101010
00011000101010000101000011000001001000001000001100101100
01011001001010000000000000001100000110000010100001000000
00110100100010110000010000101000100000000000000000001000
00010000001010010110011010100001010001011001100110000010
01100100110100001010000010000000000001001011100101111011
11000011000010011011011110100111100010100100000010000001
00010101001100000100000010000100000000100000010000101010
10010101011000000010000000000001001111001011100101010010
00001100000100110011110011110001001000000100010000000000
00000000000000000001000010000100000100000000000010000001
00110010011000000100101010110111010001010000101000011001
01101000110000010101101011101110000010000000000010000000
00000000000011100001110000100000110010011011011000001100
01000100000100010100001000000100100000000110101010100011
00110000111000100000101000010100000001000011100001110001
11010001001000101100010110100001100000010011111001110001
01010101011010001111001010101101000001100011110000110000
00100111010011001001000100000000000000000000010100010111
00111000101100000011000011100011001000101100100010100000
01000000000011100001010000010101101000101000001100101100
10100111101101000010001000000000000100001010000100000101
10100100110010001111000011010001001000010000101001010001
10101000111100100110000010000000010000010000100000000000
10001011011011100000100000011010010011011010101101010100
00111100011100100100000000011000001000000100000000001010
10110111010011011001001000010101001011001000111110011110
01000010100000110010011011000000000010000001000001100000
00000110000011000000100100011011100001000000001110000111
00111101001100100010000000000100000000000000000000000000
01100101100000110000010000101100111100101100010100000010
01001000001101000101100101110101011000111001011100001110
01001001001010010001010000000000000001000000110000101000
00001000001110100000000010011000101000001110000010001001
00000000001001000110000111001010100101110111100000101000
01000000000100010010000000000010000011001111001101001110
00000010000001000000010000000000000000010100101000001000
01011001011000101110011100000000000100000000000110000010
00000000000000110000111000000100001010100101001000000000
00010001011000100000100000010010000010011001100100101000
00000001010000101000000100100000010000011100000110000001
00001011001101101000110100011000011100011000000010000000
01000101000110000001110010100101010000000000001100100110
00010000010000001000000010000011000001001000000000001000
00101000001000000000000000010010000010000000000000000101
10001110000101000100010100011000001100001100001100001101
10000001000001010000000000000100100101010010000000000100
01100000001000000100100101100000110000110000001100000110
00010000001010000111100011110010000011000001100000100000
00000010000001010000000000000001100000100000010010010011
00010110000011001001101101100101100000100001010000001001
11011001000000110000000001000100100110110011110001110001
00001001000110100010101000011100001111010100001010001001
10001010100101110010110000101000000100000000000001000000
00100000000001111000111100101110011010101100010000011000
10001000010100001000000100000110001011010101101001010000
00011100101110000101000000000100000110000001001010101010
00100100111000000011010000110101100011111000111010100101
00000000000000010000001000000110010000000000010000010000
00101010110000110000011000100110000010000000000001000001
10000001000000111110010110001001000001101110010101010101
10100000000000000010000110000001000000100000000001010000
00010000000000100001000100001000000000010100011000111001
00011101001010111000010110010100110000110000000010001001
00000000000001000111001111001111101001110100011000001100
01000101000100100111100010100001110000110010011000011000
10000101000101010111000011001011100111000000000000100000
00000000010000000000000000001000000110010011001001010000
10000000000010010000000100011000000100000111000001100000
00000000000000000000010000101000111110011010001000000000
