11111101001000110000001000011001100100111000111110100000
00101010010111100110010111001001001110000010011110111101
10010111101010111011011101011001010000110011100001001010
01011111000100111110101111100001000111111111001101101011
11000101011001100111010110001110001111100111010110100011
01101101001001101000101110001100101010000011011101110010
01001010011111011110011100001100010101101011011101000100
10000001101110010110011110010011001011110111100101110100
10100001010111001001100101011101011110100110010001011111
01010010101101000000100101111110011001100111110000010011
01110010000001110000101111110010100111110000111111000110
11110101111001101110001000110010111111000110100101000101
11001110001100000110000011000101100100000011110011101000
01010110100110110110010000000000110010000100001111010000
00111110000101010100000011000101110010011000100011100011
10010110011100101110011110001100011101010101001010001100
01000101101100001001111111110001000001001001000010110111
11001011101000011010010111101111100100100111110011010010
00101101100000101101001100101101010100010000010000011001
00100101110101010001011111001101010111101000001010110111
00101010101000111011101001001101110011010010100000111001
10100000011011110101101111010101001000010010010010110000
11111010001110010111000010101011110101111110110100111011
11110011001000101001100100111111011001111111010111001011
01010111011001000110100111111101000101010111110010111000
11111110101110100011001010101100011101000000100111011011
10001110101011000000001111010001110000011010000011100000
00100101010100011011111001000110011111100101100101100100
00010010101111011110010100011101010111111001010011101101
01101010111110101111000101110111110000101010000111110010
10100100001100010000000101001111111011110001100100011010
10000110111110111110101110011111110111111110111000010001
01110001111010100101100000111110100011100001111001000011
01110101001011111101111101000100011000000101111110001000
11101111111110101111011100001111111011100100100111011011
01111100000111001100011110000101001111100000011011101110
01000010011100010111010100111111011011110001110010111011
10010000111001000110001011110100000100110101111011010111
11010100101100111010110000111111110011101101010001101001
11110000110101011000010010001110101111000000010001100011
00111101101011110111001100010101100011000011110110010000
01010011100010011001100000101001100001110111111111000111
11011111001010001000010111100101001011000000110101010001
10000010110001000001110101100100100000110111011111110001
10000100001011110010011101110000100111011110110011000000
10000001100011000111111101011110101011000001111100001100
11100111000001011000000000000011111111100010011101010010
00111101010111101001000001001100101111011110001011110111
11111010011001110111100100110010010011000001111011011110
10110110100100000000001101111011001011000011101000110100
00011011101110111010011101000011011110111000110111101011
11010011110000000100110010110001100011111010111001001010
00010111110111011011010100010101101001011111101011000100
11011000100101111111010000000101001010001111010110110101
11100101010100100111101001001111100000010111100010110011
01011100011001100001010000000000010101010101000111100001
01010100100001101110111100111101100000100000000110101110
11111110011101000010010011101101011111011011011010101111
01000110100000110110000011001000111011011001111101100001
00001100001110001101111110010111010110101010001101110000
00100111001011111110001011111000010101001010000111100010
00001100000010100010100101010111100111110010001111011010
01101011100000011001110000000001111010111011101101011100
11001100010100101001010001100111000101010100101100010010
01110010001010110010010101111111110011010001010000111101
01100000111111001111000010111010110000100110001110110011
00100011011111101011000001110000001011101110011010001100
10111010111101111111100100111110001011101110100111111101
10101000001111110110100000101101011000100101101101001010
10100001110110010011010101010101010010101000110010011010
00010011111011000011010011000111100010000101110111111011
00010111100001010000001111100000011000001111100111010000
10011111101101100010001011100001000111110101100001000100
01111110011110001101111011000101001100000010110010101100
10010010001011100100001100101111000001110101111110011001
11100000111100010001110101000111101110111100101110001011
00100001000110011000010111001110101011011101001011001001
00100010010111010010000111111101100101010111101010000100
11101111101110101110111000010110101010101101011100110000
11011000101100011101101110000110000101110111001110010001
00110110101001011010111001000000010000101101101010010111
10001010010000001000100111001101111111111001011111100100
11100111110010111001011001111111110001000010110111011000
01011001111100101111101111100110111001000000111000011000
00101101101110000001001100011010111100101000110011010011
11010101111100000111010001111111011100101001111001011101
00011100100101001110010011101010101111110100111010011100
11101011011100000000011011111111101001100011100101000000
00101011110110011100010101001011001010010011001011001110
01110110111010101001100101100111100011011001100111100111
01011000010101000100001001100101100001111011100100101100
01011011101110000100000011011101001100100011100100000011
10001111100010110111111000000111101111100111110010111111
11110011010100011111010011101011110100111001000100110101
00010010110001110101010110001110111011010001110110000001
00100011010010111000011011001100011001001010110011110011
01001100101000110000001100010000110110011001110100101011
11110001000110001011010110101101111011010001010000001011
11111000001001111100010111010100000100110011110000001010
01001100110011101100000101101001101111000010101100000001
