11000011101101011011010111111001010000000110000111000001
01000010101111011010110111110010101111011110010010111110
11110011001101010011010110101011111010000100100010011001
10101011011111100011100111010000101110111011010001000001
01011000000110101100100010000111010001011111110101001101
01111000001011101110011111010111111101110000001010001001
10001010100101011010010111100111111101100101001100011110
00000000000100011111100111111101011100101110011111010100
11111110111111011100010100111000111101100011110001100111
10011011000011100001001111101101010110000010111001010011
00110110110111000110111001011111110101001111011101100111
10110110101111000011110111111110110110111011101011001101
00000001111101011100111101100001001101011111110001000001
10011011111010001110011101110111101101011100011000110001
01101011000111011011111111101011110100000000110111101111
10001100001100100011110100100011001010001110001100111100
00011101111100101011001000011000101001111011001011010011
10011110101011000111011110010110110011011110111001100000
10101110000001101100100000001101001111011010110000000110
11010010011101010011011100101101011011011100111000000101
11111001100010000100010111010101100001101011010101110101
10111110101001111011101100110101110001011001100100010001
01010100000100100110110001100101101101101010101111010111
10100011111011000100111001101011110010010011111111001001
01001010111010001010011000010011111111000011101011000110
10111111110101001111010111000111001110001011010111011001
00000110100100101100101011110011100001111001110110010001
10110011000100001110000110111101001010100010101101011001
11110111010011100111111100011001000101011011001001010100
11100110000000001011111011000100011010100010101111100001
00100010100111110011000101100000101001111001100011000011
00000010101111000011010011110011110101101010110011011111
11000011011101010111010011101101001110001110101101000101
01110110101111010110111101100111011101100010100001011100
10110010100101011111011111000011110001001111111001001010
11110111011111111111001110101000111011010000000000011000
00110001010111111111100101001101100000011011100110010001
01110110011110111110101001110111110110111011100101001100
11110011111111010101001001011000110100101010110001010110
11100100010101000010111110001011011101111111101101001110
01011101001111111100010101010001100111011111001111010111
10000010101101100110011001010110111110000001001111011111
11110101110110100011000100010010101101101110111001011111
11111111111100000000011100110001100111111011001001010100
10110001001110101010101100111001111101110011111111001001
01100111110100010111111110001011100011111100101000001101
10000010001010001101110101010110000100101111101101001001
11000011011110011111001010100101010101010000100110001110
00101000110000011000000011000000010100110110110101001111
01110110010011001011101010101100001110001011011010001010
10000001111001001100010111000110001010111110110001010110
10110111101001001011110101101111110100001001111000000000
10111000101110111011010000011101010101100011111010001110
10001111100111001010111110110100011000101001111111000000
01111100011011001110001000001011001100100010110001100011
10100101011101001000011011111111110110011110001010100110
00101011101111110001111001110010010101101011110011000011
00110100101000000110110011110111100111110100011110100110
00011000000010111100010100010101100011010101000011011100
10011101111011000000011000000111011100101011101011001010
10001110110111011100110010100100110101011100101010011001
01010001111110000101110101000101001000011000110011110101
01000011110111111010100010101000111010000001100000001101
11001000011001110000111111100011010111001110101000000011
10000111110101011010100111001100011101110110110011101100
01110000001001101110001110101100110001110011101101010001
11000110000100111000010111000101100111111110011011100011
01010010001011111001011000101111101010110101101110000001
01110001011110011100111011000000001011101010101001001011
00000000101100010110110111000010001110001101011010100010
11010110111101111000100111101001011100111011011111000011
10000000111101110001011010100111111100010100001010000110
01100101110100110010010111100100010001011111110011010111
01101111011011010100101010011000100011100010100011001011
10011011001101011000110110100011011001101010111100000001
10010010100101111111011101110110010000010000101010011010
10111011111111011001111010111101100111110111001011010001
11000100000101111110000110001110000010101001110000011011
10101100010010100011000101001011011111000011001011100101
00100111101001010110101100100101111101011111101111100011
00011000011100011110011110110011011110101000011000100100
10011100111100101000010001111000000010001110001001101111
10010001111110110111111111100101011101011011110101010010
11001000110011001111010000101010011001010111111000000000
01110110001001000011010011110011010111110011011111111110
10011011011100111011101011010000001100100110100101010010
00000111110001000100101111001111001111111000001010000101
11011011111111111100101100000011000101100101100010000000
11000011010001111101000111010101110100001101100100000111
01011110101111011101100000100110001110111111101011111000
10110110110001111110101011010000011101000110110111110111
10000111000111010101011111001001001110100100010110000011
11010111001111100010011110110101110110111011100111001110
11110101111000111000010111110010110110100110000111010101
11000011111110111101011111100000001001000001101000010000
00000110110101000101100111100011011010110010000001111000
10001111011101000110111100011000010011100100110111000011
10010100011110001110110111101011011001100011010010111101
10101110000111111001001011100000101100110110100101101000
10000011001111010011010111110010010001110001111011000110
