10101111111100111110101000100011010010111000010101110001
10001011000000011101011110110101100010010100000110101000
10000101010101111001011000011001001100000101000001111010
11111001100110001010111111000001100111010111010100101101
11110000011110010011100000010000000111000110111101111111
01101001010010010010100111101111110111001101111001011001
00110111101110101100101010110100101101000110111001110100
11000000010001101111010010101100111110100100101100000000
00101111001001000111111001011000000100100001111001010100
00010101000011111111011100100111100001011010000000001100
01110101101010100001000000010111100011010110000001111000
01101100000100100010011000000011100111000100010110100011
01010001001100000111001001100011010110110010101011100111
11100011111101011111000001100111000011111000101100111101
11010111001010101001000100111000101110111101000111111001
10110011111110111010001110000100111001110111111001001011
11000101011100100111110100011101110101101011010111110101
10000010011000011000011111001001110011110001011001000111
10111100011000111111101000110000011011111100000000100011
00110110000011001100100101110011010111011011000011101110
11001000000011010000011011110110011001011010111101101101
01000101101001000000111100111000111110111001101010110100
11001000000010000000010011001011010001100111110111111010
10011110011010100110011011000110001110000000100010101001
11101111100111100111110010000001000000011000000100000101
10011010011010011100011101110110101011110011101100101111
00101001010110000011101011010011111110011001111110111100
11011010000110101111001011101011111000001110010101000100
01101100111111101001000000001000001101001010101011010011
00011110100100001110111110101111110001000000111111010111
01000101000011111101111101010001101111101110010011101110
11110011000011011110110100111110100110110101110010000100
00110110111100101011010111110010111000011000000000010100
11110011101000001011001100011110100011110100100001110100
10110100001001000001011000111100110000110101101101111001
11011100000110110010100111101110011110011011100111010010
10101100110111000001001010000111000011011111100110010110
01011110111000001010100100111110110000110111001000111011
01101100011101010011001011101010010010111110111011011000
10110011111000010000101010011010101011000010111010001010
00001011101110001100110111101000011001010010111100011001
10000101000011010110100001011000111010110011011111110011
10001011000100011000000100000000111101011001100000111010
10001101010111001000011100000100000111011010101011010000
00001000101101100010011000001110010111111011000001101100
10001000001100111000101100100011010110010100010111110000
10000011101000010010001010111100111101000011101110011101
01110010001101111110110010000101011111011011111000011011
01001011000110011011110100011100100101011101101111000000
10100010111101000111101111110110111111101010100000110011
11100010010001111001111001110101100000010100100011101001
10110110000010100111111001000111000111011011101111001100
10101001100010100111010110100011101110110110011111000111
00010000110011111100110101110000101000111101110011110100
10100011000001101010011110100001011100010100000011111111
00101000000000010000100000110000010000011010011001101101
00010010110001100110011100000011101100010111100110011001
11000011111110011011111000110100111011110111011010000101
00110101100111111100111010011001110110100011000011101101
00100001010010100100111001110010011110011101111011001110
10011111101111110100101000101011011000000010011101001101
11011111000100001101111011100111100110110111111010000101
11100000011000001110110010100110111110111010011011001100
01100001011011110100011010110000011110011101000100101000
01001111010011111101001100010010101010010100100011011010
10010000110110100100010110011100100100010000000000010010
00000010001010111001011010010110111111101001011111010111
00110000000000001111011100010110001001101000100111101100
01100010001001110000011000011111001111100101110010010110
11011110101000101111001111001100110111110000010100101010
10011001000111000010000000111110011110011101111111011100
11101110110010010010011111000010000001110001110100000111
11111110001010000011100111111110011101010010110000001001
11011011101000010110100110110110010001100001000001101110
01010101000000100000101101011111110110011000110111001011
01010000100101010001100100000010010011000001010001101000
11100110110001011111111000101110100110100110110000010100
01011100010111010100101011100011100001010001100010000010
10111110100000010111001111101110001111010000100101100000
10011001101100011011111001000110101011001100001000001101
11100111111110110011001011111010011110000001000001011110
10100000001000000010100111101010100100010101100001000101
10111110100111011001101000111100100110010011000110011011
01101011110011010111000111001111110111110000001111100001
11010011001101011001111100110010111010110010010001111000
01100111111101111000101101000011011111100001000100000101
11110101000001100101001111100110111010010000011000001110
00111010001000000110010000101010100111111110111110100000
00011101100100001010000011100010000110100100010111110111
10011000011100110000011111101011101000110110100001001001
00001110101111110011011101101111001001111000101101001101
00111001110010111011011000100000010001001101110011110001
11011101100111011011111110110011000000110110110100001011
10111100001101000101001110000101110110111011001010101001
10011101010001110111100001000010100001010011000011100110
10111101000110011110100011010001110011111000111110101000
10100111110111001001001001101000000010000110110000100010
10000111000001000101100111000000000010101011010010110101
01010111111000000000001000101000010010000000101010010100
10101101010110001001000110110100010001110101000111110011
