00000000000000000000000000000000000000000000000000000000
01111110111111111110110011111111001111111111111110110011
00000000011000000110000000000000000000000000000000000000
00000001000011000000100000000100000110000011100000000000
11011111101000010000011000000000000000000001111001110001
01101110000000000000011000001100000010010001000000110100
11110001000000000000000011001111000100000010000011111111
11100001100001110000000000001100001111001100001100010000
00111110111110011111000000000000000000001100000001100011
10000100000000001110000010000001000000000000001000000001
00001000000100100000000000001000001100000111100110010000
10000001011111100111000001100001100000110001100000000100
00000010000000000000100000110000000011100000000010010011
00000010000000000000000000000000000001000000000000000011
00110000000000000000000000000000000000000000000000011000
10000011000001000111000001000000110011000010010111110011
00111000011100111001110000011000000000000001100000011100
00000000011000001000000110000000000000000000000000000000
11100011001011001100001101110111110111101100110110011100
10000000000000100001100000010000000100001100000101000000
00000000000111000000000000100000000000000000000000000000
01000001001100110011011001100111010100000110001001000000
01101111110011010011001011110111000111011100101100011100
00000000000000000001000110101000001110101100011000010000
00000001110111000000000000000000000000000001000000100001
10000000000001000000000000000000010000001000001000000110
11000010001000000100010001000000000000000010000011100001
00000000000000000000000000000000000000000000000000000000
00000010000000000000000000000000000000000010000000000001
11001101100111110000100000000000000000100000010100001110
11100001110000000000000000000000000000000000000000111000
00000000000000000000000000000000000000000000000000000000
00000000000100000110000110001000110000011000000000000000
00000000000000000000000000000000000000000000000000000000
00000000000000000000000000000000000000001100000100000000
00000010000001000000000000100111000000000000000000000001
01001000000000000000001110001100000111000011100010110011
00000000000000000000000000100000110000001000000000000000
11000010000001000000000000000001010000001011000000000000
00000000000000000000000000001011000100000000000000000000
00000000000110000001100000100000000000000000000110000011
00000000001000000000000000000000000000000000111000010000
00000010000000000000000000011000000000000100000001000001
00000000000000000000000000000000000000000000000000000000
00000000000000000000000000000000000000000000000000000000
01110000000000000011001000001100000110000001100000100000
00000000000000000000000000000010000000100000100000000000
10000001100000010110000010000001000000100000010000000000
00000000000010110001100100000000000001000000000000000000
00001000000000000000000000000000000000000000011000000100
00000100000100000010000000000000000000000000000000000000
00000000000000000011110000011000001010000001100000000000
11100111110011110111100000101000110100011111000101111011
01000000100001000000000000000110000011000000000000100000
00000000000000000000000000000000110000010000011000000000
00000000001100000110000001000000000000000001110000110000
00000000000000000000000000000000000000000000000000000000
11000011001110000001100000001000100000110000000100000010
11000101100011111111100000000000000000000000000001000000
00001100000000000000011001110101000100000111101100000000
00010000001111000011100000110000111000010000100000011100
00000000000000010000001000000100000000000000000000000000
00000000000000000000000000000000000000000000000000000000
00000000001100001000000000000000000000000000000000000000
00000000000000000000000000000000000001100000110000111000
10111110001000000100000010000000000000000000000001000000
00000000000111001001001000000000010000001100000010000011
11011111111000001000001110001110000111000000000000000001
01000110000000000000000000000000000000100000110100100110
11000001100001000000011000010000001100011110000000001000
00000100000010000000000000000000000000100000011000000100
01001100100000101110111111001100000110000110000110000010
00000100000000000010000011100000000000000100011010000011
00000000000000110000010100001110000000000000000000000000
00000000010000101100000000000000000010011011000000000000
00111111000000100001111111110111111000111011011111111011
00000000000000000000000000000000000000000010000100000001
11110011001001000010000001110011001001100101100111100011
00000000000000001000001100000110000000000000000000000000
00000100000111010000100000001100100110001100000000000010
10111011110000011000011110110011100111110110011111111101
00000000000000000000000000000000000000000000000000000000
00000000000000000001010000110000000000000000110000000000
00000110000110000001000100000001100000000001000000000000
00000000000000000000000110000001000000000000000000000000
11011001001100101000111000111111111000111010011111111011
11011110001000100000011000001100111110000111110111111001
00000000000000000000000000000000000000000000000000000000
00000000000000000000000000000000000000000000000000000000
00011000000000000000000000001000001000001100000000001100
10000010000000000000000000000001000011000011100001000001
11101111011111101111111111101101110111111101111001111111
00000000000000001000000100001000000100000000000000000000
11000001000000000000000000000000000000000110111111111111
11110001111100111111101110100111110111100101111001100111
00000000000000010000011000000000000000000000000000000000
00000000000000001101100110001110000110000101000000000000
00000000000110000001000000100000010000000000000010000000
00000000010000001000000000000000011000100100000010100000
00000000000000000000000000000000000001000001000000000000
