11100101111110010000000000000011000101100011111111111111
00001010001111000111100000010000000000000000000000000000
00000000000000100000010000001000000100000000000000000000
10111110011111001111111111110111101111110111111111111110
11111010011100001110100111110001100000010000010000001001
00000000010100011110000011000001111000011100000000110001
11000001100010000011000000000000000000000000000000000000
00000100010011000011100100011000111000011100000000000010
01100001110000001011011000000001100000100010011000000000
11110001100100111110111110011111111011011101011001100100
00111000011110011111011111110111111111111101111011111101
11110011111111111111101111111110111111001110111110010111
11111111100000111111111111010000001100111010110001000010
00000000000000001000000110000011001000000011000000000000
00001110000011000000000000011110000111011111011101100111
00111111011111101001011101111111111111111111111111111111
11011101111110111111111111111111111111111111111111111110
01110010000110010011001000000111000010100001110000110001
01111000011111101111110111111111111111111111111111000111
11000011100000111100000000000000000000000010000001111000
01111111111111111111101100110100111000111110011100000010
00011110001110001111111111101111110111111100101010000000
11111111011111100111100111111001111111101111101111111111
00001000010000100001000011101001000000011100000100100000
11001101100011110011111100001100001111110110001001111111
00101110011111000010000001010111011111100111000001001000
11110111111011111101111111111110111111111111011111111110
00000000000000000010000001000000001000101100000110010011
11111001111110110011001101100100111010111100001110010010
00000010000000000000000000010000111000000000000000000000
10011110100110011110000100000110000011001000111100111011
00010000000000000111000000000000011001000100100010000000
10000000001111011111111111001110000111011011111101011111
11111111111111111111011110000111000111101111111111111111
00000000000000000000000000010000001000111000011000000001
00000001000010000001100000110000011000100000000000000000
00110000011111100111111000111111100111110011111101111110
11100001111000111100000010100100110100110111111110011101
11111110011111011111000111110001111011111100001110101111
00000010111011001100000011000000001100000011000001110000
01100000110000011000011000011000011100101000110000000000
10000000000000000000000000000000000001000100000110000011
11111100001111001101101001110110011010011100011110001111
01000000110000000000000000110000111010000001000000000000
10000000000000000110000001110000101000010000001010000100
00000011010000100011111100110011111011111111110111001111
10010001110000000011111111111111111111001111101111111111
11111111111110111111010000001000000110000011111111111110
11111101111100111000011101110111111011111101111110111111
10101101000011000000110000111111111000000100001000000110
00110000011000101111011111001111111111110111111101111001
00110110000011001001000001100000001000010100000110000000
00000000111000000010000000000000100000000010000000000000
11111111111111111111111100011111111111001111111111111111
01100010001111110011110001100000000001110100101110000001
00000000011100110100011110110110001011000111010001000000
11110001111100111100011111101111110011110001001100001111
01010000000100011010011111101111000110000011000000000000
01010000000000111111101111111111111111111111111111111111
11110000110000011100011110000111100000000000000000000111
00000000000000000000000000000000000000100100000010000000
10000010000000000001110000011000001110000001000000000000
11111111111111111111111111101111110001111100111000011100
10010001111110111111110011111100111110111111011100111110
10111100000000000000000000000010100001110000000100001000
11111110011111011110011100011100001110000111100011111100
00110100000011010000001111010111000001111011111111111111
00000000000000000000000000001000000000000000000000000001
01100000010000000110000110000001001000100100010010000011
11000111100000111000010000000000000000000100000011100011
00001000000000000000000010000011000100000010111000011100
00000001000000000000011000001000000100000000100000001000
01111111000111101111111011110101111010111001111101111111
00000110000111100100000000000001000000000000000001000001
10000000100001000000010001101100100000111111101101111000
10001111000111001111111111111010111111111100111100011100
11111110011111000111100010001000011000011100000110000011
10000000000000000000101000110100000011000101100001100000
11110111100001100000111000011001011101010111100011110001
00000010000000100000010100000000000100000000100000011000
11111111111111111010011111111111111111111111111111111111
00000010010000011011011000000000000000000100010010001111
11111001100000111111011111100000011001011000000000000001
01000010000011000000100000000000000001000000000000000000
10011111011111110011111001111101101111110011111101111000
11111101111111111111111111110011111001111111111110011010
11011111101101111110011101001110111111000011110001110000
11111101111110111000011111010111101011111111111111011110
11111001111110011111111111111011111001111100111101111100
01111111111111011111111101111100111110011111111110111111
11110001110000111100100011111000011110001011010111110010
11111111111101111111111111111111001111100010111101011101
00000000000000000000011001001100000000011000001100010111
00110110001010000001110000111001000000110000000000000001
11001111100111110001100010100101111110000011000001100000
11111011111101100010010010001000000110000000000000000000
00011000001000010000010000001100000110010010011001111000
01111000010001000000010100001110000000001000000000000000
10010000001010001111100001010110000011110000010011000000
11100011110011001000000010000000000000000000000000000000
