11011100100110110000001000001000000111111000010111010110
00000110100011011111011101011111101111000011000101100011
01100011110010100001110011111011111011101010101110101110
11000011111000001000101010010010011010111000100101101011
11000000110010011000000111100100010000110100000000110000
00110010001000100010011111011010010010001110100111000110
00000001100111101101000001111101111100011100100101001001
00101001101011100000111010001011000010101010001100001101
11110010101001010011011100000111001100111010000110000000
00010000111000111110110000111110010000100000000010001001
11000010101110000000000010010011101000001110001111110111
11100111100110011000010000001010000100001010001111001010
11001011100100110000111110011000101100011110110011100001
00011100011001000010100000100101011101100100100010001010
11100011100011111000111100110011001100101010111010111011
01010011010011110001111000011001010101110101011110010001
00000100001100001111010000111010101101111100010110000011
11010100011100101101000110010001010011100101100000110111
10000011011100010011100000110001011011111000000110010101
10001111110001101001010100101010010010000001011100110011
01111001100011110110010100001010011000100000000000010111
10011110011111111101011000010000000000000000111100010001
00001001001011001001010110101101100011101110000010001111
11011001101100011000000010010001101011100100011101011100
01000101100101110101110011100100111010110001101000111100
11000110001010010001001010000011101100101111000111010011
11100011100101101100000000011100010101000011110111011111
10111011000100010000010001101010110001110100101001011011
01111011011011010011111110110100100010101010010100100100
00100000110100011001111101111000000100000100100110101011
01101001011001010001110010010000001000111000101010111111
10010110011101110000111111010010111010101000001000011101
10111011100010100100000110011111000010001000110011100010
10100110011010010000001000011001110100010011101100101001
11000011100101100000100010111000111110011110001000000100
00101011101000011010111110000110000110000000100010101011
01011101110110100001110100110111010011110101110011011100
11000011100010111001011101000101110011001111110011101010
00001000001110101111101000010010110010100101010110001111
10100011000111110000110001110001101000010011010101000100
10110001000010011110110000101011111101010001110101011011
01101110000000111000111110111110001010110010101011011011
00101001011000110010010011101111000100011100111110010101
11111001000011110001011000111100000010011111000100010000
10111111100011001001010010000000100101111111001010001111
00001100100100111100011100011000101101001100000000000100
01101111111111101000100000110000000111111110110110111001
00000000001001001010011100101011001100111101111100110110
11111000001110001011001101001111111010000001101000100111
11010011001010000010100001110101101001100001011011101100
11000011010111110010111101110000000100100111001111101101
10111100000100000111100001100000011100011000101100010111
01000101111111100100010010101001100010000011011011100001
00110110111111100001000100011111010001011100000111010101
01111111100111100010101000010010100101111010110100000001
00110010100000011110011100110010000010011100010100101101
00111001000011011001111101010110101100000101110000010000
01111101010100111010000101111111001101110010000011001110
00111101000000110111111111001010010110001111000010110011
11011000101000000011110011001101101001010111101010000100
00000000011001110010000100100111100111100000100011110001
10001000001000111010011100011110010111001001001000100110
01110010111001110001001110101111011111011010000001100000
11100001000111011101000010011001100100100101010010100100
10100000010101000000111001110011000010100100011101011010
00001111000111100011111000111010101001000010001011100011
10001111001010100011110000010010011100010110000101000110
00010101100011101010000001000001100111010000001000000010
00100010100000100011100011000101111001010001111111011100
00000010011000001111011010100000100000001110101101101010
00111010010101101100001001000011111110110000110101000111
11000111010101111000001101101110101001011100011111000001
01100010001111111010111001011011010100100000000011001011
10101111001011110000111111100001010001110010111111100010
00100110000100100101000110111100000001000011011010111000
01110010011011011110101011100100111001000001010011001001
11111100010001000011101011000111110000110010110101101000
11001111101000011110101110011101110000011101000101101010
01000111001001000001100111010001100000111111011010011011
11101011010100011000111100011000101000111010111011101001
00010100010101011011111001010001010001011100011001010000
11101010000011001101010100101110001001100011101110100010
11001110100000100011100010011001000000100010000001001110
00101100011100011010100101100011110000100000111011001111
00000010101111110010010011100001101001010100100001101100
11010111100110010001000001001011000001001001111100011110
01001111010100010000011000100100110000000000000100001001
11110000001011110000011100111000100100001011101101010010
10010110101100101000011001111111101100001001000001001011
11110010000100101010010100011101011100001100001101110110
10001001011001111011101100000101000110000000001111100000
00010100001110000010111000110000011110111010001000100100
01111101111010001100001100001000111100011110001000010110
10001001000000000101000001001111001111010000101101100001
00100110101011110000010110101000100000100111100111101001
10011111001100000000011001100101010011101000011011000000
11100100111000110101100000110000100000010011111010000111
11111000111010010111111000100110011011110111010011001000
01000010000000000001001010000011110100011100011101000110
01000011000001011010001100011000010100011110001010101010
