11111011111111110000111100111111001111111111111110011110
00111001111100111000111111011100000010000001100000000000
11011111111111111111100111110100110001111000011001001111
11111111111111111111111111111111011110001111111111111111
11111111111111111111111111111111111111111111111111111111
11111111111111111111111111111111111110011101111110111110
11111001111111111111111111111111101011110001111101111100
11101101001100001111100100111110111111011111011111111111
11111111111111111111111111111111111111111111110001111101
01111111000111100011110011011111001111111011111101111111
11111101111111111110111100011111111111111111111110001100
11001101111111111001100001101110111011010011111111110111
11111111111111111001111110001111111111111111111111111111
11011111100011111111011111110111111101111111111010000110
11111111111111111111111111111111110111111000011101111111
10111111111111111111111111111111111111111101111001011111
01100001101111100011111111111111111111111111111110111111
11111110111110111111111111111111111100011110011111111110
11111111111111111111111111111111111111111111111111111111
01110001111011101111100111111111111111111101111100011010
11110011111101111110111111111111111111111111111111111111
11111111001111100111111111111111111100111111011111111111
10111111110011110001111001111100111111111111111111111111
11111111111111111111111111111111111110111100001111111111
10011111001111001111111000111110111111111111111111111111
00110000111111111110111110001110110111111000111100110000
11111111111111111111110001110001111011111111111111111110
11111111111111111111111111011111100111111111111111111111
11111111111111111111111111101111100111111111111111110111
11111111111111111111111111111111111111111111111111111111
10000111000111000010100011101111110111111111001111100011
11110011000000111001100110111111011000111000111110111111
11000001100010000001000000010100100110000011100000100110
11111111111111111111111111111111111111111111111111111111
11111111111111111111111111111111101111111111001111111111
10011111111100101110011111001111111111111111111111111111
01111110111111011111101111111111111111111111111111111111
11111111111111111111111111010110111011111111111111111111
11100111011001000110110110011111111111111111110010100000
01111110011111111111111011111111110111111001111100011111
11111111111111111111111111110111111111111111111111111111
10001001001111111111111111111100001111100011100001110000
11111111111111111111111110011111110111111111111110001111
00001111100011110101111111101110011011001101110110011110
11110011111111101111111111111110111111111110111111111111
11110111100111110011111001111110111111111110111111111111
00000000000001000001101000000111101100111111000110100000
11101110111111110101111101101111011111101111110010110001
11111111011111111111111111111100011111001111111111111111
11101111111111110111110011110011011110001100000110011100
11111000111110111111111010011111011110001111100111011111
11111111111111111111111111111111111111111111111111111111
11111111111111111111111111111111111111111111111111111111
11111100111111001111101111001111111111111111111001111110
11001010111101100111111111111000111111001111000111101111
11010000011111101111110111110010110111111111000001110100
11111111111111111111111111111111111111111111111111111111
11111111111111111111111111111111111010010010001011110111
10001111110011110001111001111111111111111111111111111111
11111111111111111111111111111111111111111111111111111111
11111110111111011111011111111111111100011110001111111111
11111111111111111111111111111111111100111110011111111111
11110111111111111111111111111111111111111111111111111000
00001110100010111110011001111110000011010011100110000110
00111100110011111111111001111101111110111111111111110101
00001110100000110010011000001111011111111100011101000011
11111111111111101111110011110111111011111111000111111111
11111111111111100111110111111001111111111111111111111111
01111110001111111111111111111111111111111111111111111111
10110001011111100011101111110111111110111111111101111111
11000001111110111011111001011100111000111001001000110000
00100111001111111111111111111111111111111111110111110011
11111111111111111111100000101100111110111111111111111111
11111111111111111111111111111111111111111111111111111111
11111001011101101111110111111111111101111111100111111111
01110010111100001111011111101111111111111111111110111111
11110111111101111000110000011011101100100100110011011111
01111001111101111111111111111111111111111111111111111111
11111111111111111101111100111100001011100000011100000110
11111011111111111111111111111110111101011101111011010111
01110100001111010111101100010011111111101111111110101110
01111110111110011111011111111111111111111111111111111111
00010111000011001111101100100001100010010010001111111111
11111111111111111111111111110111111111111111111111111111
10111110011111101111111111111111111111111111111111110111
11111111111111111111111111111011111111111111111111111111
11111111110111110111111011110101101011000110000111111011
00111000011010000000000000000000001000000000110000011100
00101111011111110011100011001000000000000010111110111101
10111111011111111111111111111111110111111111111111001111
10111110011100110010010011110011101100010111001111111111
11111111111111111111111111111111111111111111111111111111
10000110001111111111111111111111111111111111100111110011
01111101111111111111111111111111011111100111111111011111
01111000110001011110011111001111100011111111111111111111
10111111111110011111011111111111111111111011111011111111
00000000001110000111100010000001000111011100001000000001
10011011011011011111110011111101111111111111111111111101
11111111111111111111111111111111111111111111111111111111
00000000011110000001000000100000110000010000110010001100
