00011100100000110000011110000010111100010110001011000000
11010011101100010111011101000000100110110110011011101101
00001000011100001110000010000011101110101101000000001000
00001000000010000101010001000000100001111000101100011000
01011000110000010000110000011000100000010011100010001000
01011001000000100000000111100110110110111100010000100000
11100111110000000001100000000000000001110000011000110100
10000000000000100010100010100001001001101000000111000101
10000000001100101100000101001010101000010011001000000001
00110001100000101001000000000000000000010101101010000000
00010000100000111001100000000111000001000010100110110011
10001111011011001001101000000011010000111000011010000011
00000000001110110000000000000100000100001000000010000000
00000001010000111000000011101010110001001000000001000001
10000000011000010000001001000001100000110000001001011100
00000010001100100110010000000011111000110000000001000100
10010000010100000110100000000000010000110111101000000101
10000101100000001100100010010000101010110001101110000011
10000011001010111000010000001100000011110000000101010001
10010110110000000000010100010000000110110111011000001000
00110011000001011000010000000101100000110000011101100001
00000001000110000110111000011000111000101100010000001000
10000010101101001110101000000100000000000010101000010011
11110011000101101000100010010001001000000100001110010000
11111001100001000001111111001000011110110100011110001111
00010000010001100011111000111000000110010000010110001110
00101000011000100010000000111000010100001011011001000110
00000000000000110100110000100100010001100000000001000010
11010011010000001000000011000010111000000000110100000000
00000000110010000001000000001100101000111110000010000011
11000100010000010000001000000000100000000000101000000101
01100000001001000000101000101110000010000011110011010000
10011100100001100000010100001110010100011000001000011111
11011000000000000000000000000000011100001101000000000000
10011010100010010010100000000000000111010011011101111100
11100010001000000010011100001001100010001010110010100111
11000000001011111000010000010110000000000010101000001110
00011001000000000100000010100110110110001110000110000001
00011001111000011100100000101111101100001010000000000000
11110010111011001100001000010011101000011100000000001000
00001000001000000100000010001100110110000000111000110000
00011000011000001000100110010011000010000000100000100100
00000011011000100100101010000110000010000000110010110001
00000001001100001101000100010000011000100000001000011011
00000001100000101100000100000001100000000110000111100000
00100000010000001100000100001111001001000100101110011000
00000000001110100001111100100010000001001001110000000100
01000100111000001010111101000011000000110000011001000001
01100000000000100001100000110100010010011100000001100000
00111010001110000001000000011010000101000000011000111001
10000010010011000110100101000011100011100010110110010001
00000010100100110010000100100000000100000100010111010010
00110010000000011000000001000100001100110000011000000000
00011100000000110001110000011110000010011010000010001111
00000000000000010000000000000101000011100001110000000000
10001001111011111100000000111011010110001000100100000011
11000000000001001011011010000110010000110000011011000000
00001001010010111100100111000011110000111100110100000000
10100001001010000010000100001110000001000000000010000001
10001101101010110101001000000110000010010010000101010110
10100000000110100000000011000000110000011000101100010000
00000000000011000010001000000010011100100011001110000010
00000000000100110101101000100100000000000011111010010100
10000011110000010000000001000001001000000000000010110001
11010010010000000110000110000111111001010110000000011000
01000000100001100001000000001000111100000101000000001101
00000000011100101100001010101011100101010010001010100000
11000011100000110100100100111101001000000000000101100100
00010000011010000010000010001010000101110000000000000000
10001110000000000100011011011100001110000001110000001101
00001000000000001000010000001000000111100000110000010000
00000001100000010000000000100001101110101000001010001000
00000100000000000000010110000101000111000101000000000110
00000000101100010001011000111000000011011000000000000000
10111011000000000001010001110000000001000101110000000000
11000000000110000001000111100000011000001111000110000010
00010001001001100111100001000000011000001011000111010001
11000010011010000011010100010000100000011000011001000011
00000100000110100000100111000001000001001100100100000011
11000001101101101001100000000111000011100011111010000000
11000011100000101000000000000110011000001100110000001110
11000000000000100000110000111000000000000010000000000000
00101000000100001000000100001010000001100101110000000000
01100000110100000111010011110000010000000011100000100000
01010000000001000001101100010011100000011100111000001000
00000010100000000111001010000000010010001110000010010011
01000001010010110101000001000000000110011101100001000111
00001101110000001010100111000000010010001000001010001111
00011111000000000100010000101010100001000000101000100111
11110110000100100010111100000011010010010001000011001010
00110000010100110100000011101001000010010011010011000011
00000100000010011001011000001110000000011100001000000110
00110001110000001000001100101001010010001001000010100000
01000010001000000000010011000100011010100011011010111000
10000000011010110000000100001011000000110100000001001010
00000000010000010101101000000000100111110001000001000000
00000000110010100010100111010100101001100100001000011010
10010010101101011100001101100000111100000100110001001000
00001000011101010010001001101001110011000000000000000000
00000010001000010011010000111000001100100000000000010001
