11111111011101101100100100011000001001101100110110011111
11100101110000111000111111101011110001110000011000011001
01000001100001110000111000111000011000001100011100001000
11101111100111110011110011111001101101100000011001011000
00000000000010000101000010000001000001100001100001000000
00111001111010001011000011000001111000111000011000010000
11100001110000101100100000000000000000000001000011110010
10001111000110010001001000000010000011000010000111000011
11111001111000011110001101000100110010110001011100111100
00010000000000000000000100000000000000000010000010000101
11101000000010010000011100000110000111000001111001111100
01111101111110111110011111011000001101001100011110011110
10000111000111000000100000101100100100010110011011001111
11011001001101100111100110110111000111100001111011111110
00100000000000010000000001000000100000000010001001111000
10000111000001000000001000000000000000000010001001000001
00111111111110011011100001100000100010110011110001111110
00011111001111000111100011100001110000110000011100011000
00011100011110001011001011101100010110000010100100010111
00000110000000000010000001001000100110110011011001011111
11010011001011100001111001111110001110000101111111111110
10001110000110001110000100101011000001000000000110000111
00111000111000011101001110001111100001001100101110111110
00000000010000000010000011000001110000110000011000001000
00110000111100011100111110010100011100001000000000001000
00001000000000010000101010111001001001001100000110000110
01000100000100000000000001000111000100000000000010000010
00000100000110010011110000111100001001101110000110000010
10111000011100001100001100001110000110010011001011100001
00001100001000000000001000001111001110001011011001011001
00011100011000001100001100000000000001011010001100001110
00000000100010010000010000001100110100011110010100001100
00000010110001000001001101011100001110000101000010100001
00000011000000100000111000011110101111101100110010011001
11011011100011100000100010110010100001010011111001111001
00101100000110010111101011100000000000111100011100011110
00000000001011000000100000100000111000011000000000000000
00100000000000001000000110000000000001000000000100010100
10000100000011000101100111100011110101111011101111100000
10000001000000100000011000011000101000110100011000001100
00111000011000001110000110100001100001110000111010011100
01100000110000011000001100010111010011000000100010110000
11000011100001100101100010111001111001111111111111111111
00000000000000001011000011100000110000011110000000000101
00110000111000001100001110010110000011000001100000111000
10001111000111100000101000110110001111001011001101000110
11101111101111000111001111100001110001110010111000011111
00000010010011000000100000110000011000111010010000000000
11000001000000001100000100001000001110001010000000000000
01110011111000101000010110001010001001000000000000010010
00001100001100110110010001011000000000000100000010000010
01010001011000111111011111110110111011011101101110000100
01100001110000111100011110001111001111110101111101111100
00111110001001000001100000010000100010100011111111011111
00001100100000000100000011000100100010110001011001001000
10001111000110010000010100011010000011000100000010000010
00000100000110010010010001110001010001001000010110010110
01110001010000000100000000010000000001100001010000111000
01100001100000110111010101001100110100110111000010100010
00010010000011000001110000100000110000110000011000011101
00000000000000000000010110000110010110101010010010000001
10100101100010110000000000010000011000001000000100000000
01011100101100000100000111100010101001100000111110101110
10111101111110111111011111100111110011110001011000101010
10000000010110100111010111001000100000010000000001000001
00011010011000000000000110001111101011100100111100011110
10110010110010111110001110100100010001000000100010000010
00111100111100011110011110001000000100010100101010001111
00010010010000000001000010000000000000000000000000001000
00000000000000000000000000010000001000001101000110000110
00111110011110010110011110011100001100001110011110011111
00011000001100000000001000001111001011101111111100111110
10000000000000000111100011110011111011111011110101100010
00110000010100110000101000110000011000001100000010000011
01011101000100000001000000000000000010111011111101001110
11010110011001011110100111000011111011111111111001111101
01100001101000000000000001000110001101001001100000100000
01100010100000000000000011000011000011010001110000110000
11001011000001001000001000000110000110000011000001000001
00100000000101000000100000000011100011100000111010011100
11011011001101111000111011110100111110111111011101011110
00100000100000110000010000001100010110000111001010000001
10000111100111111111111111111110111110011010111100000111
11100011110011000001101001101000110000111010011001011101
11000011000011100011110001110001100011100011110001111001
00000010100011010000000000001000001100000110010000000001
00000000100010010010000000000000100000010100000010010101
11110011111011111100111100011110110100000010001001011001
00000001010000001000001001000100110110011011011101001101
00001100010111000001001000011000100000000000000000000000
10110001000001100000100000010000100000000001000011100000
01000000000000000010000000011000011100010000000100000000
11111111111111111011100111110001101000000010011001011000
00111110011110000110000011100001111010101000010110011010
00000000000000010000000001001100000110010110000010000001
10000111001011000101100001110000000000000000000000000000
10011001011000011100001111000101110011111000011100001100
00001100000110101010001010001000011110001111001111000111
00000000000000000011000011100001100000100000010000000000
10010001100010010011000011100010110111110011110000110001
