111111111111111111111111000000000000000000
111111111111111111111111000000000000000000
111111111111111111111111000000000000000000
111111111111111111111111000000000000000000
111111111111111111111111000000000000000000
111111111111111111111111000000000000000000
111111111111111111111111000000000000000000
111111111111111111111111000000000000000000
111111111111111111111111000000000000000000
111111111111111111111111000000000000000000
111111111111111111111111000000000000000000
111111111111111111111111000000000000000000
111111111011101111111111000100010000000000
111111111111111111111111000000000000000000
111111111111111111111111000000000000000000
111111111111110111111110010000000010000000
111111111111111111111111000000000000000000
111111111111111111111111000000000000000000
111111111111111111111111000000000000000000
111111111111111111111111000000000000000000
111111111111111111111111000000000000000000
111111111111111111111111000000000000000000
111111111111101111011111001000000000000100
111111111111111111111111000000000000000000
111111111111111111111111000000000000000000
111111111111111111111111000000000000000000
111111111111111111111111000000000000000000
111111111111111111111111000000000000000000
111111111111111111111111000000000000000000
111111111111111111111111000000000000000000
111111111111111111111111000000000000000000
111111111111111111111111000000000000000000
111111111111111111111111000000000000000000
111111111111111111111111000000000000000000
111111111111111111111111000000000000000000
111111111111111111111111000000000000000000
111111111111111111111111000000000000000000
111111111111111111111111000000000000000000
111111111111111111111111000000000000000000
111111111111111111111111000000000000000000
111111111111111111111111000000000000000000
111111111111111111111111000000000000000000
111111111111111111111111000000000000000000
111111111111110111111110010000000010000000
111111111111101111110111100000000000000100
111111111111111111111111000000000000000000
111111111101111111110100110000100000100000
111111111111111111111111000000000000000000
111111111111111111111111000000000000000000
111111111111111111111111000000000000000000
111111111111111111111111000000000000000000
111111111111111111110011110000000000000000
111111111111111111111111000000000000000000
111111111111111111111111000000000000000000
111111111111111111111111000000000000000000
111111111111111111111111000000000000000000
111111111111111111111111000000000000000000
111111111111111111111111000000000000000000
111111111111111111111111000000000000000000
111111111111011111111101100000000000000010
111111111111111111111111000000000000000000
111111111111111111111111000000000000000000
111111111111111111111111000000000000000000
111111111111111111111100110000000000000000
111111111111110111111110010000000010000000
111111111111111111111111000000000000000000
111111111111111111111111000000000000000000
111111111111111111111111000000000000000000
111111111111111111111111000000000000000000
111111111111111111111111000000000000000000
111111111111111111111111000000000000000000
111111111110111111110111100000000100000000
111111111011111111111011010000010000000000
111111111111111111111111000000000000000000
111111111111111111111111000000000000000000
111111111111111111111111000000000000000000
111111111111111111111111000000000000000000
111111111111011110111111001000000000000001
111111111111111111111111000000000000000000
111111111111111111111111000000000000000000
111111111111111111111111000000000000000000
111111111111111111111111000000000000000000
111111111111111111111100110000000000000000
111111011111111111110111000000101000000000
111111111111111111111111000000000000000000
111111111111110111111101100000000010000000
111111111111111111111111000000000000000000
111111111111111111111111000000000000000000
111111111111111111111111000000000000000000
111111111111111111111111000000000000000000
111111111111111111111111000000000000000000
111111111111111111111111000000000000000000
111111111111111111111111000000000000000000
111111111111111111111111000000000000000000
111111111111111111111111000000000000000000
111111111111011110111111001000000000000001
111111111111111111111111000000000000000000
111111111111111111111111000000000000000000
111111111111111111111111000000000000000000
111111101111111111111110010000010000000000
