111111111111111111111111111111111111110000000000000000
111111111111111111111111111111111111110000000000000000
111111111111111111111111111111111001111001000000000000
111111111111111111111111111111111111110000000000000000
111111111111111111111111111111111111110000000000000000
111111111111111111111111111111111111110000000000000000
111111111111111111111111111111111111110000000000000000
111111111111111111111111111111111111110000000000000000
111111111111111111111111111111111111110000000000000000
111111111111111111111111111111111111110000000000000000
111111111111111111111111111111111111110000000000000000
111111111111111111111111111111111111110000000000000000
111111111111111111111111111111111111110000000000000000
111111111111111111111111111111111111110000000000000000
111111111111111111111111111111111001111001000000000000
111111111111111111111111111111111111110000000000000000
111111111111111111111111111111111111110000000000000000
111111111111111111111111111111111111110000000000000000
111111111111111111111111111111111111110000000000000000
111111111111111111111111111111111111110000000000000000
111111111111111111111111111111111111110000000000000000
111111111111111111111111111111111111110000000000000000
111111111111111111111111111111111111110000000000000000
111111111111111111111111111111111111110000000000000000
111111111111111111111111111111111111110000000000000000
111111111111111111111111111111111111110000000000000000
111111111111111111111111111111111111110000000000000000
111111111111111111111111111111111111110000000000000000
111111111111111111111111111111111111110000000000000000
111111111111111111111111111111111111110000000000000000
111111111111111111111111111111111111110000000000000000
111111111111111111111111111111111111110000000000000000
111111111111111111111111111111111111110000000000000000
111111111111111111111111111111111101111000000000000000
111111111111111111111111111111111100111000000000000100
111111111111111111111111111111111111110000000000000000
111111111111111111111111111111111111110000000000000000
111111111111111111111111111111111111110000000000000000
111111111111111111111111111111111111110000000000000000
111111111111111111111111111111111111110000000000000000
111111111111111111111111111111111111110000000000000000
111111111111111111111111111111111111110000000000000000
111111111111111111111111111111111111110000000000000000
111111111111111111111111111111111111110000000000000000
111111111111111111111111111111111111110000000000000000
111111111111111111111111111111111111110000000000000000
111111111111111111111111111111111111110000000000000000
111111111111111111111111111111111111110000000000000000
111111111111111111111111111111011111100000000000011000
111111111111111111111111111111111111110000000000000000
111111111111111111111111111111111111110000000000000000
111111111111111111111111111111111111110000000000000000
111111111111111111111111111111111111110000000000000000
111111111111111111111111111111111111110000000000000000
111111111111111111111111111111111111110000000000000000
111111111111111111111111111111111111110000000000000000
111111111111111111111111111111111111110000000000000000
111111111111111111111111111111111111110000000000000000
111111111111111111111111111111111111110000000000000000
111111111111111111111111111111111111110000000000000000
111111111111111111111111111111111111110000000000000000
111111111111111111111111111111111111110000000000000000
111111111111111111111111111111111111110000000000000000
111111111111111111111111111111111111110000000000000000
111111111111111111111111111111111001110000000000000110
111111111111111111111111111111111111110000000000000000
111111111111111111111111111111111111110000000000000000
111111111111111111111111111111111111110000000000000000
111111111111111111111111111111111111110000000000000000
111111111111111111111111111111111111110000000000000000
111111111111111111111111111111111111110000000000000000
111111111111111111111111111111111111110000000000000000
111111111111111111111111111111111111110000000000000000
111111111111111111111111111111111111110000000000000000
111111111111111111111111111111111111110000000000000000
111111111111111111111111111111111111110000000000000000
111111111111111111111111111111111111110000000000000000
111111111111111111111111111111111111110000000000000000
111111111111111111111111111111111111110000000000000000
111111111111111111111111111111111111110000000000000000
111111111111111111111111111111111010110101000000000000
111111111111111111111111111111111111110000000000000000
111111111111111111111111111111111111110000000000000000
111111111111111111111111111111111111110000000000000000
111111111111111111111111111111111111110000000000000000
111111111111111111111111111111011110110100000000001000
111111111111111111111111111111111111110000000000000000
111111111111111111111111111111111111110000000000000000
111111111111111111111111111111111111110000000000000000
111111111111111111111111111111111111110000000000000000
111111111111111111111111111111111111110000000000000000
111111111111111111111111111111111111110000000000000000
111111111111111111111111111111111111110000000000000000
111111111111111111111111111111111111110000000000000000
111111111111111111111111111111111111110000000000000000
111111111111111111111111111111111111110000000000000000
111111111111111111111111111111111111110000000000000000
111111111111111111111111111111111111110000000000000000
111111111111111111111111111111111001111001000000000000
111111111111111111111111111111111111110000000000000000
