111111111111111111111111111111110000000000
111111111111111111111111111111001100000000
111111111111111111111111111111110000000000
111111111111111111111111111111110000000000
111111111111111111111111111111110000000000
111111111111111111111111111111110000000000
111111111111111101111101111111111000000010
111111111111111111111111111111110000000000
111111111111111111111111111111110000000000
111111111111111111111111111111110000000000
111111111111111111111111111111110000000000
111111111111111111111111111111110000000000
111111111111111111111111111111001100000000
111111111111111111111111111111110000000000
111111111111111111111111111111110000000000
111111111111111111111111111111110000000000
111111111111111111111111111111110000000000
111111111111111111101111111111011000000001
111111111111111111111111111111110000000000
111111111111111111111111111111110000000000
111111111111111111111111111111110000000000
111111111111111011111101111111110010010000
111111111111111111111111111111001100000000
111111111111111110101111111111110100000100
111111111111111111111111111111110000000000
111111111111111111111111111111110000000000
111111111111111111111111111111001100000000
111111111111111111111111111111110000000000
111111111111111111111111111111110000000000
111111111111111111111111111111110000000000
111111111111111111111111111111110000000000
111111111111111111111111111111110000000000
111111111111111111111111111111110000000000
111111111111111111111111111111110000000000
111111111111111111110111111111011000001000
111111111111111111111111111111110000000000
111111111111111111111111111111110000000000
111111111111111111111111111111110000000000
111111111111111111111111111111110000000000
111111111111111111111111111111110000000000
111111111111111111111111111111110000000000
111111111111111111111111111111001100000000
111111111111111111111111111111110000000000
111111111111111111111111111111110000000000
111111111111111111111111111111110000000000
111111111111111111111111011110111001000000
111111111111111111111111111111001100000000
111111111111110111111110111111110010010000
111111111111111111111111111111110000000000
111111111111111111111111111111110000000000
111111111111111111111111110101001100001010
111111111111111111111111111111110000000000
111111111111111111111111111111110000000000
111111111111111111111111111111110000000000
111111111111111111111111111111110000000000
111111111111111111111111111111110000000000
111111111111111111111111111111110000000000
111111111111111111111111101110110101000000
111111111111111111111111111111110000000000
111111111111111111111111111111110000000000
111111111111111100111111111111111100000000
111111111111111111111111011110111001000000
111111111111111111111111111111110000000000
111111111111111111111111111111110000000000
111111111111111111111111111111110000000000
111111111111111111111111111111110000000000
111111111111111111111011111101001101000010
111111111111111111111111111111001100000000
111111111111111111111111111111110000000000
111111111111111111111111111111110000000000
111111111111111111111111111111110000000000
111111111111111111111111111111110000000000
111111111111111111111111111111110000000000
111111111111111111111111111111110000000000
111111111111111111111111111110110001000000
111111111111111111111111111111110000000000
111111111111111111111111111111110000000000
111111111111111111111111111111110000000000
111111111111111111111111111111110000000000
111111111111111111111111111111110000000000
111111111111111111111111111111110000000000
111111111111111111111111111101110010000000
111111111111111111111111111111110000000000
111111111111111111111111111111110000000000
111111111111111111111111111111110000000000
111111111111111111111111111111110000000000
111111111111110111111110111111110010010000
111111111111111111111111111111110000000000
111111111011111101111111111111111000000100
111111111111111111111111111101100100000010
111111111111111111111111110111011000001000
111111111111111111111111111111110000000000
111111111111111111111111111111110000000000
111111111111111111111111111111110000000000
111111111111111111111111111111110000000000
111111111111111111111111111111110000000000
111111111111111111111111111111110000000000
111111111111111111111111111111110000000000
111111111111111111111111111111110000000000
111111111111111111111111111111110000000000
