111111111111111111111100000000
111111111111111111111100000000
111111111111111111111100000000
111111111110111111110100100100
111111111111111111111100000000
111111111111111111111100000000
111111111111111111000011110000
111111111111111111111100000000
111111111111111111111100000000
111111111111111111100101100000
111111111111111111111100000000
111111111111111111100101100000
111111101111111111110100100001
111111111111111111111100000000
111111111111111111111100000000
111111111111111111111100000000
111111111111111111111100000000
111111111111111111010110100000
111111111101111111111000011000
111111111111111111111100000000
111111111111111111111100000000
111111111111111111111100000000
111111111111111111111100000000
111111111111111111111100000000
111111110111111111101101001000
111111111111111111111100000000
111111111111111111111100000000
111111111111111111111100000000
111111111111110110111100100001
111111111111111111111000010000
111111111111111111111100000000
111111111111111111100101100000
111111111111111111111100000000
111111111111111111111100000000
111111111111111111111100000000
111111111111111111111100000000
111111111111111111111100000000
111111111101111011111100100100
111111111111111111111100000000
111111111111111111111100000000
111111111111111111111100000000
111111111111111111111100000000
111111111111111111111100000000
111111111111111111111100000000
111111101111011111111110000100
111111110111101111111101000010
111111111111111111111100000000
111111111111111111111100000000
111111111111111111111100000000
111111111111111111111100000000
111111111111111111111100000000
111111111111111111111100000000
111111111101101111111101000010
111111111111111111111100000000
111111111111111111111100000000
111111111111111111010110100000
111111111111111111111100000000
111111111111111111111100000000
111111111111111111111100000000
111111111111111111111100000000
111111111111111111111100000000
111111111110110111111100100100
111111111111111111111100000000
111111111111111111111000010000
111111111111111111111100000000
111111111111111111111100000000
111111111111111111111100000000
111111111111111110011110000100
111111111111111011011110010000
111111111111111111110000110000
111111111111111111111100000000
111111111111111111110000110000
111111111111111111111100000000
111111111111111111111100000000
111111110111111111000111101000
111111101111111111111000010001
111111111111111111111100000000
111111111111111111111100000000
111111111111111111111100000000
111111111111111111111100000000
111111111111111111111100000000
111111111111111111111100000000
111111111111111111111100000000
111111111111111111111100000000
111111111111111111111100000000
111111110111111011111100010010
111111111111111111111100000000
111111111111111111111100000000
111111111111100111111101100000
111111111111111111111100000000
111111111111111111111100000000
111111111111111111111100000000
111111111111111111111100000000
111111111111111111111100000000
111111111111001111111111000000
111111111111111111111100000000
111111111111111111111100000000
111111111111111111111100000000
111111111111111111111100000000
111111111111011011111110010000
