111111111111111111111111111111111111111111000000
111111111111111111111111111111111111111111000000
111111111111111111111111111111111111111111000000
111111111111111111111111111111111111111111000000
111111111111111111111111111111011011111111011000
111111111111111111111111111111111111111111000000
111111111111111111111111111111111111111111000000
111111111111111111111111111111111111111111000000
111111111111111111111111111111011111111011001100
111111111111111111111111111111111111111111000000
111111111111111111111111111111111111111111000000
111111111111111111111111111111111111111111000000
111111111111111111111111111111111111111111000000
111111111111111111111111111111111111111111000000
111111111111111111111111111111111111111111000000
111111111111111111111111111111111111111111000000
111111111111111111111111111111111111111111000000
111111111111111111111111111111111111111111000000
111111111111111111111111111111111111111111000000
111111111111111111111111111111111111111111000000
111111111111111111111111111111111111111111000000
111111111111111111111111111111111111111111000000
111111111111111111111111111111111111111111000000
111111111111111111111111111111111111111111000000
111111111111111111111111111111100111111111011000
111111111111111111111101111111101111111111100100
111111111111111111111111111111011111111110100100
111111111111111111111111111111111111111111000000
111111111111111111111111111111111111111111000000
111111111111111111111111111111111111111111000000
111111111111111111111111111111111111111111000000
111111111111111111111111111110111111011111000011
111111111111111111111111111111111111111111000000
111111111111111111111111111111111111111111000000
111111111111111111111111111111111111111111000000
111111111111111111111111111111111111111111000000
111111111111111111111111111111111011111101100001
111111111111111111111111111111111111111111000000
111111111111111111111111111111111111111111000000
111111111111111111111111111111111111111111000000
111111111111111111111111111111111111111111000000
111111111111111111111111111111111111111111000000
111111111111111111111111111111111111111111000000
111111111111111111111111111111111111111111000000
111111111111111111111111111111111111111111000000
111111111111111111111111111111111111111111000000
111111111111111111111111111111111111111111000000
111111111111111111111111111111111111111111000000
111111111111111111111111111111111111111111000000
111111111111111111111111111111111111111111000000
111111111111111111111111111111111111111111000000
111111111111111111111111111111111111111111000000
111111111111111111111111111111111111111111000000
111111111111111111111111111111111111111111000000
111111111111111111111111111111111111111111000000
111111111111111111111111111111111111111111000000
111111111111111111111111111111111111111111000000
111111111111111111111111111111111111111111000000
111111111111111111111111111111111111111111000000
111111111111111111111111111111111111111111000000
111111111111111111111111111111011111101111011000
111111111111111111111111111111111111111111000000
111111111111111111111111111111111111111111000000
111111111111111111111111111111111111111111000000
111111111111111111111111111111111111111111000000
111111111111111111111111111111101111111101100100
111111111111111111111111111111111111111111000000
111111111111111111111111111111111111111111000000
111111111111111111111111111111111111111111000000
111111111111111111111111111111111111111111000000
111111111111111111111111111111111111111111000000
111111111111111111111111111111111111111111000000
111111111111111111111111111111111111111111000000
111111111111111111111111111111111111111111000000
111111111111111111111111111111111111111111000000
111111111111111111111111111111111111111111000000
111111111111111111111111011111111111111110000110
111111111111111111111111111111111111111111000000
111111111111111111111111111111111111111111000000
111111111111111111111111111111011011111111011000
111111111111111111111111111111100111111111100100
111111111111111111111111111111111111111111000000
111111111111111111111111111111111111111111000000
111111111111111111111111111111111111111111000000
111111111111111111111111111101011111111111101000
111111111111111111111111111111111111111111000000
111111111111111111111111111111111111111111000000
111111111111111111111111111111111111111111000000
111111111111111111111111111111111111111111000000
111111111111111111111111111111111111111111000000
111111111111111111111111111111111111111111000000
111111111111111111111111111111111111111111000000
111111111111111111111111111111111111111111000000
111111111111111111111111111111111111111111000000
111111111111111111111111111111111111111111000000
111111111111111111111111111111111111111111000000
111111111111111111111111111111111111111111000000
111111111111111111111111111111101111111101100100
111111111111111111111111111111111111111111000000
111111111111111111111111111101111011111111110000
