11111111111111111111111111111111000000000000000000000000
11111111111111111111111111111111000000000000000000000000
11111111111111111111111111111111000000000000000000000000
11111111111111111111111111111111000000000000000000000000
11111111111111111111111111111111000000000000000000000000
11111111111111111111111111111111000000000000000000000000
11111111111111111111111111111111000000000000000000000000
11111111111111111111111111111111000000000000000000000000
11111111111111111011111111111110000000010000000000010000
11111111111111111111111111111111000000000000000000000000
11111111111111111111111111111111000000000000000000000000
11111111111111111111111111111111000000000000000000000000
11111111111111111111111111111111000000000000000000000000
11111111111111111111111111111111000000000000000000000000
11111111111111111111111111111111000000000000000000000000
11111111111111111111111111111111000000000000000000000000
11111111111111111111111111111100000000000000000000000011
11111111111111111111111111111111000000000000000000000000
11111111111111111111111111111111000000000000000000000000
11111111111111111111111111111111000000000000000000000000
11111111111111111111111111111111000000000000000000000000
11111111111111111111111111111111000000000000000000000000
11111111111111111111111111111111000000000000000000000000
11111111111111111111111111111111000000000000000000000000
11111111111111111111111111111111000000000000000000000000
11111111111111111111111100111111001100000000000000000000
11111111111111111111111111111111000000000000000000000000
11111111111111111111111111111111000000000000000000000000
11111111111111111111111111111111000000000000000000000000
11111111111111111111111111111111000000000000000000000000
11111111111111111111111111111111000000000000000000000000
11111111111111111111111111111111000000000000000000000000
11111111111111111111111111111111000000000000000000000000
11111111111111111111111111111111000000000000000000000000
11111111111111111111111111111111000000000000000000000000
11111111111111111111111111111111000000000000000000000000
11111111111111111110111111111101001000000000000000000001
11111111111111111111111111111111000000000000000000000000
11111111111111111111111111111111000000000000000000000000
11111111111111111111111111111111000000000000000000000000
11111111111111111111111111111111000000000000000000000000
11111111111111111111111111111111000000000000000000000000
11111111111111111111111110110111000001100000000000000000
11111111111111111111111111111111000000000000000000000000
11111111111111111111111101111101001000000000000000000010
11111111111111111111111111111111000000000000000000000000
11111111111111111111111111111111000000000000000000000000
11111111111111111111111111111111000000000000000000000000
11111111111111111111111111111111000000000000000000000000
11111111111111111111111111111111000000000000000000000000
11111111111111111111111111111111000000000000000000000000
11111111111111111111111111111111000000000000000000000000
11111111111111111111111111111111000000000000000000000000
11111111111111111111111111111111000000000000000000000000
11111111111111111111111111111111000000000000000000000000
11111111111111111111111111111111000000000000000000000000
11111111111111111111111111111111000000000000000000000000
11111111111111111111111111111111000000000000000000000000
11111111111111111111111111111111000000000000000000000000
11111111111111111111111111111111000000000000000000000000
11111111111111111111111111111111000000000000000000000000
11111111111111111111111111111111000000000000000000000000
11111111111111111111111111111111000000000000000000000000
11111111111111111111111111111111000000000000000000000000
11111111111111111111111111111111000000000000000000000000
11111111111111111111111111111111000000000000000000000000
11111111111111111111111111111111000000000000000000000000
11111111111111111111111111111111000000000000000000000000
11111111111111111111111111111111000000000000000000000000
11111111111111111111111111111111000000000000000000000000
11111111111111111111111111111111000000000000000000000000
11111111111111111111111111111111000000000000000000000000
11111111111111111111111111111111000000000000000000000000
11111111111111111111111111111111000000000000000000000000
11111111111111111111111111111111000000000000000000000000
11111111111111111111111111111111000000000000000000000000
11111111111111111111111111111111000000000000000000000000
11111111111111111111111111111111000000000000000000000000
11111111111111111111111111111111000000000000000000000000
11111111111111111111111111111111000000000000000000000000
11111111111111111111111111111001001001000000000000000000
11111111111111111111111111111111000000000000000000000000
11111111111111111111111111111111000000000000000000000000
11111111111111111111111111111111000000000000000000000000
11111111111111111111111111111111000000000000000000000000
11111111111111111111111111111111000000000000000000000000
11111111111111111111111111111111000000000000000000000000
11111111111111111111111111111111000000000000000000000000
11111111111111111111111111111111000000000000000000000000
11111111111111111111111111111111000000000000000000000000
11111111111111111111111110111101000100100000000000000000
11111111111111111111111111111111000000000000000000000000
11111111111111111111111111111111000000000000000000000000
11111111111111111111111111111111000000000000000000000000
11111111111111111111111111111111000000000000000000000000
11111111111111111111111101111011000001100000000000000000
11111111111111111111111111111111000000000000000000000000
11111111111111111111111111111111000000000000000000000000
11111111111111111111111111111111000000000000000000000000
11111111111111111111111100111111000000110000000000000000
