111111111111111111111111111100000000
111111111111111111111111111100000000
111111111111111111111111111100000000
111111111111111111111111111100000000
111111111111111111111111111100000000
111111111111111111111111111100000000
111111111111111111111111111100000000
111111111111111111111111111100000000
111111111111111111111111111100000000
111111111111111011101111111100010001
111111111111111111111111111100000000
111111111111111111111111111100000000
111111111111111111111111111100000000
111111111111111111111111111100000000
111111111111111111111111111100000000
111111111111111111111111111100000000
111111111111111111111111111100000000
111111111111111111111111111100000000
111111111111111111111111111100000000
111111111111111111111111111100000000
111111111111111111111111111100000000
111111111111111111111111111100000000
111111111111111111111111111100000000
111111111111111111111111111100000000
111111111111111111111111111100000000
111111111111111111111111111100000000
111111111111111111111111111100000000
111111111111111111111111111100000000
111111111111111111111111111100000000
111111111111111111111111111100000000
111111111111111111111111111100000000
111111111111111111111111111100000000
111111111111111111111111111100000000
111111111111111111111111111100000000
111111111111111111111111111100000000
111111111111110110111111111100100100
111111111111111111111111111100000000
111111111111111111111111111100000000
111111111111111111111111111100000000
111111111111111111111111111100000000
111111111111111111111111111100000000
111111111111111111111111111100000000
111111111111111111111111111100000000
111111111111111111111111111100000000
111111111111111111111111111100000000
111111111111111111111111111100000000
111111111111111111111111111100000000
111111111111111111111111111100000000
111111111111111111111111111100000000
111111111111011011111111111110010000
111111111111111111111111111100000000
111111111111111111111111111100000000
111111111111111111111111111100000000
111111111111111111111111111100000000
111111111111111111111111111100000000
111111111111111111111111111100000000
111111111111111111111111111100000000
111111111111111111111111111100000000
111111111111111111111111111100000000
111111111111111111111111111100000000
111111111111111111111111111100000000
111111111111111111111111111100000000
111111111111111111111111111100000000
111111111111100111111111111101100000
111111111111111111111111111100000000
111111111111111111111111111100000000
111111111111111111111111111100000000
111111111111111111111111111100000000
111111111111111111111111111100000000
111111111111111111111111111100000000
111111111111111111111111111100000000
111111111111111111111111111100000000
111111111111111111111111111100000000
111111111111111111111111111100000000
111111111111111111111111111100000000
111111111111111111111111111100000000
111111111111111111111111111100000000
111111111111111111111111111100000000
111111111111111111111111111100000000
111111111111111111111111111100000000
111111111111111111111111111100000000
111111111111111111111111111100000000
111111111111111111111111111100000000
111111111111111111111111111100000000
111111111111111111111111111100000000
111111111111111111111111111100000000
111111111111111111111111111100000000
111111111111111111111111111100000000
111111111111111111111111111100000000
111111111111111111111111111100000000
111111111111111111111111111100000000
111111111111111111111111111100000000
111111111111111111111111111100000000
111111111111111111111111111100000000
111111111111111111111111111100000000
111111111111111111111111111100000000
111111111111111111111111111100000000
111111111111111111111111111100000000
111111111111111111111111111100000000
111111111111111111111111111100000000
