11111111111111111111111111111111111111111111111111000000000000
11111111111111111111111111111111111111111111111111000000000000
11111111111111111111111111111111111111111111111111000000000000
11111111111111111111111111111111111111111111111111000000000000
11111111111111111111111111111111111111111111111111000000000000
11111111111111111111111111111111111111111111111111000000000000
11111111111111111111111111111111111111111111111010000101000000
11111111111111111111111111111111111111111111111111000000000000
11111111111111111111111111111111111111111111111111000000000000
11111111111111111111111111111111111111111111111111000000000000
11111111111111111111111111111111111111111111111111000000000000
11111111111111111111111111111111111111111111111111000000000000
11111111111111111111111111111111111111111111111111000000000000
11111111111111111111111111111111111111111111111111000000000000
11111111111111111111111111111111111111111111111111000000000000
11111111111111111111111111111111111111111111111111000000000000
11111111111111111111111111111111111111111111111111000000000000
11111111111111111111111111111111111111111111111111000000000000
11111111111111111111111111111111111111111111111111000000000000
11111111111111111111111111111111111111111111111111000000000000
11111111111111111111111111111111111111111111111111000000000000
11111111111111111111111111111111111111111111111111000000000000
11111111111111111111111111111111111111111111111111000000000000
11111111111111111111111111111111111111111111111111000000000000
11111111111111111111111111111111111111111111111111000000000000
11111111111111111111111111111111111111111111101101000110000000
11111111111111111111111111111111111111111111111111000000000000
11111111111111111111111111111111111111111111111111000000000000
11111111111111111111111111111111111111111111111111000000000000
11111111111111111111111111111111111111111111111111000000000000
11111111111111111111111111111111111111111111111111000000000000
11111111111111111111111111111111111111111111111111000000000000
11111111111111111111111111111111111111111111111111000000000000
11111111111111111111111111111111111111111111111111000000000000
11111111111111111111111111111111111111111110011111011000000000
11111111111111111111111111111111111111111111111111000000000000
11111111111111111111111111111111111111111111110110000001100000
11111111111111111111111111111111111111111111111111000000000000
11111111111111111111111111111111111111111111111111000000000000
11111111111111111111111111111111111111111111111111000000000000
11111111111111111111111111111111111111111111111111000000000000
11111111111111111111111111111111111111111111111111000000000000
11111111111111111111111111111111111111111111111111000000000000
11111111111111111111111111111111111111111111111111000000000000
11111111111111111111111111111111111111111111111111000000000000
11111111111111111111111111111111111111111111110101101000000000
11111111111111111111111111111111111111111111111111000000000000
11111111111111111111111111111111111111111111111111000000000000
11111111111111111111111111111111111111111111111111000000000000
11111111111111111111111111111111111111111111111111000000000000
11111111111111111111111111111111111111111111111111000000000000
11111111111111111111111111111111111111111111111111000000000000
11111111111111111111111111111111111111111111111111000000000000
11111111111111111111111111111111111111111111111111000000000000
11111111111111111111111111111111111111101101111111001000000001
11111111111111111111111111111111111111111111111111000000000000
11111111111111111111111111111111111111111111111111000000000000
11111111111111111111111111111111111111111111111111000000000000
11111111111111111111111111111111111111111111111111000000000000
11111111111111111111111111111111111111111111111111000000000000
11111111111111111111111111111111111111111111111111000000000000
11111111111111111111111111111111111111111111111111000000000000
11111111111111111111111111111111111111111111111111000000000000
11111111111111111111111111111111111111111111111111000000000000
11111111111111111111111111111111111111111111100100000011000011
11111111111111111111111111111111111111111111111111000000000000
11111111111111111111111111111111111111111110011111100100000000
11111111111111111111111111111111111111111111111111000000000000
11111111111111111111111111111111111111111111111111000000000000
11111111111111111111111111111111111111111111111111000000000000
11111111111111111111111111111111111111111111111111000000000000
11111111111111111111111111111111111111111111111111000000000000
11111111111111111111111111111111111111111111111111000000000000
11111111111111111111111111111111111111111111111111000000000000
11111111111111111111111111111111111111111111111111000000000000
11111111111111111111111111111101111111111111111110000001000010
11111111111111111111111111111111111111111111111111000000000000
11111111111111111111111111111111111111111111111111000000000000
11111111111111111111111111111111111111111111111111000000000000
11111111111111111111111111111111111111111111111111000000000000
11111111111111111111111111111111111111111111111111000000000000
11111111111111111111111111111111111111111111111111000000000000
11111111111111111111111111111111111111111111101101000010000001
11111111111111111111111111111111111111111111111111000000000000
11111111111111111111111111111111111111111111111111000000000000
11111111111111111111111111111111111111111111111111000000000000
11111111111111111111111111111111111111111111111111000000000000
11111111111111111111111111111111111111111111111111000000000000
11111111111111111111111111111111111111111111111111000000000000
11111111111111111111111111111111111111111111110110011000000000
11111111111111111111111111111111111111111111111111000000000000
11111111111111111111111111111111111111111111111111000000000000
11111111111111111111111111111111111111111111111111000000000000
11111111111111111111111111111111111111111111111111000000000000
11111111111111111111111111111111111111111111011101000010000010
11111111111111111111111111111111111111111111101101000110000000
11111111111111111111111111111111111111111111111111000000000000
11111111111111111111111111111111111111111111111111000000000000
11111111111111111111111111110111111011111111111111000000011000
11111111111111111111111111111111111111111111111111000000000000
