111111111111110011110000000011
111111111111111111110000000000
111111111111111111110000000000
111111111111111111110000000000
111111111111111111110000000000
111111111111111111110000000000
111111111111111111110000000000
111111111111111111110000000000
111111111111111111110000000000
111111111111111111110000000000
111111111111111111110000000000
111111111111111111110000000000
111111111111111111110000000000
111111111111111111110000000000
111111111111111111110000000000
111111111111111111110000000000
111111111111111111110000000000
111111111111111111110000000000
111111111111111111110000000000
111111111111111111110000000000
111111111111111111110000000000
111111111111111111110000000000
111111111111111111110000000000
111111111111111111110000000000
111111111111111111110000000000
111111111111111111110000000000
111111111111111111110000000000
111111111111111111110000000000
111111111111111111110000000000
111111111111111111110000000000
111111111111111111110000000000
111111111111111111110000000000
111111111111111111110000000000
111111111111111111110000000000
111111111111111111110000000000
111111111111111111110000000000
111111111111111111110000000000
111111111111111111110000000000
111111111111111111110000000000
111111111111111111110000000000
111111111111111111110000000000
111111111111111111110000000000
111111111111111111110000000000
111111111111111111110000000000
111111111111111111110000000000
111111111111111111110000000000
111111111111111111110000000000
111111111111111111110000000000
111111111111111111110000000000
111111111111111111110000000000
111111111111111111110000000000
111111111111111111110000000000
111111111111111011100000010001
111111111111111111110000000000
111111111111111111110000000000
111111111111111111110000000000
111111111111111111110000000000
111111111111111111110000000000
111111111111111111110000000000
111111111111111111110000000000
111111111111111111110000000000
111111111111111111110000000000
111111111111111111110000000000
111111111111111111110000000000
111111111111111111110000000000
111111111111111111110000000000
111111111111111111110000000000
111111111111111111110000000000
111111111111111111110000000000
111111111111111111110000000000
111111111111111111110000000000
111111111111111111110000000000
111111111111111111110000000000
111111111111111111110000000000
111111111111111111110000000000
111111111111111111110000000000
111111111111111111110000000000
111111111111111111110000000000
111111111111111111110000000000
111111111111111111110000000000
111111111111111111110000000000
111111111111111111110000000000
111111111111111111110000000000
111111111111111111110000000000
111111111111111111110000000000
111111111111111111110000000000
111111111111111111110000000000
111111111111111111110000000000
111111111111111111110000000000
111111111111111111110000000000
111111111111111111110000000000
111111111111111111110000000000
111111111111111111110000000000
111111111111111111110000000000
111111111111111111110000000000
111111111111111111110000000000
111111111111111111110000000000
111111111111111111110000000000
111111111111111111110000000000
111111111111111111110000000000
