11111111111111111111111111111100000000
11111111111111111111111111111100000000
11111111111111111111111111111100000000
11111111111111111111111111111100000000
11111111111111111101101111111110000100
11111111111111111111111111111100000000
11111111111111111111111111111100000000
11111111111111111111111111111100000000
11111111111111111111111101010011101000
11111111111111111111111111111100000000
11111111111111111111111111111100000000
11111111111111111111111111111100000000
11111111111111111111111111111100000000
11111111111111111111111111111100000000
11111111111111111111111111111100000000
11111111111111111111111111111100000000
11111111111111111111111111111100000000
11111111111111111110011111111110000100
11111111111111111111111111111100000000
11111111111111111110110111111100100100
11111111111111111111111111111100000000
11111111111111111111111111111100000000
11111111111111111111111111111100000000
11111111111111111111111101110110001000
11111111111111111111111111111100000000
11111111111111111111111111111100000000
11111111111111111111111111111100000000
11111111111111111111111111111100000000
11111111111111111111111100010110101100
11111111111111111111111111011001100000
11111111111111111111111111111100000000
11111111111111111111111111111100000000
11111111111111111111111111111100000000
11111111111111111101111011111100100100
11111111111111111011110111111100100001
11111111111111111111111110101100010100
11111111111111111111100111111101100000
11111111111111111111111111111100000000
11111111111111111111111100100110011100
11111111111111111111111111111100000000
11111111111111111111111111111100000000
11111111111111111111111110001001110100
11111111111111111101101111111101001000
11111111111111111111110111111100100000
11111111111111111111101110111101000001
11111111111111111111111111111100000000
11111111111111111111111111111100000000
11111111111111111101101111111101001000
11111111111111111111111111001100110000
11111111111111111111111111111100000000
11111111111111111111111111111100000000
11111111111111111111110111111100100000
11111111111111111111111111111100000000
11111111111111111111111111111100000000
11111111111111111111111111111100000000
11111111111111111110010111111110100100
11111111111111111111111111111100000000
11111111111111111111111111111100000000
11111111111111111110110111111100100100
11111111111111111111111111111100000000
11111111111111111111111111111100000000
11111111111111111111111111111100000000
11111111111111111111111111111100000000
11111111111111111111111111111100000000
11111111111111111110110111111100100100
11111111111111111111111101111001001000
11111111111111111111111111100110010000
11111111111111111111111101101100011000
11111111111111111111111111111100000000
11111111111111111111111111111100000000
11111111111111111110011111111110000100
11111111111111111110011111111110000100
11111111111111111101111011111100011000
11111111111111111111111110111001000100
11111111111111111111111110101100010100
11111111111111111011111111111001000100
11111111111111111111111111111100000000
11111111111111111111111111111100000000
11111111111111111111111111111100000000
11111111111111111111110110111100100001
11111111111111111111111111111100000000
11111111111111111111111111111100000000
11111111111111111111111111111100000000
11111111111111111111111111111100000000
11111111111111111111111111111100000000
11111111111111111111111101100011011000
11111111111111111111111111111100000000
11111111111111111100111111111100001100
11111111111111111111111111111100000000
11111111111111111111111111111100000000
11111111111111111111111011111100010000
11111111111111111111011111111110000000
11111111111111111111111111111100000000
11111111111111111111111111111100000000
11111111111111111111101101111101000010
11111111111111111111111111111100000000
11111111111111111111111111111100000000
11111111111111111111111111001100110000
11111111111111111111111111111100000000
11111111111111111111111111111100000000
