11111111111111111111111111111111000000
11111111111111111111111111011110011000
11111111111111111111111111111111000000
11111111111111111111110111011111100010
11111111111111111111111111111111000000
11111111111111111111111111011110011000
11111111111111111111110110111111100001
11111111111111111111111111111111000000
11111111111111111111111111111111000000
11111111111111111111111111111111000000
11111111111111111111111111101101100100
11111111111111111111111111111111000000
11111111111111111111111111111111000000
11111111111111111111111111111111000000
11111111111111111111111111111111000000
11111111111111111111111111011110011000
11111111111111111111111111111111000000
11111111111111111111111111011110011000
11111111111111111111111111111111000000
11111111111111111111111111011101101000
11111111111111111111111111111111000000
11111111111111111111111111111111000000
11111111111111111111110110111111100001
11111111111111111111111111111111000000
11111111111111111111111111111111000000
11111111111111111111111111111111000000
11111111111111111111111111111100110000
11111111111111111111111111111111000000
11111111111111111111111111111111000000
11111111111111111111111111111111000000
11111111111111111111111111111111000000
11111111111111111111111111111111000000
11111111111111111111111111111111000000
11111111111111111111111111111111000000
11111111111111111111111111111111000000
11111111111111111111111110111101100100
11111111111111111111111111111111000000
11111111111111111111111111111111000000
11111111111111111111111111111111000000
11111111111111111111111111111111000000
11111111111111111111111111111111000000
11111111111111111111111111111111000000
11111111111111111111111111111111000000
11111111111111111111111111110000110011
11111111111111111111111111111111000000
11111111111111111111111111111111000000
11111111111111111111111011110111011000
11111111111111111111111111111111000000
11111111111111111111111111111111000000
11111111111111111111111111111111000000
11111111111111111111111111111100110000
11111111111111111111110111111111100000
11111111111111111111111111111111000000
11111111111111111111111111111111000000
11111111111111111111111111111111000000
11111111111111111111111111111111000000
11111111111111111111111111011110011000
11111111111111111111111111111111000000
11111111111111111111111111111111000000
11111111111111111111111111111111000000
11111111111111111111111111111111000000
11111111111111111111111111111100110000
11111111111111111111111111111111000000
11111111111111111111111111111111000000
11111111111111111111111111111111000000
11111111111111111111111111111111000000
11111111111111111111111111111001100001
11111111111111111111111111111111000000
11111111111111111111111111111111000000
11111111111111111111111111111111000000
11111111111111111111111111110101100010
11111111111111111111111111111011000100
11111111111111111111111111111111000000
11111111111111111111111111111111000000
11111111111111111111111111111111000000
11111111111111111111111111111111000000
11111111111111111111111111111111000000
11111111111111111111111111111111000000
11111111111111111111111111111111000000
11111111111111111111110111111111100000
11111111111111111111111111111111000000
11111111111111111111011110111111001001
11111111111111111111111111111111000000
11111111111111111111111111111111000000
11111111111111111111111111111111000000
11111111111111011111111011111111011000
11111111111111111111111111111111000000
11111111111111111111111111111111000000
11111111111111111111111111111111000000
11111111111111111111111111111111000000
11111111111111111111111111111111000000
11111111111111111111111111111111000000
11111111111111111111111111111111000000
11111111111111111111111111111111000000
11111111111111111111111111111100110000
11111111111111111111111111111111000000
11111111111111111111111111111111000000
11111111111111111111111111101101100100
11111111111111111111111111011101101000
11111111111111111111111011101111010001
