111111111111111111111100000000
111111111111111111111100000000
111111111111111111111100000000
111111111111111111111100000000
111111111111111111101001010000
111111111111111111111100000000
111111111111111111111100000000
111111111111111111111100000000
111111111111111111111100000000
111111111111111111111100000000
111111111111111111111100000000
111111111111111111111100000000
111111111111111111111100000000
111111111111111111111100000000
111111111111111111111100000000
111111111111111111001100110000
111111111111111111111100000000
111111111111111111111100000000
111111110111111111101100100100
111111111111111111111100000000
111111011111111111111001000010
111111111111111111111100000000
111111111111111111111100000000
111111111101101111111110000100
111111110111101111111101000010
111111111111111111111100000000
111111111111111111111100000000
111111111111111111111100000000
111111111111111010111100010001
111111111111011011111110010000
111111111111111101011100101000
111111111111111111111100000000
111111111111111111111100000000
111111111111111111011001100000
111111111111111111111100000000
111111111111111111111100000000
111111111101111011111100100100
111111111111111111111100000000
111111111111111111100110010000
111111111111111111111100000000
111111111111111111111100000000
111111111111111111111100000000
111111111111111111111100000000
111111111111111111111100000000
111111111111111111111100000000
111111111111111111111100000000
111111111111111111111100000000
111111111111111111111100000000
111111111111111111111100000000
111111111111111111111100000000
111111111111111111111100000000
111111111111010011111110110000
111111111111111111111100000000
111111111111111111111100000000
111111111111111111001100110000
111111111111111111111100000000
111111111111111111111100000000
111111111111111111111100000000
111111111111111111111100000000
111111111111111111111100000000
111111110111111111110110001000
111111111111111111111100000000
111111111111111111111100000000
111111111110110111111100100100
111111111111111111010110100000
111111111111111111111100000000
111111111111111111100110010000
111111111111111111111100000000
111111111111111111111100000000
111111111111111111111100000000
111111111111111111111100000000
111111111111111111111100000000
111111111111111111011001100000
111111111111111111111100000000
111111111101101111111110000100
111111111111111111111100000000
111111111111111111111100000000
111111111111111111111100000000
111111111111111111111100000000
111111111111111111111100000000
111111111111111111111100000000
111111111111111111111100000000
111111111111111111111100000000
111111111111111111111100000000
111111111111111111111100000000
111111111111111111111100000000
111111111111111111111100000000
111111111110011111111110000100
111111111111111111111100000000
111111111111111111111100000000
111111111111111111111100000000
111111111111111111111100000000
111111111111111111111100000000
111111111111111111111100000000
111111111111111111111100000000
111111111111111111111100000000
111111111111111111111100000000
111111111111111111100110010000
111111111111111111111100000000
111111111111111111111100000000
