1111111111111111110011111111111111001100
1111111111111111111111111111111111000000
1111111111111111111111111111111111000000
1111111111111111111111111111111111000000
1111111111111111111111111111111111000000
1111111111111111111111111111100111001001
1111111111111111111111111111111111000000
1111111111111111111111111111111111000000
1111111111111111111111111111111111000000
1111111111111111111111111111111100001100
1111111111111111111111111111111111000000
1111111111111111111111111111111111000000
1111111111111111111111111111111111000000
1111111111111111111111111111111111000000
1111111111111111111111111111111111000000
1111111111111111011111111111101111100100
1111111111111111110111111111111011011000
1111111111111111111111111111111111000000
1111111111111111111111111111111111000000
1111111111111111111111111111111111000000
1111111111111111111111111111001111000011
1111111111111111111111111111111111000000
1111111111111111110111111111111110100100
1111111111111111111111111111111111000000
1111111111111111111111111111111111000000
1111111111111111111111111111111111000000
1111111111111111111111111111111111000000
1111111111111111111111111111111111000000
1111111111111111111111111111111111000000
1111111111111111111111111111111111000000
1111111111111111111111111111111111000000
1111111111111111111111111111111111000000
1111111111111111111111111111111111000000
1111111111111111011111111111111110100001
1111111111111111111111111111111111000000
1111111111111111111111111111111111000000
1111111111111111111111111111111111000000
1111111111111111111111111111111111000000
1111111111111111111111011111111011000110
1111111111111111111111111111111111000000
1111111111111111111111111111111111000000
1111111111111111111111111111111111000000
1111111111111111111111111111111111000000
1111111111111111111111111111111111000000
1111111111111111111111111111111111000000
1111111111111111111111111111111111000000
1111111111111111011111111111101111000110
1111111111111111111111111111111111000000
1111111111111111111111111111111111000000
1111111111111111111111111111100111011000
1111111111111111111111111111111111000000
1111111111111111111111111111111111000000
1111111111111111111111111111111111000000
1111111111111111111111111111111111000000
1111111111111111111111111111111111000000
1111111111111111111111111111111111000000
1111111111111111111111111111111111000000
1111111111111111111111111111111111000000
1111111111111111111111111111111111000000
1111111111101111111111111111111101001001
1111111111111111111111111111111111000000
1111111111111111111111111111111111000000
1111111111111111111111111111111111000000
1111111111111111111111111111111111000000
1111111111111111011111111111111011110000
1111111111111111111111111111111111000000
1111111111111111111111111111111111000000
1111111111111111111111111111111111000000
1111111111111111111111111111111111000000
1111111111111111111111111111111111000000
1111111111111111111111111111111111000000
1111111111111111111111111111111111000000
1111111111111111011110111111111111100001
1111111111111111111111111101111101101000
1111111111111111111111111111111111000000
1111111111111111111111111111111100001100
1111111111111111111111111111111111000000
1111111111111111111111111111111111000000
1111111111111111111111111111111111000000
1111111111111111111111111111111111000000
1111111111111111111111111111111111000000
1111111111111111111111111111111001010010
1111111111111111111111111111111111000000
1111111111111101111011111111111111000110
1111111111111111111111111111111111000000
1111111111111111111111111111111111000000
1111111111111111111111111111111111000000
1111111111111111111111111111111111000000
1111111111111111111111111111111111000000
1111111111111111111111111111111111000000
1111111111111111011111111111101111100100
1111111111111111111111111111111111000000
1111111111111111111111111111111111000000
1111111111111111111111111111111111000000
1111111111111111111111111111111111000000
1111111111111111111111111111111111000000
1111111111111111111111111111111111000000
1111111111111111111111111111111111000000
1111111111111111111111111111111111000000
1111111111111111111111111111111111000000
