1111111111111111111111111111111111111111111111111100000000
1111111111111111111111111111111111111111111111111100000000
1111111111111111111111111111111111111111111111111100000000
1111111111111111111111111110111101111111111111111101000010
1111111111111111111111111111111111111111111111111100000000
1111111111111111111111111111111111111111111111111100000000
1111111111111111111111111111111111111111111111111100000000
1111111111111111111111111111111111111111111111111100000000
1111111111111111111111111111111111111111111111111100000000
1111111111111111111111111111111111111111111111111100000000
1111111111111111111111111111111111111111111111111100000000
1111111111111111111111111111111111111111111111111100000000
1111111111111111111111111111111111111111111111111100000000
1111111111111111111111111111111111111111111111111100000000
1111111111111111111111111111111111111111111111111100000000
1111111111111111111111111111111111111111111111111100000000
1111111111111111111111111111111111111111111111111100000000
1111111111111111111111111111111111111111111111100101100000
1111111111111111111111111111111111111111111111111100000000
1111111111111111111111111101111011111111111111111110000100
1111111111111111111111111111111111111111111111111100000000
1111111111111111111111111111111111111111111111111100000000
1111111111111111111111111111111111111111111111111100000000
1111111111111111111111111101111110111111111111011011100001
1111111111111111111111111111111111111111111111111100000000
1111111111111111111111111111111111111111111111111100000000
1111111111111111111111111111111111111111111110110100100001
1111111111111111111111111111111111111111111111111100000000
1111111111111111111111111111111111111111111111111100000000
1111111111111111111111111111111111111111111111111100000000
1111111111111111111111111111111111111111111111111100000000
1111111111111111111111111111111111111111111111111100000000
1111111111111111111111111111111111111111111111111100000000
1111111111111111111111111111111111111111111111111100000000
1111111111111111111111111111111111111111111111111100000000
1111111111111111111111111111111111111111111111111100000000
1111111111111111111111111111111111111111111111111100000000
1111111111111111111111111111111111111111111111111100000000
1111111111111111111111111111111111111111111111111100000000
1111111111111111111111111111111111111111111111111100000000
1111111111111111111111111111111111111111111111111100000000
1111111111111111111111111111111111111111111111111100000000
1111111111111111111111111111111111111111111111111100000000
1111111111111111111111111111111111111111111111111100000000
1111111111111111111111111111111111111111111111111100000000
1111111111111111111111111111111111111111111111111100000000
1111111111111111111111111111111111111111111111111100000000
1111111111111111111111111111111111111111111111111100000000
1111111111111111111111111111111111111111111111111100000000
1111111111111111111111111111111111111111111111111100000000
1111111111111111111111111111111111111111111111111100000000
1111111111111111111111111111111111111111111111111100000000
1111111111111111111111111111111111111111111111111100000000
1111111111111111111111111111111111111111111111111100000000
1111111111111111111111111111111111111111111111111100000000
1111111111111111111111111111111111111111111111111100000000
1111111111111111111111111111111111111111111111111100000000
1111111111111111111111111111111111111101111111110100100010
1111111111111111111111111111111111111111111111111100000000
1111111111111111111111111111111111111111111111111100000000
1111111111111111111111111111111111111111111111111100000000
1111111111111111111111111111111111111111111111111100000000
1111111111111111111111111111111111111111011110111101000010
1111111111111111111111111111111111111111111111111100000000
1111111111111111111111111111111111111111111111111100000000
1111111111111111111111111111111111111111111111111100000000
1111111111111111111111111111111111111111111111111100000000
1111111111111111111111111111111111111111111111111100000000
1111111111111111111111111111111111111111111111111100000000
1111111111111111111111111111111111111111111111111100000000
1111111111111111111111111111111111111111111111111100000000
1111111111111111111111111111111111111111111111111100000000
1111111111111111111111111111111111111111111111111100000000
1111111111111111111111111111111111111111111111111100000000
1111111111111111111111111111111111111111111111111100000000
1111111111111111111111111111111111111111111111111100000000
1111111111111111111111111111111111111111111111111100000000
1111111111111111111111111111111111111111111111111100000000
1111111111111111111111111111111111111111111111111100000000
1111111111111111111111111111011111111111111111011110000010
1111111111111111111111111111111111111111111111111100000000
1111111111111111111111111111111111111111111111111100000000
1111111111111111111111111111111111111111111111111100000000
1111111111111111111111111111111111111111111111111100000000
1111111111111111111111111111111111111111111111111100000000
1111111111111111111111111111111111111111111111111100000000
1111111111111111111111111111111111111111111111111100000000
1111111111111111111111111111111111111111111101111001001000
1111111111111111111111111111111111111111111001111110000100
1111111111111111111111111111111111111111111111111100000000
1111111111111111111111111111111111111111111111111100000000
1111111111111111111111111111111111111111111111111100000000
1111111111111111111111111111111111111111111111111100000000
1111111111111111111111111111111111111111111111111100000000
1111111111111111111111111111111111111111111111111100000000
1111111111111111111111111111111111111111111111111100000000
1111111111111111111111111111111111111111111111111100000000
1111111111111111111111111110111101111111111111111101000010
1111111111111111111111111111111111111111111111111100000000
1111111111111111111111111111111111111111111111111100000000
