11001101111101100000100000000001001000000111100001110001
10000001000010101001000100010000001000010111001001100000
00000000000000000000100000010110000110000000000000000011
11011111100111001011011001000010100110000001001000101001
00000111001110110000011000001101000111100010111100011110
00000000000000000001001001001100000100000000001000001000
00000000000000000000000001000000100000000100001110001111
00100110000000000010000010100000010000000010000001100000
01001111000101100100000000000010001000001101110110110101
11100001111000111111011110001110100111010001100000100000
00000000000000000000000010000010000010000000000000000001
00000000000000110000010000001000000100000001000010110010
10110000111000011100111100111110011110001110000110000111
00101110111111011111101111111101110110110011110001010100
10000010000000000000100001000000100000000100000010000001
00011110010110001011100011110010011011011110100111110110
01110001101000110000011000011100011100001011001101000000
10000100000100000010000000000000000000000100000010000011
00010100110001111110011100001011100011100001100000110000
11110001110000111000011100001100010100010000000000000000
11000011000011000000100000010000011000011100010010010011
01100000010011000011111111111000001000000100010000000010
00010100010111000011100001100110111000011100001110001111
00000010000011000001100000101000000000001110000110000011
00011000011000000101001010000000100110000000000000100011
00111110101110000111011111000011100001011011111101111100
01111001111100001011000001000000000110000011110000111000
01100000100000000000000000010000001000000100000010000111
00000110000011000011100111110010011001010101000010100010
00001010001001000001000000001000100100010000000001000000
00000000000000000000000000000000100000001010000101000010
00000100000010000101100111110001111000010100000110000110
01100100110100011100011110001110000110000011000011010010
11111000111100111100011100010100001001000010100001010000
00000010000001000000100000110000101000000101011010111001
11111001001100100110000100010000100000010000000100000000
11000001001000110100011000001100100100010001001001001000
00011110010111000011100001100000111000011100001010000100
11011101111101111011111101111111101111101111111011111111
00100000010000001110000111101101000111010011010001110000
00000110000111000011001011100011000011110011100010100000
01110001111000111100011101001111000111100011110001110000
10111011101111000101000011100001110000010000000000000000
11000001011000111100111101011111111111111100111110111111
01110000110000011000001000100100100100010010001001000000
11001111000111100000110000101000010000000000000001100100
00111000110101011100111110011110011111000011000001000010
10001000001000110100010100001000000100000010000000000100
00101110110111111000011101101111111111111111111011111100
00111000111000011000011000011110001111001111100011110001
01111000111100000000000000000000000000000010000000000100
00001111000110000111010111111011111011110100001100100111
10000001000010110100100010000000000000000000000000000000
00000000000010001000100100010000011000011000111110101011
01111110001010101011000001110000100001000011100001010000
11101001111000101001010001111000001100010011001001000001
11101111100001010001110001110000101100011000000100000110
00000100000010001011000110000000000000000110000010000000
01100000000000000000010000000001001000000101000001110000
10101000110000011000001101100100000100010011100001100001
10000011000001100000110010111001111100011000000010010000
00010110001001000001100100100110010000000010000000100000
00001110000111000011100001110000111000011100001110001101
10001100000101000001101000100100100010100000000000000010
00000010000011000001100000110100011110000110100111000011
11110001111000110100001010000101000111000000000000000000
00100100100010010000001000100010010010001000000000010000
00010000000000011000011000001000000000000000000000000000
01111111111111111111111111111101111011111101110111111110
00011110001111001110100101010010000000000001100000000000
11100111110100111100011100000000001000001111110111100111
11010001001000100000000000000000000000000000000000000000
11001111001011111011101001110000111100011110001110001111
00100000100000111000011100001000010000001000000000000001
00110010010001000001100000110011001001001100000100000110
01100010110001110000011000001100000100010100100110110011
00111110111011011110011110001101011100111100111110011111
10000010000011100000100000010000100000001110000001000000
10111111111011111101111001110010111000011100000110000101
01111010111011111001011000001000000100000000111001111100
11110001100000110000011100001100000100010100000010000001
10000000000000010001010001100000010000001000001100000110
10000010000001100111100001111000111000111100010111010011
00001110000111010011101011110000110000110101111110011110
00000001000000100000000001000100000110000111110001111100
01110011111000111111110111111101111111111111111011111110
11110001110000111100011100001110000111000011100001110000
00001001000100101010000000100000110000001001000100000110
00001000000000000001000000010000000000000000000010000011
00001011001101100111100111100101110001010000011000101111
10010010001011000001100000111010011010000011000000000111
11001111001011111101111111111111111111111111111111111111
00011100001110010010001100010101000100000001100001100000
11111101001101000111100111110000011000000100001011011010
00001110100111110111101101111000111100110110011111001111
00001110000011000001100010110001111001011111111111001111
01111001111100010110011000001110000111000001100001100000
11000101000100000001000001000000000000100000000000000000
11101101110100101111111111101111110111100011110001110000
10111001111100111100011110001101000101110011010001110000
