10111111011100111111011111001111000111100011100001110010
00000000000001000000100000010000011000000000011100001100
00000000000000000010001011100001000100000000010000001001
01001101000011011101101111000010011011101111000111000011
11100011110000110000011000101100001110001111000011100011
10011000011100001000011100111110111111111111111101111100
10001110000111000100101000010000011100001101000110000111
01111110111101011111111111011111111101110010101000011100
10111100011100001010001001000011111001100000100000000000
00011110001111011111010011101011010111010011001111100110
10110000011100111100011111001111100110100011100001110010
00000000000000000000000000000000000000000000000000100001
01100001110100111010011101001111001111100001110100110100
00000110000110000111100110101110000010000000000010100111
01000010100000000000000000000001000001100000000000000000
11100001100001110001110000011100101110101100001110001111
00110000010000001000000101000000100000110000011100001010
10000001000000110000010000000010000001000001000010000001
00000000001000000110000011100011001011100100100010010000
01001101101111011111011101001111100111110011111001111100
00001110001110010010001111000010100011110000110000111001
10111111111111111111011111011111101111111111101001111000
00100010010010010001000000101001000001110000001010000101
01111100111100111111011101110011111011111101111110111111
01111111110111101111111111111111001111000111111111111111
00010110000001010011100000110000111000111010001101000110
00000000000010000000000000000000010000000000000000000000
11011111011111101111111111111111100111111111111111101100
01011110111111111111111111101111110111110010110001001000
10111111011110111110111010011000001111001111100011100011
00010110111111101111011111110011111110111100011110011101
11100001110001111000111001111100111110001110000011000011
11000001100000100000001000001100000101000010000001000000
11111111111111110111101111110111111111011111101111011111
00100000000001001000000000110000000000000001000000100001
00111110111101011110101101010111111001111110101110001110
01010110000011000111100011110001111101111110111111111110
00010111000111110101101101110100111100101100010000001001
01111110111111110110111110001111000111100011110001110000
10100000110100100110010010001100000010000011100101100100
00000010000001000000000000010000101000010100000111000011
01111011111001111001110001011010011000001111000011110000
00000010000110000010100000110000011000011100001110000111
01101101111100011100001101001101110100010000111010011101
01111110111111011101110111101011110011110111111100111100
01111100111100010110011111001101100101100011101001110100
10000101100010000011000001100000101000111100000110000111
11111011011111111111111011010010101011111101111100111100
10001111000100000001000000000000000000000000100000110000
00000000000000000000000000000000010000011010011111011111
11110111111111111101111110111111100111100011110001111000
00110010001000010100101000010100111010111101101111100111
00111000101100000000000000000000000000000000000000000000
01111111111111011111111111111111111111111111111110111110
00010000000110000110000001000100100110000101100011111011
11111101111100111110001010000001010011011001100110000011
00000000100001010000100000100000000000000000100000100100
01001000001000110010000000001010000100000000000001000000
00001000000000000000000000000000001000001000000110000111
00011101010111000001100000111000001000001100000000000110
11011111011111110111110011010001000101011011111101111100
11000111000010000111000011000011101000010100111010011100
11000101000100000100100000010000101000011100001110001111
11000101000001000000100000100100011011010100110110111111
01011000001100010110000010001011010111101000011100000100
11111101111100010110011010000010010010011011001101001110
01110110101110000101000001001000100100100010001111001110
11000011000111100001111011111100111100111111011001001000
00000110000011000001001000010000001000000100000011000001
00000110000101011011111011110000111000011000001100000110
00100010110001010000111001111000101000101100010110010011
01011101001100000000001000000000000000010000011000001000
00000110000101000000000000000000100000010100000110010110
11011011101010110000000010000010000010000000110000111001
10001001001000101110001001000000100000100000011001010000
11100001110000111000011000001000001000001100000000000001
00100110010111001111100111110111000011100001110001010000
00001010000100000010100010010000011000101000001000000000
10001011001101001101101001100100111100001101110110101000
01101001101000010000010000000101000100100010110001111100
00000000000000000000100000000001001000010000000000000000
11100101100100011010100000100000110000001100011110001111
10000001000010000000100000010000001000001100000000001100
00001110001111000101000001000001100001000000100000110000
11110000110000111000011000101110000111010011111011111100
00000000100010010011000000000001000000100000000010000011
00011110011111000111101111100111110100111111110110111001
11111101111110111101011100001110000111100011100011110000
10110001011000000000000001000000000000000100000010000001
10000000000000001000001000000011100001010000101000011000
01100010110001111010111111111111110111110111101111111101
00001101010000100000110000010001000010000000000000001001
00010011110011011011101001010101011000111101001111001111
01000001100000100001110001111000111000011100011101001110
01000011000000110000010110000001000100100010110000011000
01111100111100111110011110001111000111111011111111111111
00001100001100100000011000001000000010000000000000000001
01111100110100110000111000011100011110001101000110000111
00111011111111011111011110001110100101110011101101111111
00000010000100000010111010011100001110000111000001000001
