00011100001000000000000000000000000000000000010000001000
00001111000111100000101000010110000001000000100000010000
00011000011100011110011110001011000011000010001000011000
00000110001001100000000000001000100000010101000110100010
00100000000010000010000000000000000000000001001001001100
00010000010011000001000000100000000000000010000001000000
11100001110000111100001111111111000011000101001101100110
01000010000000010011001001000110101010010101000001000000
01100001110000111100011110100111110001110011110001010000
00011000001110000001000000101000010100011010110101111000
10101001001111100100010000000000100000100000000001000000
10000001000000000100000010010010001010001001100100110110
10000011000011000001000000000000000000010000011000001000
11000101001000110001010000100000000000000000000000000011
00010000011001010000000001000010000100010110000011000001
00011110011110011011000101000001110000100000000110000101
10100110010111000001100010100101000000000000000000000000
11000111100000000000000000000000001000000100100100100010
00000001000000100000001000000000000010000000000000000110
00010101110110110001000000110010010011011001101100100100
11100111100010000010001010100100000100000010000001000000
00000000100000011000001010000101100010000110001001000100
00001000000100000011110011111001110101110010011000010000
00000000000000100000010000001000000100000000000000000000
11000001100001101000011101000110001000001000000101000010
10000001000000000000000000000000000100000000101001101000
00000101000100100010000000000000111000110110110010111000
00000000000001000001110001101000011010010110001010001000
00100000010000000000000001000001000000000000001000001000
10000001000000100000110000010000000000000000000000000000
00001000100101101010000001001100010110010010000001000000
00010010001001000100101011010111111111111111010111100110
00000100100010000100000001000000100000110000010101000001
00010000100000010011000011000011010001001000000000000000
01100001100000000100000000000010000001000010000000000000
00100010100011010000000100010000000000000000000000000000
00000000000001000000100000010000110000101000011100011000
00000010000000000000000010000001101000110100011100001000
00100010010011011001111000111001000100110001110000010000
00000100000100000000000000000001001001001001000000010000
01100101110100010000100000010010000001010000001000000000
01000010000000000000100010110001001000000110101110010111
00100000100010011011010001101000010100000011000001000000
01100000111000001000000100000000000001000000000000000000
00000000000000000000000000110000001000000100000110001010
00111101011100000000001000001111100011100000000000010000
00010100000010010001100000110000010000000001010011000100
10000111001010000100000000100000000000000000000000000000
11000000100000110000010000000000000001100010010001010000
10000101000100000000000000001000000000000000000001000000
00000000000101000000100000010001001000000000010000001000
01000010000010000000010000000000000001000100110100010000
00001000000100000010100001010000100000100000000000000000
00010000001000001100000110000101000010000010000001100000
11000000000000100000010000000000000000000010000001000000
00010010111101000100000000000000000000000000000000000011
10001011000111100100010011000001100000111100000010010000
00000010100001000000100000001000001100000011000011001101
11000001100000000000100000100000010000010100001000000000
00000000000001000000100000110000010000000000010010111011
00100000100000000000000000000000000000000000100000011100
00000000000000000000100000111000001011000111100100000000
00100000010000101000010000000000000000000010001000011100
00000011000111000010010000000010001000000000101000110100
11000001100000000000100000110101011010011001000101000010
01000000100000100001010000000010001001001100000000000110
00000000000000001101001111100011110001100001110000100000
00001110000111000010000011000000000010000000010000010000
10101100100110010111010010001100000100100000011100001010
10000001000000000000100100111010010100001110000001000011
00001100000100000000100000100000010000011000011000001100
01110010101111110100010000001000000000000011000000000000
00000010000010000011100001111011110100010100000010100011
10001001001000110000000000000000000000000101101110111010
00000000000000000000010000000100000110000100000000000001
11010000011000001000000000100000010000010000000010000000
00001100000000001000000000000000100000000101101001111000
00100000100000111000010000000010001010000111000001100000
00000000000000000000000000000100000010001001101111101010
00000000000000000000000000100000010000000000000000000000
00000100000010000000000000000000000000000000000000000000
00010000010000000100001000000111000001110000111000011100
10001011001110110010100001110000111000100000001000000100
00000010000011000011000001100000100000000000000010000001
00000000000000000000010000011000001000001100000110000110
00110010110001000010000001000000100100100001000111100110
10000011000000000000100000010001001001000000000000000000
10001111001111100101110000110000001000001100100111000010
00000000000000100000010000000110000100010010001001100000
00000000000000000000100100110010011001001000000100010100
11010000100000010000000100000000000000000000000000000000
00010000011000000100101000111100001100000010010001010000
00011010001101000110001100001100001101100100100000000000
00000100001000000000000000010000010000000111010011100100
01100110110100000011100001110000111000111000010000000000
00000000000000000000000000000000001000000100000000000000
00011000011000001011001001000110100011100001010000111000
00000010000010000001000001010000111000010100000000000000
00000000000000100000001000001110100011100001010010001001
00010010001100000001000001000000001001101100110000110111
