00001110000111010001111100111011011011001011110011110011
10001111000111100011110011101000000000100000000000000000
00001010010011010100000000100001100000100001010011000001
01110001100000010000010000011100001100001111000111100011
00100010110100010010101000010011110011111111111111111111
00010000000000010000011001001110100110000011010000000000
00111000011101111110100110110000011000101100011110001111
00000010000011100000110100111000011110000001100011110000
10000000000000010000000000010000111000111100011100001110
00000000000000001000100101010000000000000000010000010010
00001000000000000000000000000000000000000100100011100011
00000000000011000000010000010000011100001100000000001101
00110010101101100011110000010011101001101100110010010010
11001010100001110000010000100101110110111011000101000001
00000000010000010000001000010000000000001110100110100111
00010000011000101000000010001010000001000011110101011001
01011100111101010000110000001110000111010011111001110100
00000000000100000000000000010000011010001100000110010011
11111101111110111000011001001100000110000011000001100000
00011010011100001111100111100000110000111000011110001111
10101001110000010000000000001000000100000010000000000000
11101110101111010011110011110001110000110000111110111100
10100111010011101011110011111000110100010110001100000010
10000000000000001000100000010000000000000000100110100011
10000000000000000010010011001010100011000001010001111000
00000000000000000000000000001000000100000100001010000001
00000000000001000011100000000000000000000101111011111110
00000010100001110000010000001101000110000011001011000011
01111110111111011111111111111010110011110110111110011110
10100011010010110011110001110100111100011000011010001110
11001111010111000110101100110000001000001110000111001001
00010110000011000000000000000000001000001100000001000010
10000000000000100000000001100001110000010001010010100000
00000100000100000011100011110101110100111011111010101001
10011101001000110000010000001000000110000001000001000000
11000001000000110000100101110111111001111000111110010110
11110011111011100001110011111001110100111000111110110110
11000001110100011000010000001000000000000000000000000000
00111110110011110011110011011000000000000100000100000010
01111000111000011110101110001110000110010111111011111000
11110101111100111110011111001111100111101011100101100000
01111100011100010111000101001011110011101001101001101100
11000101010001111001010000100000000000000000001100000000
00000000000000000000000000010000001000010101001011000011
11100001110000111000011100000110010011100011000100100110
00000000000100010000010000001000000110000000000000000000
00000010000001000000000000000011101111010100011110001110
00011110011111001111100111111111110111111011111100111110
11100001110000100100010110011111001111000111100101110110
10000000000100000110000010000000000000100000000000000000
01100110110101000011100001010000001000001100001110000111
01111011111011111110011110011110001111100011110001101000
00000110000011000011100001100000000000000000000001000000
11111010111010110000110100111110011000001010001001000000
11000001100000110000010000001000100000100000000000000000
10011101000110100111000001000000000000000000000001000100
00001010000011000000100001000000000000000000000000000000
11110001110000011000111000011111000111101011010011010011
01101001101001011110111100011101001101010011110001010010
00011110010001001110100111010011111001011101011110111111
00000110001101000001110001111001100010000010000111000010
01000000100001000000100000000000001000000000000010001001
11000001010000001000001100101110110111010011011101101100
01110111111010111000011101111000011010001111100111000111
01100100010110001000000000010100001111000011100011100001
00111111011110001011100011000011000011000000000000000000
01001111100111010011110011111100111110011001001001000000
00000110001010010011111011111001111100111100111111011110
11101001101000000010001110000000000000000001100001000000
01011111000010000000100000000000001001000011100001000000
00000110000010000011100011100000111000011010001000001010
00000010000000010000010000010000001011111100001100000111
00000000000000000100000010000000000000000000000000000000
01011111101110110010010001101110001100000100000001000100
10110001111000101101010101110110111011110100001010000011
10011011101010110111101110100110010001011011100001110110
11100001000000100000100000110001111001110000111100111101
11110001111100011110111110001111110101110001111000111100
10000000000000000000000000000000000000000110000101100110
10000111000111000011000011010001011000101100001110001110
00010010101000100010101010010010011011001111000101110111
01111001111100111110011110001011110011100001000001000000
00000010000001000000110000001000010000000000000000000000
01011001101000010000001000011000011101001001110001111000
00000010000010010000011000011100101110010101000010000011
00000000000000000000000000000001000101000001100000100000
00000010000001110010111000011100000100000010100001100000
11110101110110111101001111001110110111110011101000111000
11011101010110000000001000000000000000000000000000000000
11111111111100111101011101101111100111111001111111110101
10000010000001000010000000001000011110011011000101000100
01110101110101100110100110010101101111101101110000110100
00010100010110001111100001000000110100001101000101100110
00011101111010111100011100000100000000000100000010000000
11111111111111111011111011110011111101011111101111101111
11011100101111000110000001000000001000101000001000000100
11001011101001110010001000000000000000000000000000000000
11011101011100101110001110000111001111100111000001000000
00001000000000001000000000000110000010000001001001001100
00010010111011111001111000011100000110000010100000010000
