10110101000100010010000010100001110000111010000110001011
10101100101100111110001000000010111011110100011110110011
11010011010110001010001010000011101010110100100100101110
10000100010101010100000110010011000000010000111000101011
00010000001001000011001010010010000000001000100010001111
11000000000001100001010001000011001001110000001000000110
10000000110000100010101011001001001010111100111110001010
10110001000100000010100011001010110001110100110110001001
10111110000000111100100010010010111111001000010100001000
10000100010100111111101000010000000011010010100010000010
00010100101110000000001011101000000000000000011000100110
00111100100100000101100010000000000000111100000010101111
01010100101001110010110010100010100000011000100100001110
00011000110000001000000100100011011000011000101010100111
11100001010000110000000000011010111100011100001110101011
10000110011010110000000110101100110000110010000100100101
11110011101000011111111000011001111000001110000000000100
11100000100010000000001100011010001001101000101100101010
11111001110000111010010010010010100100111010101000001010
01001000111000101010011010000000100000001000110010000110
00101010110010101011000001001000000110000110001100000011
00000100001101011000000000111000000000010100001110101101
10010001111011100000100011011001001010000010110010101100
00011000101100111001001001101011101101000000111100011010
11111000001100000110000001001010000110000110110110001111
00100001011000101100001111110000001000110110000010110001
00100000010000111110000011010010101000010010001010000111
00000000110000000000101000100010101010011110110000011001
10001001101101011110100011100001000001111110000110101011
00111101010011001011000001100011110000111000111010001111
01001100011000100000010010111010111010001110101010000000
01110101101101111001000110010111000001010000101110100101
01111000010001001010011000001000100010000010000110000110
11000011000010000010001100101110001001000010100010001010
01011001000000110110000111100001111001110000000100000000
01010000000000111000000110100100101110000000100010100000
11010000111100100100000011001010011011001000000100001111
01000000110000101101000110000001110000110000111100000110
11000000000000001011010010011000011000111000000010110010
00100000000001000100000010100010010101100100010100010000
11100001101000100001100011111101000010000100001000011001
11111100100000000000001100111000001011011000101110001000
01011111100111110010101001110101011010001000110000101000
00010100000110000011111011000010001000010000001010100010
00000010101111100001101000000000111010010100011000100100
11100001001000000100111010110000110010101001110010100011
01101100011111101011001010001010000010101100111100001000
01000001010000110010000100000110111110011110101100001110
00100001111001111010010110000000011000001010111000000101
01000001000001010000000100110001010100111010101010010000
00110101001100000010000010111100110100101001110010011100
11111101000111000001001001111011110000010010111010101011
01100001010100110001110011111011110001101110010000001101
11011001011100001010000101110110111001111010101000100111
01100001011001001000011111111000000110111010000010010111
00000001110100000100000011100011000010111000011010100101
01100001101001000010110010101001111010101010101010001011
10100000000010111011011000000101001000000110110010001111
01100001110000110010101001100000100011010010010010101100
00100010100111010000001011101010001000010110110010101011
10100100111010001011000111111011110010011010011100000111
01001000101100100100010110000000010000111100001110001111
10010001101000101100001110001000001010000000010100100111
11111001111110111000001110100001010000000010000010101000
01100011101011000010100000100010001000010010011100010010
11111111001011000110100000000000001010000010010000100001
00101111001000100000001000011010110001111010011110111010
11110011011001000100001111010001011000111100011000000000
00000000001000101000011010110010011011101000110110101111
00001011011100010010000000111000001010011010011000101011
00000000100000001010000100111000011001001010111010100111
10011010000011000010110010001000100011100110111000100010
11100000111001000100000011010000011000111100101110000001
10111111110000100110011100100100110010110000100010100100
11011101100111101001100001100000001000101010101010001000
00101000111010000011000010010010011011110100010100001100
11111111010010000111101011110010011000011000011110100010
01110000011100010110011100100011111001010010010100110100
11111010001110101011000001100000000000011010010000100000
10101000000111001111100100010011000010011010101000100000
00000000110011001100111111000111100000101100111100100110
10100000011000001001101100010000011010101011000110000010
10011110111001010010110010001110111000000100110110001011
11110001010000110001110011100000101010101000100110001100
01111110111010000110001000001001110000101110101010001010
10100000101000110110101100001111100011010010101000100001
00010000101011000011100011110000011000111010110010100011
10100001000000011010001000000001000011001000010010101001
01100000111000000000001101000000011010100010100010001011
01100000110110001010000100000001110010001010001010111011
01010001101101010001100011110010000011000000100100001000
01110000001100000110000000010110000111101110000110011001
10111110001110000110000010000011000000100000010110110011
01001010000000000000001011111011010000110100000000101001
10100001011110100000010000010010000001110000111100011110
10011000011011000000100011110110000000010000001000010100
11110001100000100000001110000000011010010110101000000000
01000111010100100000001000010001001000000110001010100011
01111001111000001110010101101001111110011100100010100000
11111000100000000000000001000000100010101100100100000110
