11111011100100111000011000001100000100000011000000100000
01011111000111000111111011110100011000001100000001110001
00000000000000000000000000000000100000011100001110011111
00011100110010111011010000110000000000000000000000000000
00000000000000000000100000000000110100010100000010000001
11111000000110011111111100101110000000000000000000000000
00000010000001010111100011010001101000000000101010000101
00001001100000000001000001100110101000011100000110000111
00100000000100011111000010001101110100100000110001111100
01101110000011011000011100000000000000000000000000000110
11100000100010111100000010000000000000000000000000000000
10001111000111110000101100000100001000000110000111000011
00000000000000000000000000000000010000001100001111000111
10001111001111000000100000011000000000011100000010000011
00001110001111000000000010101000011111101111111111111111
11110001100000111000010001000000101100010011001110000011
00000000000000000000000000000000000000000000000000000000
00001000000011000000100000000000000100000010000100000001
00000100100001010000011000001000000110000111000010001000
00000000000000000100000001000000001100100011110001000000
11111111110111111111101100000000011000000000000000000000
11100111110000111000011000001100000100000010000001110110
00000000000000000000100000011110001110100110011101011111
11110101111011110111111000000000000000000010100001000000
00000000000000000000000000000000000000000000000000110000
00001000101000101000000000001000000100000010010000010000
11100001110000111000011100001110000111100011110001011000
01010001100000010000100000010000111001010100001000000000
10001110000111000101100010000111000000000000000000000000
01100011110000110000011000111111101111010011110000111001
00100000010000101010111000011100011100001100000011010001
01110000111010111100011000000000000000010011001001000000
11000001100000111100010001000001110000100010011001000000
00011000000000001000010110000110000111000111000110011011
11111110111110001101101111110010000001100000000010000000
10010001011000011010001000000000000000000001000000000000
00111001110000111100000000000000000000000000000000000000
00011110010111000001100001100001111000001000000110011111
11000001111100111101001110001110000101000011001000000100
10001000001100010100000000001000000000000000000000000001
11100111110001110000010000011100011100001111000111111011
10000011100001110000100000000000000110000011000001100000
00000000000000000000000000100010011000111100111110011100
10000010000010000000000000001010000111000110001110010000
00000000000000000000000000000000000000001100000011000000
00000111000000000000000000000000000000000000000000000001
11110011110000110100011000001100000110000011000001000000
00100010110000010000100000010000011000001100000110101111
00111110001111010000000100000000010010000001000000000000
00100000000000001000000000000000000000000011000000110000
10000000000000000000011000001100000110000011000001001001
00010001000000100000000000000000000000000100000000000000
00000000000000000001100000000000000000000101000011100111
00000000000000000000000110000000000100110010010000001000
00000110000000000000010000000000000000000100000000000000
00111100010011011101111111010111111111101101110101011111
11110011110011111101111110100010000000000011000000110000
00000110000011000000100010000001100000001100000000000000
00011110101101000010100001000000010000000000000000000000
00000000100000010000000000000000000001000000100000000011
00011100001110000100000010110000010000000000001000000000
10000001000010111000000000000000000000000000000000000000
11111100111011101111111100110101011100111100011110101111
00000011000101001000101111110011001000000100000000000000
00000110100000010000011100001000000110000011000001100000
00100010000001000111100001100010000000000000000000000011
00001110000110000001001100000000000000000011000000000000
00001110000000000011100010010000011000101110011110001111
01010110100010001110100110000001110001111100011111000111
00000000000100000100000000000000001000011000000010000011
00000000001000110110001000000100000001000001100001100000
00000001100000000000000000000000100110001100000010000000
10001110000000001001000011100000111001110100110100000010
00000000000001000110100101000000010001100000101100010010
00011110001011000011100000000000000000000000001110011111
11000000000000010000011011001000010000000000000000000001
11111110111011111111111110111111000111100010100001000000
00110010000011000100000110000000000000000000000000000110
00011110010101110000100000000000000000000100000001000000
11110111111100111100111111101111110111111101111111111111
11111001110010100000000000000000000011000000000000000000
10000000000001000001100000100001000100100011110001111000
00000000001000000100000000001000000100000000001000000100
00111110011111000010011001001001000100001110001110001011
00000000000000000000000000000000000000000000000000000000
00011001000100100010000011000000000100000010000001000001
00000001100000110000010000001000001000000000000000000001
00000010000000000011100001110000000010000001010000000000
00000000000000000000000000000000110100000011100011000000
00000000000000000000000010000010000110010011111101111111
00000000000010000000000000000000001100011000011000000001
11111111111111111001110000111100111100001110000111011011
10101001110001110100011110000000000000100000110001101000
11100011111111111111111111110111111001111100111111111111
00011110000110000001100100111110000111101011111011111100
00010000101001000010001000000000000000000000000000000000
00000000000000000000000000000000000000000000000000000000
10000000000000000000001000010100000000001000001110000101
00000010000110000011100011110000011000001000001110000011
00101110000111000111100000110000000001111100000110000011
