00001110100001001101100001101010111000111100101100000010
00111111101010110001001100101000001010001010000010101010
00111100101100101101101000001010000000000100100000001000
10100001111000100001010010110101010010100010010000101100
01010000111000111110100000101010100100001000001011100010
01101110110010001100001010100010000010100000101000000000
10101001100000100111101011100011110000010000000000000100
11101010001011001010101010001010011000001100101000000000
11101101101000001000001011101000000000000110110100000111
01100000101100010001100010110000011010101000001000000010
00000001101010100110010010110010110000010010011010110010
00100101111011100001001010010100101000011110110110101010
00011000011101101010101100000000000011000100000000101010
00011001011000010000000110010100000100101010001110101110
11000001010010010010010000100111001110100010101000000010
01110001101000000000111111000010101100011110100010000011
00000000101000000111011001010011111010100100100010000101
00100001110110011010000010000011000001100010111000001010
11111101101001010100101001100011100000100000011100001100
11100001001100000111010011100000011010010110000100101110
01111111011000100100010010101111000100111000000010001000
00111110010000111011110011101010001010000000100100111100
00111111101100111001000111100011110000000100011010110100
10011101101110011001000000111000000000101000010010100000
10101011101000010000000101100001010001111110111100101011
10110010111110001110001001000010011000101101100010010010
00000100100000101010010100100100101000010000110010001101
10001101100110100010010000001010100010101000000010000010
00011001001001011011000110101000011010000100000000010101
01110000001010001010101100001100000011110010011000101001
00001110100001000011100000101100010010000000001100000010
00101111100100111000000100100000000010111110110010011110
10110101000010001110000001100101010010111000100010001010
11000001000000100000011010101010101110001010000010100110
01010001111010111110100110000010111001101010100000100001
00000000100000100010011010001000010010111000011000101110
00100000110001100000101010101000110000011100011010000000
01100000001000100000001000001000000010010000000110011000
11100110000000001010000011001001100000100101000100100000
00001100010101111110100001100001001000001000001000100010
00000010100000101010000111111000010010101100000110000100
01100010111000000000100000110010001001001010100110000010
10001111000000011010100100111010110000100010010000000100
10110000000000001000101100001010101001010000111010101000
01000000101000011010110010000111100000001010011010001010
00001110101001000000000110101000011010100110100010101000
00000011100000101011000001000000011100100000101010100000
00000011000000010000100000001010000000000010101000000000
11000000001000111011000001110010011010000100101010000010
11000001000000000010101010011000010000111000110010000010
11110000100010010110001010001010100010100010000000000100
00010010010011000010100011001010111000110110101000110010
00001111111000110011001001111001000000100000011000111100
00000010000001100111100010100001100000010010001010101010
01110000001100001000000001101000001010000110001010010011
10010001101110000110101000001011110111101010010000110011
01100011000010101000000111010101001000011000101010100101
11000101000110010000101010111000000100010011000000101011
11000000100010001000000011111010110010100010001010000010
11010010001111100011101100100001000000001000100110000100
00110110100001110111101110100000110010101100001000000001
00001110001000010000111010001010100001100010011000111010
11100001110010100110001011000000000010010010000010111110
00000000100000101110110000101010100000001010000110101010
00000000001100000010001010000010000100000110000101111110
01001000000000001110100110110000101010101010100000100000
01101001110000001110000110001001100001010100101010001001
00001000000010010010001010011000100010101100101000100000
10100010000110001110100000001010100010101000101000100010
10010100101000100000011000000010001101101010011110001100
01111000110000010001100101100011010011000010000010111100
11000010100001001010100101100001010011010000101100100110
11000001110000111000000010000111010111100101010100001010
01100001001010101010000100001000000001111000011100001101
11001011001000110100001110010000011000000100000100101001
11111100110000001010100011101000100111001010100010100000
11010001000100010010001010101010011110100011000000101111
11111011000001011000100011000010101000011000101000000010
01001001100000011110001001110010111010110010000100110010
10101001000011100011100011111011001110000110100010001010
01100010100000101101001100111010111010111010000010101111
01000111000010110010001000101001111000000010001100000011
11011101011010010000001010001100110010000100111010001100
00111100001000110000010010001100110010110100000000011010
00000000000010101110100010010000101000110010101110000010
11001001110011000000100000000001000001110011111010101000
01100000101100001011000000111000110111100011101010000010
11011000111101110010100011100011001101111100110100010111
00000110001010011100110011110010100000011000110000001010
10000101100000100010101000101010100110000110001010000000
00100000001000000100111110010000100000010000000010000001
10001000010010000000011010000000100000010000011000110000
01100001100000001000001011101000000010101000000000001010
10001100100101111001101001011010100000011100101010101101
11100000001010001101101110110100011000001000001000100000
11000011101101000000100000000010001000101011111011010000
10010010101111001000001010000011111000001110000010010100
10000000000000000010100001101010101000001010111000000000
11111101000000100110000110111011001000100000000010001010
01101010100000111000100010010000111001100010000010110000
