10000010000000000000000000100000100010100001100000000000
00000000000000000000000000000000000000000000000000000000
10000011000001000000000000000000000000000000000001000001
00000000000000000001000000010000001000000100000000000000
00000000000001000111000000000000000000000000000000000000
00000000000000000000000000000000000000000000000000000000
00000000000000000000000000000000000000000000000000000000
00000000000000000000000000000100000001000000000000000000
00000000000000000000000000000000111000001000000000000000
00000000000000001100000110000000000000000000000000000000
00000000000000000000000000000000000000000000000000000000
00000000000000000000000000000000000000000000000000000000
00000000110000011000110000000000000000010000100000000000
00000010000010000001001000000000000000000000000000010000
00000000000000000000000000000000010000001100000100000000
00000000000000000000000000000000000100000000100000000000
00000000000000000000000000000000000000000000000000000000
00000000000000000000000000000000000000000000000000000000
00000000000000010000100000000000000000000000000000000000
00000000000000000000000000000000000000010000000100000000
00000000000000000000000000000000000000000000010000010000
00000000000000110000100000001000000100000010000000000000
10000000100000000000000000000000000100000010001010000000
00000000000000000000000000000000000000000000000000000000
00000000000000000000000000000000000000000000000000000000
00000000000000000000000000000000111000001000000000000000
00011000000000000000000000100000100100000000000000001000
00000000000000000000000000000000000000000000000000000000
00000000000000000000000000000000001100000000000000000000
00000110000001000000000000000000000000000000000000000100
00000000000000000000000000000000000000000000000000000000
00000000000000000000000000000000000000000000000000000000
00000000000000000000000000000000011100001000000000000000
00000000000000000000000000000110000000000000000000000000
00000000000000000000000000001100000000000000000000000000
00000000000000000000000000000000000000001000000010000000
00000000000000000000000000000000000000000000000000000000
00000000000000000000000000001000000000001000000000000000
00000000000000000000000000000000000000001010000110000000
00000000000000000000000000000000011000010100000000000000
00000000000000000001000000100000000000000000000000000000
00000100000000000001100000000000000000000000000000000100
00000010000000000000000000000000000000000000000000100000
00000000000000000000000000000000001100000000000000000000
00000000000000000000000000000000000000000000001100000110
00000000000000000001000000010000000000000000000000000000
10000011000001000000000000000000000000000000000000101000
00001000001110000000000000000000000000000000000000000000
00000000000000000000000000000000000000000000000000000000
00000000000000000000000000000000000000000000000000000000
00000000000000000000000000000000000100001110000110000000
00000000000000000000000000000000000000000000001000001110
00000000000000000000000000000000000000000000000000000000
00000000000000000000000000000000000001000000010000000000
00110000011000000000000000000000000000000000000000000000
10000000000000000000000000000001000001110000000001000000
00000000000000000100000001000000000000000000000000000000
00000000000000000000000000000000000000000000000000000000
00000000000000000000000000000000000000000000000000000000
00000000000000001000001110000000000000000000000000000000
10000010000000000000000000000000000000000000000000100001
00000100000000000000000000000000000000000000000001000110
00000000000000000000000000001000000010000000000000000000
00000000000000000000000000110000011000000000000000000000
00000000000000000000000000000000000000000000000000000000
00000000000000000000000000000000000000000000000000000000
00000000000000000000000000000000000000000000000000000000
00000000000000000000000000000000000001000000100000000000
00000000000000000100000100000000000000000000000000000000
00001000000010000000000000000000000000000000000000000000
00000110000000000000000000000000000000000000000000000011
00000000000000000000000000000000000000100000000000010000
00000001000000000000100000000000000000000000000000000000
00000000000100000100000000000000000011000000000000000000
10000001000000000000000000000000000000000000000000000000
00000000000000000000000000000000000000000000000000000000
00000000000000000000000000000000000000000000000000000000
10000010000000000100000110001000000000000000000011000000
00000000000000000000000000001000001000011000001100000000
00000000000000000000000001001001001010000100000000000000
00000001001100100000000000000000000000000010001110000000
00000000000000000000000000000000000000000000000000000000
00000000000000000100001000000000100000110000001000000000
00000000000000000000000000000000000000000000000000000000
00000000000000000000000000000000000000000000000000000000
00000000000000000000110000000000000000000000000000000000
01000001100000010000000000000000000000000000000000000000
00000000000000000000000000000000000000000000000000000000
00000001100000110000000000000000000000000000000000000000
10000000001100000001000000010000100000100000000001000000
10000010000000000000000000000000000000000000000000010001
00000010000000000000011000000000000000000000000000000100
00000000000000000000000000000000000000000000000000000000
00000000000000000000000000000000000000000000000000000000
00000000000000010000110000010000000000000000000000000000
00000000000000000000000000001100000011000001100000000000
00000000000000001000001000000000000001000001000000000000
00001000000000000000000000000000000000000000000100000000
10000110000000000000000000000000000000000000000001000011
00000000000000000000000000000000000000000000000000000000
